0.504032258064516	0.661290322580645	
0.529661016949153	0.661016949152543	
0.504032258064415	0.629032258064591	
0.512295081967213	0.622950819672131	
0.529661016949153	0.661016949152543	
0.466417910447761	0.641791044776119	
0.710227272727272	0.636363636363636	
0.694444444444444	0.644444444444444	
0.694444444444446	0.666666666666666	
0.710227272727272	0.636363636363636	
0.726744186046513	0.651162790697676	
0.488281250000000	0.656250000000000	
0.440140845070423	0.605633802816901	
0.488281250000000	0.656250000000000	
0.637755102040817	0.632653061224489	
0.664893617021278	0.659574468085106	
0.624999999999999	0.660000000000002	
0.496031746031746	0.682539682539682	
0.637755102040814	0.653061224489794	
0.488281250000000	0.687500000000000	
0.529661016949151	0.661016949152543	
0.520833333333333	0.683333333333331	
0.558035714285714	0.642857142857143	
0.568181818181817	0.654545454545453	
0.520833333333333	0.666666666666667	
0.801282051282048	0.666666666666671	
0.801282051282048	0.641025641025648		
0.822368421052636	0.657894736842106	
0.781249999999999	0.624999999999997		
0.762195121951221	0.658536585365858		
0.600961538461543	0.634615384615388	
0.612745098039219	0.666666666666667	
0.612745098039219	0.666666666666667	
0.589622641509430	0.679245283018864	
0.612745098039214	0.647058823529408	
0.488281250000718	0.671874999999519	
0.512295081967214	0.655737704918034	
0.578703703703706	0.666666666666661	
0.651041666666666	0.666666666666667	
0.637755102040817	0.653061224489797	
0.600961538461538	0.653846153846158	
0.651041666666666	0.645833333333326	
0.624999999999997	0.660000000000004	
0.637755102040817	0.653061224489797	
0.376506024096385	0.632226080733601	
0.363372093023256	0.674418604651162	
0.400641025641024	0.692307692307693	
0.434027777777783	0.666666666666663		
0.612745098039225	0.666666666666673	
