File type = "ooTextFile"
Object class = "Intensity 2"

0
141.7752380952381
4423
0.032
0.13561904761905375
1
1
1
1
1
40.05422489150716
43.81892003084174
43.32896746548836
41.62790839149247
42.9457972991098
42.79655203118155
41.16475648411733
41.46983028227437
50.4746524619278
57.02496571289717
58.86515637376427
56.124122687698105
48.92456521638519
44.002402457557245
47.344795780961626
47.66078216915278
51.90409985461586
57.87088166294018
59.743763703013684
58.25990723025218
55.344917441909054
53.54521584518026
54.21877172677303
55.61683488807954
57.7891311238198
61.449281111654564
63.84455578894912
63.863312088934265
62.16902688126357
60.31826783004651
57.72322707214782
52.40068012164447
44.58447540796266
37.82439363321202
32.35095758453256
29.1956987164739
28.447025793449768
27.95491479851293
27.82024507986892
28.298672565642704
28.54412254932869
28.48249403245619
28.51675152985417
28.873881208103313
29.222790396063182
29.80511787151649
30.01955765296678
29.40457594164117
28.89311765648703
32.729073177826535
43.824743720307644
52.0255296381513
56.81810150685693
59.315544032793156
60.77661290748389
61.00589679996503
58.69253058510726
52.74716967932815
43.008084273565316
37.88127656128025
38.63544677137818
40.16017646033421
41.56368053352889
41.403583682397915
39.63884938553172
38.49130023304847
38.638856234913796
38.3467018114622
36.57328823410582
33.75233425092937
31.84164577866797
31.080066822423355
30.704577137813096
31.532814135583926
32.067653586760116
31.59210486240784
30.978487856769654
31.242084752295405
32.06822418746546
32.462980357380914
32.22233571399898
32.27760684918762
37.9302564732699
46.251382959731224
49.81756378883667
48.68170722877389
43.591630708100894
37.11893523538197
33.1876711955266
31.754774453206586
31.69221978167075
32.048511207382035
31.935103733674424
31.312605695824228
30.952029524125848
30.786972548336777
30.762845931513215
30.716963503749607
30.395867789166353
30.67920465226478
31.143111439330056
31.61412213558462
35.041560690953595
38.82131672998717
39.04276193243828
35.39331213689445
31.243673292346003
30.834359262136818
31.355012383377833
31.72313669995816
31.657699866646357
31.3739140092942
31.59433823498341
31.9466209463099
31.691890660307763
31.765959412454976
31.74850618060797
31.163262736414282
31.12728868149143
31.68464314747925
32.06887648376804
32.71175312486362
32.993465592304126
33.22729742142526
37.64481645098363
43.43178019654067
47.29932064961297
49.16490954989422
48.177686998836506
43.69334772196302
38.30291163344181
37.31405603804706
41.96988189194673
48.212573923543005
51.72777962476836
53.08479092139542
52.90765787333059
50.61656839454905
46.009466085037374
45.824613813220225
48.80682163022783
49.94846055517438
50.610413307271585
50.6287981189317
49.509061178867285
46.96582924020885
46.47206497340191
52.54065182616575
55.71542818641121
54.561845464299346
49.29603211140201
41.471234334962446
35.93823999128591
34.15758430910078
34.02580694175134
34.14239420209348
34.14528000136897
34.585869929550675
34.575929537507555
33.8247172462356
33.219776777520885
33.39553958845552
34.81661586580822
35.09348512240161
32.7840633532446
30.77577274666279
33.58787775787497
53.714876848430734
67.6827434050513
75.77314535008526
79.68805481679274
80.57149392722877
79.32279983405753
76.21008863385245
70.49680278796818
63.147437508033576
64.42331790557287
65.2092494519133
63.12375506737542
59.32274147214207
53.76352365677781
51.986585482847794
57.797207816686374
61.336723925766144
61.81894877014909
60.293835047436595
57.81967087508855
52.92483007644759
43.8059344256249
48.799924703016515
63.633771470058505
73.42614756013695
78.76654907492716
80.43352645399568
79.48117052291703
77.97673746826304
77.08415430592383
76.19344859510399
74.77711959836292
71.78312866291108
66.79547165112146
63.5904065447464
62.992720812444
63.313854015188454
62.71683247218842
60.32853564362469
62.21790364552618
66.69369259184325
67.0147572270592
62.83286013205375
67.08951683404305
73.76817289485337
76.4809971384678
76.3409852036695
74.58623088562945
72.25122749139743
70.7972277817086
70.71123209791794
69.73197201923232
68.23859778937043
66.93905390213577
64.33898064577593
59.51991733625814
53.28667335671188
47.56097706741577
56.4063909558677
69.03557118586585
75.7008843979366
77.90720844910348
77.14741937119796
75.43786627647481
72.72936456156798
67.23074268944185
59.47508271217614
54.8571495026126
57.21722221213979
66.45991978145973
71.6857443115927
73.11194014228066
72.25903972045973
70.77451964862318
68.62445902614134
65.59114845759181
61.90885017501854
56.88733067895279
49.440805399442034
39.465640141131786
34.027380205681816
35.19610661654618
35.878548812159806
35.80204058842965
35.149295776055325
42.21016186077293
51.49552294882938
55.158505474104594
54.553138543926764
62.81814562344479
71.89249891385464
77.02983521241067
79.05296457512434
78.6660469366257
76.06171432209158
70.50380499105094
62.56100001379859
61.34060531935603
61.38546123277919
60.261627714019575
57.49216068729397
52.314520403275075
49.15203541661327
54.837228135163144
58.764784465294014
59.723720147591244
58.604708639533236
56.25937691541096
51.73252362569006
43.377115718888916
38.13807174154558
50.81831459201037
64.9112281598098
72.87011089506126
76.17781359259946
76.38545525483687
75.64803006742511
74.65666362731265
73.02441750496607
71.07160653868968
68.6662633578365
64.83269167837648
59.82016030373294
56.83282992732191
56.74438561492428
56.28671427388188
54.22579672421244
56.53964390648687
62.05465986720029
63.45841927350142
60.02881933880833
62.391417182384316
70.08191471750965
73.60778191218559
73.89179150370292
72.34246909021158
70.25509706643261
67.65924095746989
66.08863658672759
66.77269794776831
66.94306214303903
65.58913800085507
61.3232932019531
53.444254134292905
45.36779472500719
54.390233285489614
65.14143657609688
70.42294705976745
71.65410190846109
70.61939124012541
68.59148018749924
64.38143433753413
57.42541319680596
52.06202709053869
52.24143004550253
61.62171717479297
67.52893670922542
69.53883229383231
68.92146385955431
66.72730652998197
63.998631954063576
61.52541161804823
58.12347349222212
52.45858614342312
43.82029025614105
35.4391940381377
35.93711764947852
37.832020324942725
38.806141862092844
38.88736528311584
38.58969865436341
37.360675838866435
35.17176177845324
32.95792855929088
31.646087853449878
31.715850595531467
43.550171692999875
58.316134286615586
67.40093705415703
72.43010651794907
74.76537827239534
75.1942001119628
73.64597872524237
69.70516601872913
63.43562741527102
59.95460579416579
60.34512747600029
59.40826615642241
57.19481890186537
52.88897113994207
47.72122970775318
51.090115170765
57.08529538941076
59.71401372820878
59.07369386508102
56.59109193472165
53.947356266202135
48.872733603786386
43.84337099947295
45.449068544653706
43.37339859317821
45.226289325404736
61.132101897799494
70.42686477193043
74.60634565386977
74.81176814734026
72.71771759629077
71.39561377253224
71.0498849412721
69.91465982135742
67.73019902688529
63.88342404010153
58.4003889267937
54.261253737441145
53.399517871967525
53.75535457549554
53.130942697410035
56.075079911885325
60.7579159542034
61.34807897899946
57.06214341324868
58.953794400829736
67.54381728460481
71.95423836641015
73.13485964308543
72.07905486271933
69.85514718307958
67.53185330965437
65.96969649199649
65.03519952608511
64.00148711672145
63.31275298792797
60.79474614316544
55.138325740330714
49.75471549371656
51.225617397415206
63.624466932601884
71.10008000290131
73.72103121607266
72.77519955274923
70.25049719257814
66.5885203816325
59.919178797308525
50.918648272289985
47.928180190615464
57.78550831994018
65.19697379935464
68.39650521580285
68.34474667208706
66.20579474484327
63.94190584916263
62.31014266797604
59.583391903827405
54.763430906542744
47.23160992028511
39.50780302866018
37.098369434845196
36.760849672421415
35.758713423862545
35.68674445308867
35.844606258453176
36.42860830613098
36.863201852591146
36.079748506815584
35.18331194462414
34.69899345277156
35.23562514276214
48.8131062979539
62.345419643338985
70.69395930224678
75.20422945528607
76.96722903115916
76.67040388609654
74.36765128516736
69.49569646970294
62.74359350294549
61.15951444304461
59.884944627451645
57.074836077456126
53.37316343985513
48.47882911597121
51.450984953836205
57.438427075282846
60.14769799648442
59.9888065603055
57.85796745995496
54.07852101521942
47.829473461555196
45.99920404843759
47.401792469678796
47.64331806983145
61.311195585595215
70.08279652562074
73.78269815868696
73.78319248723338
71.99979401962807
70.55687873048733
69.62411458756046
68.36449735862115
66.38196863024463
62.96427879576093
58.35667389193941
56.0104259871407
56.79713071071495
56.447825617624474
53.918645403213375
54.425768638396846
57.49513472944835
56.76266903251889
53.86934272870951
62.39300660976067
68.86811380935158
71.55945822455804
71.64993837977389
70.40059084277556
68.75049731547571
66.98208304994449
65.52560594217707
63.95634935456731
62.59731517050347
62.68041405737249
60.81719980446348
55.40717673363624
46.84688771690632
43.216764151773745
59.51138435104147
69.28993627096844
73.74824393912019
74.18582116691096
71.9241503988201
68.24083027197955
62.73184478307007
56.29886748695156
53.25393087888985
58.77185209021949
66.25695892664642
69.47034177754229
68.86926031518864
65.41160392044148
62.05789222136369
60.64473858659394
57.79441788494077
51.61199204437231
41.89859519234357
33.777245706390495
33.89993453004122
36.70913550940544
38.0126435870601
38.21852609433301
38.19319863794025
38.00904561792303
37.35934156180752
36.47871310193372
35.32950623009529
34.334820600175384
33.82624484943768
33.308562805716264
32.45814148673526
32.72800853020802
45.361425560760786
59.499679271164055
68.24676675337558
72.9387349420135
74.77540024639359
74.58220763537398
72.30591380398155
67.2808664491921
61.80150198995187
60.02469541002813
56.20217159373638
51.8157010672156
48.651045083610704
46.94612209677373
54.147341786731786
59.478427093560796
60.82815783516219
58.809563375688754
55.086755642878565
50.31091630151462
42.12388094490972
44.60337781778052
60.07898364683366
69.05529932051559
73.19402884373827
74.0291368435496
73.35902858708111
72.4751787424991
71.64213937010204
70.26343923468662
67.69686628674462
63.4108101603705
58.42767179625017
56.455465275294785
55.39391283787472
53.39746203289786
52.76184040369688
58.61333544142397
63.25614906530628
63.42844209499677
59.205961112453245
62.17564773019447
69.00501523677667
71.82172202590066
71.82688271447097
70.5411248942911
69.1797431872968
67.60799346057732
65.593546876232
63.75224302065196
63.32889480747761
62.40207135235199
57.94507414289186
49.27281284120228
40.67496764836547
53.11500478867262
63.099141338924696
67.99961692270101
69.50645496226886
69.34814576158667
67.73852644847854
63.489493983978555
56.620282331573684
51.07719276055711
53.743567193440036
61.66668522129659
65.66669551935101
66.28192023507195
65.009664071242
63.416539629185976
62.11113307676086
60.25763078200935
56.66290014670126
50.29709900644115
41.586246118516186
36.46662785640261
34.470720041527855
34.37630113503229
35.61463864787453
37.03041207761285
37.70310532859734
38.22262297563357
37.90457280485031
36.12995824073003
33.85065585603148
32.16234270536903
31.83201922699318
32.23438432794341
40.22250380247107
56.54629252873547
66.57527194054215
71.78839573363729
73.6711657007183
73.9335345605318
73.16227477304915
70.12604384777332
64.39528093611251
62.013405588186245
61.38018987542462
57.98552459092157
53.283007184971545
48.305705845022416
52.59900659592863
58.90747744990145
61.090085725296134
59.588887098546664
55.374295682163336
49.18331363603908
40.42218710845708
40.413040404483986
55.65504233966465
65.92565782913474
71.18675488751174
72.60949764666275
71.64326472277575
70.16303740751692
68.86965734051324
66.97834655125725
63.658648091635975
59.310427802331
56.61420510736739
56.0356545395189
54.95336298076583
53.583326632786466
57.319722384354684
60.36744412905149
58.86296905885133
54.69925077462938
62.533054546779105
68.31390135446826
70.28305582021795
69.72841031090239
68.01203830201325
66.07446993779735
64.50853343560722
63.78879556627027
62.88077214360915
62.46955970581945
61.488066239697716
56.97057106128771
47.90147257966635
38.73124242349404
48.81869350512109
60.52347999172401
66.73823232179285
68.75330163454534
67.79350858959022
65.08173454270376
60.432351952996626
53.411376728182304
48.28763196322917
55.26742947622263
63.038201694413125
66.34744530550401
66.08849098326678
63.45180010792775
60.345879204874755
57.9146419382188
53.8861910370444
46.08040892990992
35.454511366714215
33.129520855985724
34.802673388801104
36.622339452657506
37.8224912717839
37.75670050663388
36.730977906445325
35.2954775335424
33.579926980754706
34.34809320047597
52.49356378267855
66.28064061010481
74.46331426738892
78.51950622672577
79.39250727922024
77.69804201377049
73.46012698962839
66.39619873359055
61.20795321750849
60.07127746658444
57.738761865007255
54.0947196630126
56.49148994829372
62.82772231872941
65.581519268214
64.57679621798403
60.0298210636857
52.599217841667134
43.836408208738476
52.641506512530256
64.75400403098233
71.28478526455427
73.68674971342085
73.44249738834188
72.68794926984747
71.96801921896476
69.80012458592216
67.01027048932146
66.50130732515335
64.72979048057506
62.3585435000519
65.01371936823881
65.21545500231211
62.79550269393983
68.11766312187285
71.98158320601512
72.44682237802512
71.19271525361017
69.9552459890245
70.26316894419199
70.69616665687765
68.65416696843313
62.69019215295576
51.9127702187868
55.859568884883345
66.03678651099214
70.87543992247012
71.69907108582233
70.13803052334784
67.77234107568249
63.57354898734232
56.10006065920389
50.3938012471217
58.717711151005574
64.33925560269124
66.15133902599298
65.25665504196907
62.6128335797314
58.766742793986104
53.76879880073159
47.34885156462503
39.20959241863738
32.462739537499075
31.14513256200216
46.86422032687487
62.1087870381573
70.73737821767669
74.68540255093939
75.0022760283527
72.51090356306523
67.63317147664596
61.11397375236898
58.55919244372335
57.46367210259366
54.40730495713193
49.578324233621075
54.30235776556643
59.37034947809252
60.636613247944794
58.84514691716472
54.68653962089165
48.173515626087394
42.719903354663806
57.36122660609611
67.77734099854317
73.41818332999539
75.75240141752231
76.10442352074037
75.39701423410344
73.45711559333122
70.09702539737747
67.83762819888266
65.76360132971084
62.71503576529056
63.93716922581761
64.4701269124894
60.95184245156514
64.2372883493852
71.2324687265033
74.18817114269358
74.48010221662533
73.62954330701378
72.59174033544602
72.51339425735202
72.5028616149566
70.2402959566013
64.27945120531517
53.74954880778958
52.98378730742223
65.72760419983143
72.52617909738886
74.94220246205057
74.50678045888004
72.69798354872121
69.00232162192943
61.84383151564373
52.673150818984276
58.886915413044996
65.68653336317362
68.24110323655287
67.64019798001107
64.9995991273975
61.448414915611195
57.200418781260645
50.669151906384904
40.77519103003805
33.31098411269279
48.15506510630979
61.80962172947161
69.68014482017058
73.2065087841597
73.10451597128446
69.7085689552643
63.030693940547934
56.13269180542984
56.63923814203672
57.005933965550454
54.62680218581687
53.653402168046554
57.85537339357375
59.33109055664453
57.56235365165132
53.84266450893317
48.77437835378806
49.427487845115195
63.70039852385892
72.2767601734009
76.52351481187081
77.92713841169413
77.81116562089747
76.60113972708831
74.55504952062995
72.63899990525032
71.03880118162537
67.8855309334873
63.5970220513024
63.566637924524805
62.382509644386126
63.11726412015865
70.44159708417085
73.96510578377901
74.21722183054709
73.12064745629138
72.42924982952832
72.76783504988697
73.54978655662174
72.4431648310005
67.86175146096356
59.03488031125769
60.27495948443858
69.85680751747927
74.38210680670392
75.25952026670699
73.68418787998935
69.71707895134864
62.56653683551241
55.943087504666394
63.05414127455478
68.05866020298916
69.23393023749262
68.09347802781119
66.14172563896463
63.30142926756318
58.71225001162743
51.94722075477699
55.47740247847418
65.57726500205601
70.82467528186288
72.59826435973073
71.98014614593848
68.98907883409825
62.83095142792846
55.45185955495808
56.06796500477449
55.81592059636385
52.27250122890118
47.989851528595494
52.85318688716278
57.01013651447437
57.91276126808207
56.146549948561066
52.066523680500566
44.603150372952136
48.240982335693246
62.202736229610466
70.25220537839543
74.22099533333524
75.78458923298788
76.05874578330625
75.17739463104486
73.12562173157227
70.71898418522225
68.4282332637237
64.33059113046933
62.14361074484104
65.03495343621884
64.2769951047359
62.87194943220961
68.49736621607777
71.52464489461808
71.90673761362658
71.58435410113377
71.81177049855045
72.78580395977997
72.98473745604231
70.27827180251029
63.372992694807486
56.17337181876735
67.10064242995409
73.87406336056506
76.28447081014214
75.53734903423074
72.86412005424137
68.11557103184279
60.27483881887868
53.15996765762244
61.44274185054448
67.93836313535859
70.27033619585849
69.54958517410479
66.76623060308118
61.95057692780278
54.02767001731018
42.74548419499864
38.40336274212814
38.101494319413774
37.61827487943276
37.89081258124477
38.15655761105294
37.54098175064688
36.75274031464497
35.84692191814398
34.723090610111804
33.46559381617218
32.120924164479455
31.36006916768284
36.714652778023
52.86702579221749
63.61863253145004
69.3917573880299
71.35397819838936
70.46418500998716
67.22710609568959
61.52167847267059
57.378098477080776
57.100707290654825
55.14597371805981
52.09285429753102
48.014504817102946
46.305883667381345
51.716773217541274
55.45722303980127
56.25452798372119
54.179936273019706
49.71973039881222
43.35909587325111
35.74840391996887
42.1343139538886
56.66183172521801
65.34393531556768
69.48274839327436
70.53148316707602
70.17231543673616
69.65703724329191
69.0289943711853
67.29832470374548
63.39103121262955
59.28282443148657
59.16057432368117
58.23117950847475
55.221959990010454
56.26882358249608
60.16556324535526
60.041175577077546
58.21999153198493
63.559493289611446
66.98915718999224
67.7308625321419
67.85771224751878
69.00042338738862
70.5963593094724
71.0482351031697
69.00287618443726
63.37454044234508
53.118359589704696
42.01405690675897
57.17398937033241
67.11575651641806
71.78740936164631
72.58459260535926
70.79778616705002
67.27804488978208
61.43332794000254
53.46672502967115
48.49103564393622
55.598730884220956
64.24788213835656
68.20179174262387
68.2901819757739
65.51428273374323
61.08679612521221
56.1259209230381
50.72467905028304
44.03564887178832
37.88142359168453
34.04752337999193
32.786938305079
33.47682293559183
34.52498373047764
35.36569723308957
35.908885559889285
35.73541531847723
34.84476451388176
34.12349008359278
33.41898143973132
32.343188420505264
31.834687806442446
34.952390144491225
49.230084019144876
60.94375396167539
67.91159727703432
71.06879012133453
71.60589521589662
70.31157487631964
66.59956227990462
60.637808334452316
58.52361848805743
57.26816282226034
54.66695654204337
51.24988483477097
46.603062737135375
49.369602927700086
55.92089516495542
58.782668738320545
58.39872514737894
55.67909953504029
50.80408345721147
42.93222942306795
34.58865651723042
46.15769684947704
58.95051416581993
66.59320397988836
70.03318669343379
70.4441874221694
69.28237973638795
68.2258564824727
67.68001246257146
66.49321422272327
63.374898609255766
57.5946649404213
49.482267848042696
41.77020490478469
46.740076632366545
51.50205088198686
55.043452932834654
60.35614663666603
62.757126425159484
60.4313496024095
57.845374235168975
64.9361470594595
68.80095980151128
69.49093461363074
68.6732960021955
67.2023460018208
65.51685714149434
64.40357513922938
62.2418481913525
57.1508742184169
50.71834260078563
47.99803715393849
45.181445527086545
40.860208563904806
41.161225165172304
58.1126122339937
68.76021843460174
74.16065506286132
75.49839551367018
73.77958795199375
70.07990171073699
64.68830952506286
58.006845960597516
53.994065409977736
53.451095940689996
60.51127758985543
64.61208570751377
64.19676895355121
60.27073408581814
55.07774656501
50.62793882634101
46.9388601398815
41.42120923301629
35.07716900532888
33.05440554428247
34.62814094923328
36.317478520864086
37.00825560054263
37.07907585659376
36.989175787607856
36.436410134493315
35.691463540659555
35.25857447583806
35.19211587863336
35.24748739914562
37.747496505767984
40.273969620995445
39.56279569399709
37.06092741215999
35.47747297639229
34.54330077456796
34.026493985824345
33.86268206802915
33.345848700131064
32.34015164882879
31.335992043741673
31.05158587501215
31.149902672933724
34.25541692260748
50.82665914761947
62.674465736852866
69.21315344400082
71.56454743119438
70.60611579753407
67.27456963771091
62.06937507966615
56.7107040626411
56.85451233553907
56.28261356215954
53.823746933948186
49.98676579845246
44.71988353333505
46.78401148975582
55.34815614333464
59.76656482999651
60.314677675238826
57.77673068721147
53.136198411236194
46.65291976384634
37.65499610661878
39.140093320269926
54.5146140480543
64.42182040695299
69.29662428356552
70.30140581711143
69.10218522074753
68.05650840236864
67.46262493195273
66.82316933987018
66.00935007734223
63.59665478360883
58.55428069700679
53.41962356649044
52.37752623623881
52.161206771730726
51.18814644722862
53.88810030138848
57.17107337370321
56.25942174765038
52.907293486852154
61.9356849651797
68.50499321983388
71.14874611241024
71.35634814269545
70.57084432465085
69.40374421897386
67.44141281970036
64.16780426735626
60.2184906303321
58.19570806385238
59.14452020367665
59.97177330525627
58.74008553003492
54.38477857980578
46.981715191160944
44.398987356247666
60.16364602296939
69.44585466434954
73.56722872628731
73.74179035571683
71.28006516554135
67.66962714807677
62.85153462552294
57.75683000055233
55.238670063975235
55.2663857979715
63.04203639410599
68.1084591610809
69.53181566779323
69.10325337808277
67.63038962848474
63.89739228884582
57.861293992913794
51.814992062748075
45.97356738556654
41.21196681846917
39.63670867543409
36.85815799103444
33.50904189139723
31.60109864946314
30.813012832824725
31.218497588281192
33.45903166624959
35.69464905032228
37.53346404913966
38.623526767982675
38.48199479180813
38.010933138649705
37.565978854384106
36.95957038316474
36.50233970652094
36.1299775254598
35.6312501469226
34.68420489738914
33.50661795527423
32.340003441111364
31.85500489180065
32.58722615938115
48.72557193862327
62.459719537054596
70.59057776820352
74.74030081627072
75.97829147146105
74.92142333294272
71.61447905249112
65.83069451605633
61.18260875036826
60.39667928675817
56.84141582399128
51.96424679786985
48.16891592872771
44.13135238386998
49.73207842701673
56.95643211052392
60.06358784993076
59.67852600791037
57.0368752330847
53.5095512249586
48.52131064805639
40.45505328140994
40.71722146768646
55.06474146204611
65.31913883288107
70.59000158322586
72.20154941771708
71.68270694777277
70.62029902818058
69.4783582244442
67.99728066815285
65.77550212893436
61.5993795774049
55.791232728673975
52.30733464681172
52.52021574313841
52.81804466737086
52.67491129601392
55.56725716229427
59.588890374653126
59.645376145539366
55.09185618463075
59.84929183581702
67.98880977320471
71.96423450104976
72.81236380268754
71.55863345188942
69.87646754145467
68.34904720135822
65.5534417425709
62.194291845903436
61.108038061716016
63.68290054247978
65.66923739708558
64.53111509227894
60.28208213263082
53.92861413609579
46.41788139806369
51.101732576362586
62.84396119685832
68.90818695289408
70.9315767288969
70.8641321781331
70.17018646461318
67.59049753265924
61.58164626303176
53.104692945718384
54.360220208300674
63.328791098240806
67.728753501195
67.83398931046155
64.5853188664507
59.68438479498303
54.05080988508785
46.73590038338057
51.69071229757708
58.08647387052295
58.99816808546458
54.54195960860976
44.4891248214055
36.44767421990452
34.902878984336695
33.236304967214366
31.881080238779585
40.52834271221677
59.462946374266714
70.9341863087588
77.10581076896706
79.35434279383219
78.8255919237889
76.44665745339628
72.05265899389983
64.87473569347151
61.35253492430862
62.14285652082414
59.89835736200774
55.09723862763363
49.3360642028621
52.8721161260227
58.87582432243556
61.348043504594955
60.43497455956984
56.65855513842971
50.75611682647737
42.69712299834968
45.072014431874116
59.53843074524072
68.40689696834562
72.59751464530856
73.36332967101069
72.6217237301305
72.00114325154945
70.76707489453544
67.97969184373854
63.59384737684543
61.80259937096832
61.47785433520674
58.57351124368191
58.82636888665134
62.97507959109633
62.96790801863753
62.94502690607366
69.26597092439921
72.45436858833162
72.70719084490617
71.59380948954399
70.24498752785607
70.07615814536784
70.40079078101692
68.7833880513615
63.806193021915156
55.10929612565199
48.981543825574995
61.22229729144007
69.22349456470369
72.71353193371454
72.91922403095086
70.86294023276771
66.66616086395649
59.60181027563458
51.26181277250673
55.81811355659034
64.2354145135103
68.28380933196458
69.07847991852172
68.18948009316488
66.70223455226568
64.16554085402925
59.50819105496023
51.7217568376892
41.156035363346064
50.341255830636904
62.87185932392096
70.17424013213966
73.71341277526679
74.47310442699008
73.17442310884543
69.64201006189445
63.123121016061965
57.87419873130368
57.95475427990613
56.43190018808759
52.209022579884056
47.293851178573696
51.634082488255146
55.43795474811597
55.90296039233658
53.953197611623224
51.17061019986264
46.72414087851316
39.35173994885832
49.324555542438866
61.13282248470206
67.60642279371534
70.00833435254799
69.62270231454649
68.28773547449337
67.68266858321884
66.58635242955556
63.28370388444359
58.89449727591382
57.64337297214866
56.382468755924094
52.81344839201257
53.1532593977159
59.12115920092772
60.6539609520088
60.478112044183725
67.62956042920585
72.39888470288442
73.72594875332257
72.84295735853112
71.22734848428858
71.03697076497745
72.66783588708955
73.13909767420783
70.68223786578278
64.23789884894097
52.77957412065149
50.44259979947106
63.32773644212458
70.417058421983
73.1706252329312
72.88154905351132
70.55865797289002
65.8629910462115
57.660160351345425
48.21977724717627
55.50542958885246
63.335155350480974
66.57686824663956
66.14233558138923
63.1543160034522
60.213105559034176
58.53230014865638
54.84038534861022
47.80636584881986
40.21944599829466
50.853075726180066
59.88706295245159
64.35200946114273
65.45635402419832
64.40420865559271
61.64770928045864
56.55928877581201
52.76232686349143
54.731006263900966
55.28592516527372
54.393867733053995
51.941156014979086
47.319576172261144
45.41652779210682
52.48690984364812
57.39125231048739
58.98037360965229
57.910441200134024
54.529365737296814
48.41340716900965
40.574960251044786
43.07474449542596
57.50086774098268
66.30613782185549
70.51827412763886
71.64078642812495
71.63500295322254
71.53041650474165
70.60995744423239
68.30546138597424
64.07689435239702
57.286051787302995
51.43832716376254
51.71999483989049
52.43146237818186
56.26804386080689
60.41929022323157
60.16808888969166
56.46341218281947
62.93819527954125
68.73705759540529
70.85668249200795
70.66196751190999
69.86147172900448
69.13570492203598
67.42043920281444
64.3095189537674
63.16726460530356
65.24541295569529
64.39393746000367
58.84767217548446
48.071210313024395
52.47533780741392
64.39420801639999
70.56838124461255
72.37250735673038
70.93097463478172
67.32757287519222
61.50300784291541
53.6882495603546
50.78182764607818
60.64537439911546
67.15738871600296
69.55797652887765
68.91893374401845
66.39893816180089
62.461198489961305
56.31326388971699
46.77698910741676
35.295698909213215
35.414331639443795
38.40377995257467
40.141309969106075
40.62629347639657
40.337409606139126
40.18973674234486
39.969482162607
39.071722895332215
38.19917553778438
36.96325050583986
34.724010375979674
32.700998205578166
37.02791570719309
53.12227552234069
63.72161914272481
69.25123592835472
70.92327526194956
69.77651777554212
66.20137187687959
59.91334646396807
56.541845384298554
56.544361588153876
54.61929403824413
51.57214437483752
46.84101721084104
48.58273825771348
55.00881885993134
57.59567853562025
56.687014129084226
53.80128754324029
50.06239411917116
44.09767230031026
42.051155645183286
51.52447277180252
60.71623333271495
66.04705097822634
68.45234044267102
69.17237548208749
69.00204314286899
68.335037873303
66.9765960139179
63.85455930872598
58.46593689703582
55.29868414335117
55.33112256382115
53.67896754088464
55.42284928435093
59.922397765737465
60.12697245525786
58.89367921090482
65.4153660828488
69.62512629444811
70.66048346008606
69.69448649095918
67.82820418656242
66.18226963690894
64.22738393444801
62.31355780870453
61.78446653269482
59.826909347949936
54.280350314572765
45.164215385910964
50.56488218653678
61.63144932084231
67.48418445729354
69.34823626349173
68.28962047883807
65.49058151254384
61.07523511013714
54.13005044728664
48.358075222919766
56.23017767477962
62.858268742103256
65.61996341078758
65.86267972965698
65.1253909595169
63.914517774214055
60.942793311095755
54.83845019792129
45.00424016715207
36.95164754989747
34.66542853747777
33.27212932221099
31.91518182837391
30.903246630191028
35.72661696973226
52.27397331594418
62.54921491528566
67.53247222787002
68.88518066897609
68.54233041228517
66.74164792389986
62.09485122101262
57.958458424667796
56.83052431928522
53.34320509747292
49.38417004352816
46.52444826087574
51.39926320229608
56.136438958231835
57.438551098522055
55.97473323652259
52.705587144185266
47.374233291953374
39.97165515063004
49.160618572508135
61.15097909762825
67.75087313537622
70.16257237383164
69.7462780474215
68.38236095833955
67.45627040937782
66.76019407281508
64.70967182917948
60.107481442487384
54.316692498347614
51.866241144660506
51.48459387083286
51.22490065484361
55.3632542987199
59.18389639792423
58.46728060133881
57.09712977792462
65.23464136407482
70.19370542823512
71.57088875763525
70.62898302555746
68.66223549657873
66.40457093689545
63.59246440411293
60.108805126847884
58.10498849988087
57.34870875021593
53.89817490128405
46.76362030693681
44.76301575598573
58.10708506772027
66.07082197021245
69.50038718410613
69.67864747853703
67.51140643469458
62.74360277929147
54.340916991568776
49.409051544230785
58.97599266956626
64.76610731153679
66.96138386482352
66.5892043736115
63.99344022409197
58.75318580407753
50.57031112720707
40.83545862038304
35.866742375639205
36.784008126988404
39.598999687318944
41.291152446814
42.20353473145544
42.203091630660545
41.405428342566594
41.37727088191465
41.27609237462031
40.06497549769278
37.962468121803276
34.86681834035119
44.31106353579079
63.26939728804339
74.80350917712914
81.00331368775385
83.18313847379551
82.24263361549731
78.7319476870786
73.52487009240289
70.60595111421473
68.08080397682627
63.25062089779585
60.5644556243222
66.08185073835186
69.32433922731822
68.50743865891103
64.44119005863632
58.111881241689304
49.28964550323344
57.74314112986386
71.1858114808473
78.61566011443783
81.50770015178244
81.33604344069583
80.44469310985285
79.46183751728044
77.30345654618826
74.62292171180675
73.30651325984913
71.68112915280977
72.09710852324058
72.30547480574681
69.32880794202548
74.17447118765062
79.29128599986926
80.80358059246437
80.43019170638799
80.10658868961849
80.25313917299386
79.47113352536604
75.75459391600326
67.77416704228584
66.1481040559908
75.54110757550552
80.43111500646795
81.57964136610799
79.73586616892023
75.33288941556818
67.98197475896994
62.82453183538521
70.16005971410831
74.11997156937736
74.65953017454027
73.27791393227032
71.13511580273534
67.87328512523632
63.03877568440746
67.6459936460403
74.6431697960563
77.7759553250837
77.79408961733112
75.20520135937315
70.0360773793753
63.87848487402052
62.799676296194434
61.81298879773485
58.774170992775524
54.76620029779238
58.693958956018584
63.76332992412782
64.90706293374517
62.437603762637586
56.770892571670906
48.32370729981487
44.65165947643962
60.72039449954956
70.71278399043888
75.7675632925525
77.70436214879803
78.22492235571494
77.793429880334
76.18558379786192
73.0883611513879
70.05539645084613
70.66584722276548
69.95451387480487
69.0663259360211
70.26852501857447
68.4376817178495
68.7488174283733
75.4232104651245
78.67404858459646
78.70019762685483
76.85569127639002
75.4708506689728
75.1430137822224
73.5720157767357
68.76448946934529
59.73115054995927
62.63446091178597
73.89608058990815
79.51387398581528
80.78086509949759
79.14915183641769
76.1444401735657
71.01863386219962
62.42872521603354
63.283590831372926
70.27527004330044
73.26342318634958
73.19002171187096
71.5676662626261
69.13017232684717
65.31708032304341
59.647261331589014
63.02693615818563
71.00495187053451
75.11184214555155
75.99331139213996
73.84069007875765
68.23083026698029
60.52120425926158
58.110736451847245
56.002072538619046
52.69274243944032
52.103119523813135
58.85457894519901
62.1754803573041
61.010234289747316
55.852088011812285
48.456374477919596
43.493374104132336
59.63630465355984
70.97400183182333
77.13049201528801
79.46950839331642
79.08043717022386
77.08207286061119
74.86634219898116
72.55533466894855
69.12138472272989
67.84139835800953
67.21780502390888
63.83226594634675
65.68505475637872
68.63072230752128
66.98298348376211
65.44604584124122
72.26435601905082
75.86987526713476
76.22641480580103
74.96641496967294
74.3006100449398
75.0777074565327
75.15068692429927
72.54874717647702
66.26236607025848
55.849195043133435
58.96027327457798
69.53529750192664
74.93814295001502
76.50928534059193
75.18092200031572
71.25487154120091
64.43648741222307
56.68123607483771
63.6684933241619
70.02674965237787
72.42437552677126
72.18138498640099
70.52761323294133
67.41438909143375
62.19417867137929
55.30345412640023
61.98286528237966
69.31351082082978
72.82747326954778
73.2396171460923
70.72537701856314
64.91677563671432
57.51061392080924
57.66980381904755
58.358917072503765
56.65045365607373
52.85450239324825
56.92529552303864
63.27420192841784
65.37614492935956
63.523975987644604
58.49535265706034
51.476628985000154
43.86637772875518
57.52764137777699
68.65915609166258
74.84218258254616
77.74170129584195
78.72790448053779
78.54775439950848
77.30079695710035
74.56868452824787
69.8796387560482
65.61005243243822
64.07784554563668
61.16684090187753
59.81277382999073
63.732331632463676
64.95243178975477
63.28171102603082
68.96487361581396
73.53182737698037
74.59927429445843
73.98992246410654
73.76151414733216
74.92451063700821
75.87125362181128
73.9791344960415
67.8803236772029
56.829732338407766
61.970917910223385
72.20114048188519
77.2625286011436
78.40774473657275
76.81233235235558
73.2809285030652
67.2497795727283
59.39099402027172
62.12151698830532
69.15416946736647
72.00594452994645
71.54877599617068
70.09195230599264
68.69217168297111
66.34168443959365
67.00819285430428
68.3354448432407
66.36872173419954
68.66249206496569
72.17980079879092
72.46676313675805
70.09059856498003
65.7616551778112
60.5154827955132
61.629821505443914
62.42122834666923
60.001995295316206
56.58541599981997
52.79138012490107
54.24780392818931
58.713453043353844
59.60930029455203
56.98936192392832
51.63309351274434
44.199347319947506
51.471219476860185
66.88704837376622
75.89998485950456
80.32155277785927
81.30881508792398
80.32509296130577
78.81820326443844
76.55054346821382
73.05328553852587
70.97569852984799
70.69154505959955
68.19383294629746
67.76687970344683
68.43768553407875
65.5475990929141
69.30648520674214
74.3756106726362
75.79314710108855
74.98957783759606
74.35958761823146
75.57242425964635
76.6542260956549
75.07811138327148
69.66126299733354
59.9013720709049
63.0526617202226
73.37834989182244
78.42713389814054
79.47979435542081
77.83828930278521
74.316054450065
68.13198350833676
59.510328117536424
63.45957077353846
69.38950186276779
71.51874051177765
71.04750848335299
69.33237158990451
66.85871407644555
62.617888181569185
62.11689665134592
70.04098687057157
74.35005861579202
74.95354309908616
71.99999200060236
65.70416105848966
61.166998241347116
59.32840999473928
56.409325490450485
54.20624679753289
51.14323593289724
54.43882005416934
59.66792505883006
61.07363331335605
58.87021790665594
54.235235160797195
47.86664380217062
41.434479583399636
57.31837434895044
68.33999681964994
74.43870593679664
77.10376288769933
77.37750769850568
76.57689003934812
75.31238138450995
72.3503501825554
68.24756686157015
66.85028514722225
64.6534809109257
65.56597734553132
68.63418514857122
67.3582838446117
66.69321369715162
72.3071038199929
74.74967712875422
74.34080182235623
72.85988176377974
72.33890218692798
73.49399320523037
74.00947559645178
71.78094687234328
65.80129792985204
56.409016276622175
65.08474669300134
74.60433750406038
79.21931736998607
80.09048601083421
78.22884567872315
74.11267284732588
67.1010766335391
57.76965792019995
60.88636154057496
69.25232104980435
73.18794143212475
73.73711216571356
72.50514455991662
70.77906982479375
68.19948086712456
63.62052745226834
56.344133645919314
51.38477475092625
63.20743867241694
70.86227690798023
74.44986260933867
75.04490126155345
72.962112244276
67.68378160277527
61.64877324033854
61.47339918178933
59.736760290209645
57.07509880688942
53.798641312793265
49.207716790254324
53.93250026240573
59.14042624672314
60.221447310195934
57.54831220399117
52.066140434886464
44.90180928559191
51.52034815913402
66.25428431056592
74.81259946239099
78.84778216658748
79.37564016998337
77.53903795006106
74.99943793161442
72.58353609175926
69.90308367472044
69.06969607189595
68.31849744554249
65.29155860530233
64.94166920049635
64.29847720775862
62.83056705589306
69.52863256453667
73.65115183158584
74.52958522647585
73.74468486392853
73.17560048491208
73.7604717822769
74.00207406873095
71.7977651526867
65.76836726637748
55.11829308356533
58.64107087271498
69.93084481831016
75.60956820467085
77.28374374366698
76.32394477148536
73.16164178739868
66.87890834752545
62.253130413920374
69.15674433201971
72.79611260160564
72.67870224531507
69.72893187118604
64.74288063630014
57.15803181372601
45.48806543379929
38.345302678094484
38.334554229289616
37.878273269886236
38.158535119022034
38.543240504267196
39.085382642990346
39.136719035802706
38.92908519978728
38.80161282957661
38.56357557535341
38.76639171567351
38.79829570575586
38.35033175357709
37.92797554750556
37.93258066428245
37.68499677218448
36.69003346335781
35.33251624919757
33.930786988018596
33.07711063887837
32.29720530231134
38.31721091116327
54.70414500525871
65.0557856897947
70.52108002616565
72.17808531746881
70.76583125953907
66.77881872508496
62.83272884162575
63.009671920109454
60.829933606499836
55.098456388542914
50.18789779089289
46.98328406001393
50.65767625664866
56.10681557575819
58.08989345512015
56.64637746645575
52.71584245471242
47.021163498668386
39.01909630058364
45.83951211482078
59.373796400417916
67.08365515796756
70.31558156324667
70.39309830941966
69.11703867703278
68.12571990929683
66.9813497076876
64.06599698048979
59.64158146329898
57.71523965905817
55.38904804557263
51.25889729709798
50.993363475431465
55.386950249687374
57.24883986123832
54.568226616787314
57.41869323206505
64.65747410476355
67.91869658094451
68.35240529245034
67.44348416985864
66.31045379137885
65.12888704355976
63.150035866081524
61.338114898641855
60.84346633307726
58.36466174304549
52.124980717309256
43.82769492593248
43.58254393045438
57.29775820376966
65.48664339004611
69.09395219587151
69.714752836344
68.58197939029715
65.5117661873711
59.422757622534384
50.67298800128818
50.2710756809761
59.69258991942247
65.06379547577268
66.49322351013026
65.2775488425067
62.92154458969061
60.29675030206752
56.85825421956682
51.13282613912802
42.40084162345777
35.69498914060509
37.95935533609014
40.174098621253535
40.649399512259194
40.34189590249463
39.80963688070915
39.02802083780959
38.191587909145014
36.532706773200026
34.10308595144479
34.999846103620634
51.52622239365084
63.41018790233716
69.99506020521534
72.57524879919909
72.02281169183542
68.72696817156516
62.72623481671176
59.328760311081936
58.92025474912855
54.974555885167106
48.73587056572704
45.84698451608563
52.677271827071344
57.95802741242079
59.84277990986246
59.01192364869296
56.07010177865004
50.6402253248383
41.8674185848792
41.00195287611595
53.78651427698842
62.25107048212433
66.61418876678975
67.91941743560679
67.65728049243332
67.38094542072656
67.00540080782186
65.22942352063866
60.85221951750373
55.10086252977463
54.517396884739576
54.18586070087638
51.582007544817266
52.64561792814874
56.59662270400414
56.43581987511097
57.842663970149914
65.4805546164016
69.32282328534438
70.04936101452796
69.38817821097881
68.11608870559915
67.22425253835033
67.13520058595367
65.85755290109768
63.57880101643208
61.685340820185495
58.231638744092315
51.87629057212857
46.17526938999342
52.618291323273
66.17825988256728
73.7196004889175
76.728123245638
76.49601403191396
74.2825336918195
70.15031014989033
62.94095506399089
53.29929246033473
55.285938945887885
64.09796650807265
68.38039858173448
68.56035448446917
65.40809458157193
60.891625717855156
59.15398329226373
57.82487007696076
53.55936712843136
45.58857046036101
37.05824452714287
37.692515303435734
39.1151579608055
38.98570676927527
38.427212440468644
37.69812842812068
36.74438195240893
35.254745677394425
33.55175068606615
33.07625305636964
41.19439249640256
57.226225395757496
66.89755354376737
71.49230975762565
72.09982171753543
69.89542058796305
66.14414677064488
62.262616665141586
62.46821120552969
61.460110868047295
56.762945227472386
51.199081408528926
45.88688242425047
43.813296743849364
51.7942640805052
57.91578288797149
60.63293914632912
60.275763301511525
57.27614678284674
51.42740625197818
42.906467055458535
42.127475548627004
49.88757886922876
61.20255298300282
67.72875080770612
70.41347666778782
70.75342613531531
69.96027173042532
68.53158214918317
66.9395903229283
64.33527594685484
59.12747057560732
52.91244664997511
53.07935918067517
53.22292722528802
50.89537005648901
53.223248925879
56.10826224931501
54.518500756663634
55.54274726522368
63.3063639403241
66.96225855313654
67.44865503312978
67.09281163046582
66.8981345593055
65.73686316547358
63.67230319024037
61.79736703828391
59.955494150167475
57.962294646231825
54.13448117839294
47.286753008486784
41.73163747537889
52.853497980937604
65.93092343800178
73.01917540952887
75.63814506664593
74.99433892839454
72.41654987935006
68.13318132413363
61.205509770328526
53.99822198831444
56.25353713201494
65.11354989144242
70.02998370989924
71.39683320373041
70.1303266592628
66.91915565971334
62.03035688514142
55.5993220606763
48.659415470620864
42.84949372380905
38.0357661515852
33.068756791020064
32.1863073445993
33.55151565032982
34.862479786524545
35.78642149529515
36.5601315592895
36.95521154415859
36.23622387459705
34.76724478993221
33.22252376623241
32.136294560749235
33.68610964607673
47.09573955273197
59.78843330768508
67.68076438232518
71.41001613826659
71.63817759114265
68.80007071001663
63.52610170803399
61.701387731577235
61.815099765919335
58.658634515016736
53.52602586183938
47.60161796708901
45.82843213702304
53.36871806530277
58.0002353769452
58.98997690544684
57.09226017019997
53.07857022979621
46.289914141546696
36.032916687788806
43.80374118108576
58.00086896897258
66.458231450258
70.61346657986499
71.81529065819369
71.20931767545743
69.80233212250353
68.31632832151394
66.01997779557664
62.07814294612537
58.999984453005816
58.37670196930121
55.96372974823166
53.47314582569248
55.60944389852877
55.32849870692041
53.70810008305072
63.16053820111347
69.65618112182497
72.36420147594377
72.52710392542166
71.4203853301425
70.17366211705684
69.10235319073667
67.71853989690085
66.02682537543403
64.47865171119756
61.24277759257684
55.5621010759598
50.02627816679449
46.66821345141676
59.89742976496855
68.93140451278175
72.8915887348004
73.0950447122135
71.44649380401152
69.08218411325669
64.31849208247039
56.22663593700794
49.75489636783435
56.55741532728627
63.11099339166971
64.77811152374522
62.18262244416386
57.38457917413437
53.57676011409705
48.350015102523614
40.02488349866766
33.453912205897005
32.50102594300764
33.54621626202085
34.65956960650439
35.68197222207081
36.5767297947628
37.02096228876507
37.496865949348354
37.861670466606796
38.09372591051575
40.302894853574465
42.24854445154315
41.31814242878672
38.130031058002075
34.60999709613202
35.12998627591269
40.7951767017077
43.175582522338594
41.00218191265563
36.42319374849734
44.85619075051972
56.89728340646688
63.85036874801141
66.74023955440055
66.95406963051472
66.28397998948026
64.89456056940612
61.40691990423646
55.81451880446892
55.32574978277548
55.802689523377424
52.40529218130284
46.754945380641985
43.583699476522355
40.65299739072045
36.62376528536437
38.57656935401684
45.9557987173881
50.94230425282143
53.06101988682449
52.29106433168348
48.973346265961496
44.3898705777609
39.96737593197555
38.25519758794507
45.76977601663344
49.446979584404104
47.82266721045854
41.49470876579507
51.951045125094836
63.67611805745348
70.19199782202038
72.54803265809781
71.81652680263603
70.18533421375858
69.5282220146659
69.13063183630378
67.94881685837677
65.45602892291815
61.3727045285647
55.38235132907839
49.02703834360431
45.60659773941023
47.53155493895353
50.51526513214537
51.25984975305428
50.09623624011866
48.110167985371405
47.3132282694326
51.32712459309105
53.72853336257264
51.40298352855506
46.81213554777457
57.00687882315868
64.19158587968323
67.1109193248358
67.19423621612961
66.28172289164654
65.11291913981962
63.45106953925664
61.554045021797634
59.04443968500531
54.721460595872784
49.79498651838648
49.53825197794007
53.12236139813522
57.05013557340166
58.705759082135174
57.26047404957224
52.30128646853488
44.73104570845638
39.304865182835584
38.27172580155881
52.71943504927223
62.40138499128343
66.83869191581957
67.46543325097801
66.06629188572529
63.839365446872506
59.68904763117419
52.45804020887278
45.19289577010032
42.45352355555006
49.99205220133479
57.56767530271688
60.510650436224054
60.11081075197703
58.50621648866945
56.575423629893606
54.21743648636907
51.59917493820424
47.77706448670608
43.887323129049456
43.397137792727
43.0764318434608
40.27710209764877
35.820992437559966
32.417490949323195
31.662945305875773
31.950654996392206
32.07054947411272
32.801037535682134
34.26786933779863
36.48121905827282
38.45472837743388
42.39024741363568
45.854289391011605
45.38879532816159
41.93386006604784
39.32580659868688
37.21326196528006
35.24214800046619
34.35207197566085
33.55180718149578
32.721327598747806
32.24908158729518
31.731597334836742
31.563014865778072
31.88702864110016
31.75036817281336
36.07961409793986
51.20932799873195
61.43035215704667
66.78093603369001
68.55791477260726
68.52509832494843
67.8579225802443
65.53054120478353
60.35568382143143
56.778712328197685
58.561258114092695
57.18661392451732
52.59559379052648
47.350188550267525
42.692107873564794
38.05098062362353
35.46970377421487
42.331820751985376
49.715450721122174
53.978642189561455
55.53375729921917
54.690091441962004
51.51481869446705
46.978145757230116
42.83204512475468
38.055756871412036
39.29156767148633
44.18088331756194
44.81735917177865
40.7837580841549
33.82300678868679
35.89449510825525
50.26516141250226
61.1656237565161
67.33751776997596
69.49063579168954
68.85168383958195
67.94610310178278
67.90400727321001
67.80385940116528
66.96454163626055
65.51508672841736
63.60861290533382
60.62195422270555
55.972042934639255
51.013340989004845
47.660881740053576
48.50021892033876
51.177298066927264
51.91295011612
50.76950036430384
50.06397875717649
54.68409109574761
58.278829126811324
57.43494756672784
51.61109698698063
49.42477574323088
61.12038626349652
67.50880014230273
69.86457002000716
69.90152464041428
69.31640065077993
68.7853510510285
67.61667196772139
65.09132981253923
62.390712112882824
60.42362133848086
59.41592253974594
60.55668655623988
60.004629675408566
55.787459703701415
48.3102632857987
41.10161732574383
41.05443842230909
55.829859406476736
64.8152310098
69.00507494682404
69.79071650231943
68.7256126475025
66.73418723543206
62.86873584036523
55.984309131076415
48.822687295906626
48.37136573865712
58.334032938993246
64.92723196284052
67.01998799050134
65.76747616124581
62.97513798129853
60.2526429148184
57.87108296282401
54.952404264485835
50.09189720394535
45.52910526770353
44.84390207117701
44.52504123409195
42.757667215511916
39.933582879230485
37.77480009167412
37.11398708694531
36.970439793842964
35.514981075740664
33.18748596048705
31.80319359058466
30.878503463400634
30.62358411892984
31.103372328779834
32.31574454229118
33.87284281490758
35.69222293207619
36.796915545413206
36.85956357828572
37.3876787574735
37.98977873752869
37.59671115033728
37.28982680135768
36.824061930197956
34.94462155929273
32.43434833385755
31.233512801886803
30.813625261990456
31.11265551940447
31.34668278478712
33.38846954699626
49.9335994050296
61.74857132211621
68.21345798607129
70.67702486118232
70.46263312093115
69.23262676954207
67.20840886915313
62.979136314986555
58.73119687130721
60.06576798042204
58.97380295497547
54.357770032748064
48.94476671623429
44.5031458596167
39.53817320749718
38.234584141916
47.06538818186413
54.08394539431125
57.48667431898952
57.50396605876042
54.64922648514861
49.98630838849191
44.96116309456787
39.21268869952463
37.775717314488446
38.98054638043795
36.495318106385625
36.392131631282666
50.84035238641377
61.19582414366803
66.81625270020687
68.58312735602377
67.61827985994287
65.98466351665259
65.08476632933335
64.48019409341245
63.51756230982633
61.58395140770891
58.11239749390111
53.463710018880796
50.71300244977784
50.33613193384744
50.87833942854037
50.48891013811697
49.24687152732407
48.722498355947295
51.6359806948405
53.261909106468444
50.39323335609546
44.13803523272393
55.350415041519376
64.11405081613768
68.17910388171826
69.34340994288407
69.35829676146513
68.97922689742246
68.28181938811329
66.52333473098456
62.95787530225651
59.06142382884128
56.66745155024171
56.1362100600156
56.94418717846461
55.356860011099236
51.140800621342215
46.42159752327184
42.086917498583304
39.1973817805175
53.03625562962003
63.05742951740544
67.96522476056578
69.08397968204257
67.89750828642785
66.27843723272291
63.99293099299226
58.94617006244815
50.647456657333464
44.66744913637985
52.69252976140536
60.807716904904005
64.2980039210973
64.23701377538534
61.899613799861825
58.86609034123228
56.48746024964963
53.8331143134216
49.96006626368433
45.255984887306475
41.11581547167344
39.15980511756229
37.840416781679224
36.35534141129726
35.263245712596564
34.73886713949699
34.73651607570717
34.87291692239565
34.17669248306769
32.75952620121949
31.53664598788172
31.287256238033677
32.14990891598876
33.96143796794861
35.94475746111285
37.61646974492392
38.809573119759165
39.13430840989163
38.73112500963204
38.305865543174335
37.63049962067842
36.26888190114468
34.87379111046682
33.57268436784021
32.413050106240135
31.89526519791177
31.526495593830575
30.84387346097181
30.656889260641854
30.748044309354153
37.25085615935211
53.86673555539392
64.98343469156119
71.35944718809816
74.09548136697765
74.24569712402811
72.75586660319702
69.59928749156777
64.0193819895727
58.67022071027465
59.126715595593915
57.549093078580654
53.39402874408396
49.79900398107923
46.610859129051036
43.836759379782315
46.03885679960533
52.121672617524915
56.62915624085643
58.28127237822536
56.74122323637117
52.205873784098046
45.46955247114979
41.633415070410535
45.28891248382446
45.12248663279507
39.92813197303057
37.695602099146285
53.77363622239643
64.24374331844253
69.6070217710363
70.98542381131001
69.59240573542283
67.63636927366626
66.92566588199176
66.7109962099619
65.80864430337402
64.11327241367627
61.09780877751323
56.00920393497452
51.73098053558693
50.015900392445936
48.9200566196677
48.24554720555505
46.24870001093384
48.77275893169828
54.59294489037
56.21600357319294
52.83398677841581
50.02253851733052
60.94678361055787
67.47743670792966
69.98669946011022
70.00639843110082
69.21125760815616
68.2688847278917
67.08441448334202
64.96076340405483
61.903104750201436
59.18096824201498
57.05764946239604
58.0671140990868
58.017342208406006
54.784826741296854
48.80051824435291
42.0301401778419
40.76639229819741
54.088151581208805
62.613524427772504
66.49750739692478
67.00348050491061
65.62979519744249
63.21104233977377
58.52088200655704
50.5878753002661
45.217076073873976
54.33568608723921
61.38681106694736
64.41235845155092
64.47071274129664
62.73867329045999
60.189357691927526
57.25531827164251
53.48276192832565
48.34384620201597
44.29992113664211
42.99733597149279
40.112749847480785
35.896079319847246
33.59065776136645
33.08367161359193
32.013935442687625
31.13978689001805
31.57412838065586
32.68045060418993
34.26808484813816
36.04015507595096
37.100033534603156
37.462723718445275
37.551435705383085
36.976177613147364
35.76049607584122
34.27538988125511
32.69619082927938
31.453773994472044
30.79905959493141
31.091013572708626
31.966073825515565
32.19344098207033
35.65590868102852
53.70611150289619
65.47948881987237
72.0257350038074
74.78600092727453
74.8500851574087
73.01754827645222
69.07580393135815
62.633726172465536
61.025845114382506
61.821859750797614
59.15084840129253
54.24895297323373
48.63558973380748
43.79641236399783
49.49415687250023
54.80616776979222
56.191246928760876
54.15266912722907
50.74708326352819
47.89209590491174
42.76592168572866
38.28385562504026
52.59265263312408
63.33984704815593
68.77799952563932
70.20505728402429
69.21492184064996
67.84035954537808
66.88100181077269
65.72116498558378
63.20983937023641
58.25197108453238
53.175827335391865
52.90316108314354
52.09614764738088
51.642117440335596
54.95655251119702
56.23748288163533
53.093217621189694
55.55796797331571
64.22706319198093
68.54611329274934
69.83253300188312
69.6359145441026
68.81414012193189
67.5271662379856
65.66896374447963
62.91611474631057
61.33636465811732
62.65079363120844
61.53810475555133
56.38045390884437
47.15694292616095
43.11309988560357
58.01138719660014
66.77647665678904
70.54238690146003
70.72595247890011
68.83904709715796
65.1403725080043
58.46786418669096
50.02598621064861
46.56300702186479
53.527965780393956
61.87697633139897
65.90149953935256
66.4603561701678
64.94757305528489
62.98525087528316
60.32519088639827
55.4379711218177
47.67257365426522
38.27060484842451
32.778694079546156
32.79635929921551
34.048376727217644
35.42816594428867
36.16783760119705
35.46164715935025
33.9059832713031
32.651115290940346
32.22066083639231
32.76654700830006
43.787843541509666
56.255610075698414
63.746177827605486
67.02756904551153
66.97334433339773
64.38182600240803
59.41272280243862
56.38015009110721
59.169985616784295
58.72104373620259
54.759013177691926
49.25230795449317
45.39032093436269
50.270291460967954
55.408444241874236
56.92936218085534
55.20422513099568
51.482709988518415
46.17966443810934
38.40569948656001
41.38546058542409
53.67412466865818
62.32451363471277
66.74484954053956
68.1012167146537
67.63932158564924
66.78003534346512
66.20397596521694
64.81236513231343
61.38578225034354
55.63755292174625
52.60013125948919
52.78490291318253
50.66156247455087
49.152205367673744
52.5278862837222
53.184976239654304
50.70646369980631
58.84606528136001
65.95170805854393
69.15297440549159
69.86896869006922
69.1125421408274
67.3008571518858
65.06733475310588
62.90948122041722
61.15470509201116
59.311195210363756
58.4848420858018
56.4131465979969
50.57919828815302
41.72258435763717
43.680056691138105
57.72734051632413
66.0880109476331
70.03015995374759
70.54651461136882
68.2913375946498
63.569461293241716
56.138482867995734
46.91900323471606
45.15190744573456
54.81158291071139
61.73850868843712
64.23377916507954
63.1812542470989
60.31284270760126
57.533402693257685
54.1956602345485
49.664686961927245
44.07086849464708
39.46152171129596
37.137205602976955
34.49025478492247
32.32445874380557
32.17066272704425
33.60174700438718
35.91049281381856
37.48133722840825
37.620460679975444
36.718363083368196
35.496173253647754
34.65405878619968
33.32403314253998
32.202268312869904
33.241576566508485
34.788047892158644
46.62392748930026
58.95602945455076
66.31733348163046
69.73619672204642
70.18391031505986
68.40423743729073
64.39598886550841
60.3962308695591
61.21548927693012
60.05325663741733
55.77864898519863
49.926192081048086
45.25440408885749
50.960374375508636
56.54005578767717
58.37711994982098
56.758776837363236
52.758649295535605
47.51389211611689
40.20382883622237
37.2970033610881
48.9238108713197
60.70251687344225
67.41531513646196
69.9513342751579
69.67163529830043
68.35672915260662
66.92577934759794
65.22683658277526
63.15530750061459
59.71950868585199
53.93029336003319
50.03701308421415
50.66790022616785
51.334259760950104
52.179754195760246
54.6906688903568
55.77401354683105
52.74008424652791
55.10884923953913
64.51295471906634
69.46630452574604
70.9137382093507
69.98492731367958
68.02108436678142
65.87550292566812
63.276836605173074
61.12074002179447
60.20919273188079
59.44860694016847
56.41145102106725
50.08397952544061
41.415881119935435
37.93859400541402
50.445376036789504
59.08957530578153
63.039722983683745
63.985707274799644
64.02130472800837
63.02219353625353
59.213208570076475
51.991214956808776
45.9404041975865
54.73979714813141
62.32712515811998
65.56140139878922
65.58496613540493
63.76617206179155
61.57338317355045
59.30529295593431
55.60660604031324
49.70327222770937
43.67809523424077
40.959389647552115
39.2459687822951
38.40950783384567
37.36812167551628
35.41384003758756
32.80981693447667
31.61668547875406
33.16356122940224
35.42212745592893
37.19086055968434
38.56439732863217
39.55892939664967
40.277736693681085
40.10565223620095
38.67280692288168
36.57045204533199
34.0753202176026
31.993871766707738
33.81286574625762
41.21735398793848
55.626248389345
66.31273691096783
72.1922630896513
74.08141207619634
72.8944702829504
69.85057324410343
65.27481606396167
61.0945301568297
61.70980060861172
60.109555530417
55.49627080565429
50.365154054072136
45.504127660163505
45.001643318120124
51.65682194559857
56.36919069617398
57.63392943631548
55.707088603690416
51.27005457882731
44.93873542373321
37.06321109643523
45.391307701864505
57.95599589339653
65.0882099458691
67.76384185739092
67.3086753117609
65.91484174831989
65.10214944815273
64.16649203130048
62.16509180503087
58.103715215059836
52.8367539526445
51.73714104299001
51.81835646867395
50.3190851899615
50.28264794743073
55.10826785875519
57.61364625799765
55.43376528348606
55.014566228725805
64.25501607993537
69.48352504326357
71.1487722844743
70.67026242593846
69.6394117628671
68.26484368134197
65.62868896112391
62.22018093986709
60.006546939323684
60.62667822198587
60.28036729794855
56.12601445021805
48.33813787012875
40.7522263405414
48.21286152563303
59.79706854983757
65.72145035552258
67.34300653675453
66.14285815794031
63.76594968545858
59.835022619739306
53.38723787506951
47.37107015415998
49.145512496207076
59.78454043976228
65.86183095949822
67.80591823572864
67.09053154682674
65.51203678956027
63.77564919509233
61.22197657851924
56.66228716582496
49.132022163260764
42.0951209377657
40.33741188028483
39.325863176983816
38.22576641916618
35.72260541637005
32.97063973076198
31.8281930741463
31.907183550334484
33.805058030678175
36.01830704843194
37.721685724981164
39.07886592458869
39.435277628020444
38.64879964333917
37.20382367483472
35.65988425520761
33.55864960897619
32.76104390110899
48.179355527777545
61.67557354691106
69.41432526399946
72.71770331030834
72.59258225646812
70.31716210755354
66.60904133018944
61.432966469983405
60.72073868214364
60.48449545258344
56.554683590550034
50.840730172276174
45.837622164622225
45.20142010084242
52.25138105399477
57.01493726635952
58.38681595187776
56.486624421647456
52.29959279845587
47.028358709531844
39.77751247247339
40.34424250655809
53.70801485469131
63.31359004519601
68.19815735104487
69.46694357074306
68.64217758184446
67.56005687630035
66.47027330767844
64.76990145138997
61.81240527725006
56.776699340468475
53.03510708125089
53.41609183446398
52.01159828618161
50.20842494990255
53.8724788739829
57.03406082050661
55.885801478199575
52.56438964851241
60.5329536441835
66.31532831840177
68.25456139075526
67.52959192617593
65.57839252446412
63.69707295003821
62.06167101015575
61.3492800749177
60.918317007371165
60.2950425313295
58.95650852318354
54.667958717366886
46.35227753312873
45.99698657679661
62.64454071833371
72.15694286840568
76.37341597818795
76.28827600487352
72.86227960423007
68.20021833942205
62.968532049574826
56.1775674051989
51.15235179646692
52.89744410539191
61.92702778337807
66.84234360810969
67.68332561353097
65.39191455768972
61.777739974248014
59.22734422697454
56.57889326283736
51.6818650740788
44.91321278487354
41.31941478181303
39.94957241704225
38.45518657951515
37.47235592397293
35.78309954119076
32.880525562610195
31.852019907655944
33.172792138553085
34.7586923130516
36.280306423623145
37.12975458843837
37.261338886791656
36.436836517238795
34.43616015518686
32.303362188991514
31.152202795181413
35.78336533169204
51.30183411170727
62.511002117219554
68.83620928877727
71.3658085389543
71.23338990486303
69.37795917514126
65.58182464857492
59.948673396477936
59.39586544666169
59.19294068777032
55.65728141998062
50.96075694944729
46.19490757275439
46.08658632910951
52.41711593491586
56.383156940457624
56.9903265836045
54.68330401277561
50.58170135602179
45.205265629756106
38.636610438561604
38.96703660013355
52.22131669934933
62.09662642935514
67.16753944684547
68.66247989908973
68.20057265598788
67.4818998065611
66.69861999258129
65.43244183615968
62.6105588867791
56.94521769255153
49.78588967598548
49.57791482045272
49.49316836379164
48.327107285110024
51.74187321539404
55.073418091858585
53.994282677767636
53.306610465194495
63.04474178116819
68.83052924644014
71.02015102757628
71.2342511226613
70.70124927959105
69.66702850232078
68.31321942728067
66.4129713599915
63.38316687755608
60.09333213428951
57.708888294996
53.6145786876566
46.74366059648704
39.962554776549084
43.19489828117666
56.678986862449435
64.37739235835102
67.52949381594505
67.41958561942403
65.4101833494411
61.84415340144082
55.637218591415845
47.06780324048176
45.265573695834775
55.2497158440794
61.60367783467387
63.807855396116494
63.25590214767196
61.837555731333396
59.931355560857426
56.3975926289491
50.53022673148439
42.9766600918711
38.36486350129553
35.949279476441845
33.42120136775682
33.10139208161502
36.237598187234205
38.7851397017802
39.86254496772351
40.252646236986116
40.31735315896051
39.497276631873476
37.80895566367072
36.287900431370595
34.93461946066251
33.6221599092283
32.62421560370093
32.85249552557191
50.12037982570458
64.35109996119438
72.71621308248423
76.87853742437262
77.92455335543525
76.53207399565574
72.67021533380374
66.04546321942468
61.73139280265991
60.6839124875212
57.74037910797578
54.783494943264664
49.95869954081464
46.56321862842795
53.075328858246166
57.230661677828934
57.942249800692764
55.940232868558724
52.58577567735362
47.669253570885786
40.063629632553784
51.90788050709931
63.96411726570012
70.57345930907295
73.14898983731402
73.07406510780558
71.98484485753934
70.65886699413025
68.59732396615857
64.62944268847798
58.17116985876896
54.61001116456582
54.871979557010484
54.19932397741316
59.136400846268415
62.89278012769246
61.75631435383495
57.13205393828132
64.01152883536514
70.15538762372634
72.58896842342372
72.35980646764479
70.67845153116578
68.80061664082228
67.47300012392307
66.14519043820108
64.8004917468377
64.33373801614033
61.77108015190715
54.97670361343785
44.783139427021254
53.097380132829706
64.27395742755107
70.09616698132055
71.73814307406984
70.28358349678904
67.15774390563249
62.58330899012485
55.19024586849072
47.4423200108411
55.3780269565869
63.3259342479856
66.75785438441717
66.99177432742607
65.89831619991327
64.72578320177185
62.8960205284968
59.177557224656596
52.315362715899525
41.903907757818445
33.30344502736675
32.02060688492012
36.137815801100935
53.03740006920273
64.2436511721341
69.97434326653242
71.41804901285725
69.56009172223723
65.52179958314787
60.12452066626277
57.39303095976422
56.181876951022645
53.46565930118447
51.15034577347936
46.81359563565401
46.596379027662984
52.423469013697854
55.02398643860964
54.31859634432061
51.172161902585884
46.36666020733129
39.40836896095858
34.65707242686284
49.53462103229501
60.88615235334391
67.10421104329643
69.65129230051784
69.88217605592494
69.09573832287279
67.91349044307873
65.95585013659195
62.07624193201515
55.62167686824603
50.29979346170804
50.76630224206029
52.13270784848877
55.300409709654296
58.100188925150064
57.12853540639476
52.77663009609859
61.05683562210899
68.23057123976705
71.13827048107125
71.27406302401076
70.18236662145476
68.26000973761845
65.09389168996296
61.908984246206266
62.97367741693542
65.61253662860221
65.43188187158283
61.33782189880597
52.91073637469975
43.38117450042028
58.06018097667127
67.78584661397015
72.21292570306873
72.66388166773824
70.67351371281123
67.59809897821283
62.57221579752623
55.1701056534748
49.775631551148074
57.442157986365046
65.59221064459665
68.8774889874093
68.09273963354177
64.667059044028
61.48263467317168
58.67282738023129
53.730333423819474
45.21523023361841
35.35279575233241
35.17406530900216
37.06874949547041
39.09796273948844
40.418165223134146
40.303083018633686
39.33091794186191
37.80014020481828
36.00646735763574
34.21085095740465
32.48072171911772
37.29060354137812
54.253212447800614
65.32946779685938
71.30446975332795
73.19547136260206
71.82236690862322
67.98473779550699
61.72862567715802
57.02255498488746
58.387993318663504
57.79021885250011
55.173391372916285
50.4966385105013
48.55781997424855
54.853844305806454
58.651146043569696
59.20529616544477
57.12985830966892
52.4966746489729
44.713465306153914
40.7515981622802
51.27200879782919
60.351191773239236
65.3471741439025
67.26766652901087
67.28823765987889
66.622596879436
65.81650100927591
63.88424039482976
59.44713722282344
53.742465884768286
52.718012900918296
52.552321463431255
52.39788673201345
55.10428496290327
56.80801842478004
54.29891471465186
53.76842249264107
63.290961392521595
68.6424773240214
70.48647237781678
70.17364772846176
69.0124493039711
67.86619237039328
66.30277018195133
63.80750540169941
61.08223311818283
59.87138054510194
57.38902163886521
51.082503850613136
41.684684660575726
44.10688485373622
56.33756400994949
62.90776130736647
65.11416953151414
64.47164442807659
62.534607083559564
59.17539338485527
53.15203084503662
45.6432158386131
48.53431503305224
58.37269861337498
63.59584394457674
64.92291489886722
63.69709268791149
61.53401068680823
58.84884690752739
54.68130650109204
48.19323018426212
40.63895013889027
35.99061652893751
32.91079138980149
32.652311537837335
42.67486938926071
50.55473820398242
52.86389862965866
49.89667647606127
41.81429779309995
34.465323925587406
32.76017110792089
31.897732008917483
32.941858888576675
47.62561838986378
60.6503144169367
68.75035071342245
72.68640111135213
73.10276137248286
70.69926872422516
66.11129937868628
61.57815920351232
61.08533066314446
59.36315246996885
55.44670526877442
49.96557736515962
45.66136971006955
51.906255017993566
56.25091475508868
56.97123377429204
54.650551937513534
49.85541119436352
42.46233859632156
37.691599094941814
50.79478196629503
60.61296051804966
65.63114722492232
67.16814999716027
66.86597515270493
66.21080336885092
65.50575852169536
64.20155509251869
60.98794506264194
55.34669390369319
51.44692103006751
50.99633090078525
49.56981685117598
49.28964467043271
53.66482252146315
55.298712491458744
52.187599018713314
53.99061995596248
64.12414696055598
69.64670855266091
71.56541251128152
71.18764743908416
70.03053404469513
68.85300670963113
67.4150430037311
64.71038860093775
60.53436382698676
56.575682307889785
51.901601366606286
45.681606646891424
40.6150438968887
52.33301835008145
62.14664380455506
66.79596148562267
67.52873782917146
65.56859283086581
61.52035426024501
54.899094743708766
47.07809141108819
47.73585562184425
58.82996621086004
65.280336773708
67.45054144253427
66.82105618175795
64.89633251898663
61.9857603836962
57.697441500303455
51.68675845952971
44.07698827334372
38.01451849093239
37.28192127041736
43.495756705675916
53.15901882857542
57.738183409862565
56.99224295823995
50.83946484776188
40.252198148420035
35.57026152370512
33.53363025833367
31.85562369792222
31.47322574120404
32.645491163012665
48.886454248933205
64.46478340035151
73.89780827127525
78.82585065255007
80.17713488980928
78.55562765301397
74.15611779268382
68.09832336320599
66.47701063923208
64.47668960379312
59.159525241684335
52.91225733612106
55.85078099398725
62.25759935983185
64.76554753115748
63.477347333666636
58.69441310005748
50.96372560450844
41.28478980561131
47.34503614788915
61.551212859325844
69.87594639574627
73.78203886297985
74.5466701610364
73.56685097122231
71.86049763413108
69.39534884268946
65.33844981273566
60.824060075030175
59.52305033068693
57.51772432949528
58.90448690488167
62.7016168639622
62.314595408508644
59.416559869499494
65.77940250495558
70.7458040973523
72.3486255420097
71.69940548067645
69.9535998834069
68.01277363532068
67.26601951981571
67.06278684322501
65.13844578694585
60.740561992017696
53.45659507426848
45.62258656558866
58.342370421725
67.67733458577914
72.19209328687403
73.1769316093276
71.68413290056247
67.84892702194367
60.8165553858818
51.92068093308012
55.2616869708676
63.94150094489085
68.07141425763422
68.50859987699494
66.70904817982601
64.35630238858218
61.31261390579667
55.901740710935584
47.12010530201223
36.305101382486846
33.00032727452307
35.43761795187672
38.1240538154491
39.49366005533512
39.39293535790239
37.80988198882937
35.74191908785393
35.23455837548043
39.96531364833281
56.70860549135435
67.66088351947836
73.53407330116116
75.43654511507464
73.95931284246959
69.23920603299773
62.7860377449361
60.76648715629364
58.00681646433066
51.81576482040468
47.081900793677995
55.17650891457465
60.74646073336549
62.22619052138762
60.09217145944993
55.08530417761091
48.11073736075531
39.06999707930905
44.96572695600625
58.317796099530455
66.18456186129022
69.76562218295368
70.39723906905255
69.64897045419403
68.43246548040797
66.24637049973987
62.203237867393106
57.1702880872797
56.05942797590508
56.093233565816625
54.12431792314309
53.841441176514316
57.91073345697338
58.24069384505936
56.779600068131266
63.79677863887962
68.59641982773778
70.03518177159673
69.14816274589904
67.02040744491029
64.63771446521803
62.878595971143476
61.71306742469489
60.73224429865479
58.75054587506051
53.39536335744036
43.60279035244896
47.142870954385245
58.432871956858044
64.61437594007892
67.1203184671012
67.13167040500986
65.10178821321341
60.51861031922192
52.93111796184098
48.14713873798921
57.771121735634914
63.88753100871035
65.76143018012527
64.74613395053618
62.13953859230386
58.24290043854188
52.828440003543875
45.66892443164144
38.09998870354304
32.99805869850478
31.619488594064137
33.63443990583093
36.84599357287071
39.52869566009122
40.79663268489092
41.0545462051678
40.72636082571521
39.65494662263653
37.64718490490348
34.77337103911963
32.726186727885135
35.697968154736465
49.94312328746345
62.03230610525698
69.47664204198158
73.20767530795267
73.82540472216972
71.551658897998
66.84307173700252
63.71558653290211
62.46926869174474
59.162994177571974
54.28276267159545
50.07724300349401
55.8971466910608
61.26343647623676
63.14353033683151
61.93848910584541
58.193379045212765
52.091901697046474
43.36278477973268
53.75749826473839
65.49991970501901
71.75077824392395
73.67711287737238
72.38153210951725
70.10287829135581
68.89279158960329
67.55778426019398
64.62516284664856
59.4226941691499
54.66987338926624
54.39491233575123
54.25026041821852
53.35327521453487
55.2866166037049
58.31218114636765
57.61450994395899
56.16730753096115
64.20469992477847
69.2751609088686
70.73032395235367
69.69276262340105
67.65503513225565
65.85162094847686
64.78460189085561
63.59316976220811
62.56232218850653
61.03683170511825
56.353971732327786
47.38603781485728
41.26363745776157
53.606608043462884
61.26876690073707
64.70782298398102
65.2518094415691
63.81514247819729
60.520327238548944
54.84374357296723
47.41639789698257
51.28881983569716
60.22959706263984
64.43383392976894
64.68472134199351
62.3813654358262
59.168147491994816
55.18978703207145
50.03188490372314
44.87759801000976
40.557153033890586
36.41468554435884
33.38664388229723
32.21430214336347
33.48832274370875
35.91571213233025
37.60503331323604
38.30411935066918
38.11279525109692
37.68091187308169
36.91075188614862
34.861070829982
32.732035932130586
36.82376834676535
53.61104359502045
64.91652960131988
71.47154417680778
74.37600125394764
73.98693010338411
70.18721899452483
63.677311368983396
61.15798920471693
59.69230725840135
55.57157276761033
49.59008279887057
49.107543409193404
56.72622768586818
61.44677515238729
62.99536612339202
61.8204556652121
57.970066497371604
50.97891274879725
42.10488820076452
55.0868482204215
66.1325937903503
71.97392798202517
73.60045903754735
72.03084155242692
69.42821247275757
67.69474043367231
65.57729950568485
61.7865286296508
56.48823239886034
54.83223146196679
55.05870720267038
54.320698322888454
57.16110112085288
60.115815911635394
58.85993283307133
55.77797411833167
62.893747978525155
67.6434416508547
69.06389283893714
68.68410731164654
67.46743581816835
65.80052928505432
64.28516729426036
63.69022585059726
64.45632931106923
64.74301467674661
62.0794625703521
55.16365298817519
44.49530568282814
51.32277736116099
61.966991477636064
67.25773230403101
68.51044871513173
67.09084877201676
64.04340699833577
58.59697546968412
50.05338664167337
47.46757581021147
58.0852505728025
64.22723413339222
66.15024700989272
65.36557666059687
63.749858137269456
61.83850362320946
58.67727351072905
53.32563406063086
45.168995782104275
35.88646522363777
32.353767455686274
31.63297198117577
31.474375796881535
31.964556428120208
33.5819054502194
33.7179224540498
32.49908364214485
32.578046728772385
33.30052367564558
34.631497453513305
35.549956074704454
52.22004097920899
66.30342127862066
74.55302037905975
78.58956543403266
79.17745290671084
76.57188250119066
70.56492856677197
62.141490783992815
59.750744492688824
57.3742702824572
51.90598581207742
45.82182025999013
52.073132979145896
58.39601054233664
60.494219144026246
58.943688484779614
54.734811633313754
49.22808797997849
42.09087659377015
50.797335595075964
62.82303391557403
69.61118034233101
72.4094828312963
72.45614708586135
71.46426606306777
70.41222800831098
68.557389316906
64.89863881382158
58.780572135274824
54.68753693378157
54.07936948748866
53.52629932267835
57.35595156973032
58.91899209397376
56.516301771566546
61.607153894890665
67.70100240683924
69.95281451424464
69.73363879317586
68.30548890753698
66.04373135671673
63.38695796474346
62.20055642435079
62.537429085968945
62.16624213063704
58.63415865430866
50.8375370984202
41.617633852050815
49.18261837101848
57.990513162518376
62.293676353352524
63.29227140739076
62.502303247902766
60.13694523903389
54.654195092744814
50.87245442162534
57.67058187519815
60.603468371007
59.24096929927352
54.46500358472682
48.22273687325097
42.07341835191648
36.3773047752129
32.30910728921127
32.73469721570374
35.4590972825061
37.33984717617623
37.92403700974133
37.74556278618295
37.19751219117729
36.47161335478673
35.32315043830926
33.792689373295644
33.452904440955166
36.58937087253139
56.15082612412105
69.35848783722763
76.80575177660052
79.89591250206212
79.29066922272064
75.21029494494107
68.19207816276118
63.50142454338464
60.12154663725005
55.44450964333042
60.78103043379911
65.21973689907831
65.59718458579594
62.712675923937084
57.64496983465331
50.96057019317867
59.374393027968836
68.57160545572928
73.37396605731905
75.09632774817034
74.98186900004689
73.88672038526826
71.46783165918008
66.87284729476227
62.293279313777205
60.79159799115678
57.79074170104565
55.47753085282971
54.657195270296114
57.23726346053729
66.93728359861397
72.03695291418212
73.16580956518654
72.08082045714815
70.87209293279071
70.41542532726659
70.21455456557364
68.35771499312641
63.129362456149266
53.99323362895697
58.93943740865226
67.19459573985725
70.64832917241525
70.48974376370825
67.93966777799994
63.39055854213193
56.168108539043175
49.11582001944997
56.52991055691111
63.56443447661613
66.60790689882008
66.94879581679138
65.5968959358822
62.469524032576686
57.19562469546342
50.12321523504155
44.07815228504977
40.24553898655527
43.51929523958592
58.88305710490884
68.33239604945253
72.82362711600977
72.99553573997471
68.93113229435335
61.10671395935671
59.213717281229876
60.3286934471674
57.74074729347358
51.87214616599548
50.8851584862978
57.07928551285168
60.07991623096456
59.62620147912411
56.349110225624194
50.28061211218427
49.92612631571137
63.301422621137284
71.86318851086679
76.17866871829098
77.37558267828972
76.76493958767118
75.48045727324049
73.45324513581343
70.55685832806444
68.56743090101791
66.38979579184547
64.03181579996296
65.44743720702749
64.67141561643025
65.65759859243792
72.45005960561491
75.65028724043772
75.85100426319931
74.73325496595231
73.65116947435996
73.78453513621339
74.1620884814118
72.11976038134557
66.2280210474978
55.44730452949885
54.50691460943677
66.21012659314376
72.32011959908009
74.21090457153214
72.93444629018777
69.07994006401778
62.50513811132816
54.961544033329616
57.77221409982125
66.2538453911261
70.5501614914168
71.38215998040485
69.81455383271995
66.69834067954855
61.90750631630108
54.12430449992695
42.010151602145534
33.45058178305072
35.253774634423465
36.45891038945806
36.316213233883346
35.726876144991834
34.34099733892922
37.71041988531924
53.11326917279718
64.51515393784158
71.11678839679205
73.54127934422122
72.14500473290377
67.12962848436663
60.3869297275979
58.94210949281057
57.08873159502478
52.46380191515399
49.147675288366216
54.28637829717445
57.951873247295026
58.1371027301007
55.24645092149871
49.70325060537114
41.63277491869573
50.3803426892462
62.50775347124098
68.99031097338069
71.19420144890073
70.6825916535696
69.67294512388301
68.30625651051561
64.98123584207886
60.244057888721855
58.57897306500349
57.55338868384503
57.6288910307326
57.38180830001754
60.22693380938026
67.89504098896646
71.64187011584664
72.17699549832922
70.98982496567143
69.15609950173405
67.94933969589198
67.61448695215974
65.45551704144408
59.74989027983368
50.35486235741566
54.004799432196826
63.71423509352106
68.42660633542383
69.45861698947184
68.157575692822
64.94614970418479
58.7576822016673
49.38158479048036
53.02720987176457
62.14748940887358
66.32707920343826
66.45696187943335
63.65090085579402
59.489367913975045
54.71204040903946
48.11864461693642
39.630092338031105
38.211303533154684
40.84067233914421
40.7173760137486
38.36216011570545
35.87769427639328
33.772983429823164
35.95895740300595
53.169315205479705
65.55394360599323
72.78672268950925
75.86044450121791
75.41287132799538
71.9859038919405
66.23076534648692
61.71528275826543
60.399468088367556
56.73300958645299
51.109728556521674
51.11665160495701
56.78403810577683
59.747841600784895
59.14200675269899
54.87597249972381
47.18505428304659
42.459653581365174
56.84737016498719
66.37476518862412
71.17449217102784
72.34223637366556
71.16951814201897
69.40138137117005
67.69440470194199
65.09664764229144
61.97470548035171
58.85392409120401
55.068186883883
54.09223812871793
53.393843237582274
61.563574340695496
69.41996195063463
73.05364545913939
73.74001141936257
72.83418213213913
71.27930176302809
69.66969270796756
67.93815764407506
65.03735743092936
59.357967356085375
51.74926140503379
63.3631307071925
71.72168753360117
74.9449848546407
74.13519698167002
70.87912482715726
66.41421536806915
59.39309187676781
59.24690946017208
65.67542082209752
68.14985007800529
67.36026200667598
63.76421257568001
56.96131690710964
46.56093321317745
37.18936958034152
32.52136125805676
30.62759095322597
30.92371624157358
31.303042731171274
31.540923985763257
31.457135610615104
31.627168426712267
32.21393478457129
32.45727897189574
32.12614849559139
31.697314151378592
31.720891542407767
32.01663738685531
42.57316881430769
56.50046443377879
63.488522211828496
64.93085272079037
61.21238202244448
51.97934740444036
38.84042935068007
