File type = "ooTextFile"
Object class = "Intensity 2"

0
141.197641723356
4405
0.032
0.1348208616780031
1
1
1
1
1
35.545512366714846
33.70037846874412
31.027642181561067
29.779977175098637
29.453787560587486
29.05802712006857
28.791232403265553
28.729079166425606
27.848321994196354
26.71180499051632
26.209174541395548
26.157417258555377
27.849417221286
30.173853280898022
36.16977230840158
43.69836283660557
49.71650290574654
54.170938132293244
56.65893777391534
58.00686719062199
58.511317254670104
57.89027509049948
57.33693825642951
57.254885736272875
55.1616246540868
50.461583852886605
46.19936218534282
44.776177859029545
45.301409804476044
47.28668700121364
52.66918275948765
58.43955720896155
61.53840931595283
61.63271354281121
58.593179469427
53.18392172463477
47.6661276559209
41.67961706434335
35.39990340766791
30.887587539379098
28.266539461360985
27.419953354889316
27.07782704544108
26.579854743571993
25.87375258185489
25.4863362446332
25.400989282026742
25.354228567917232
25.062228950489907
25.11295078391636
25.522363505747258
25.094842181524477
24.275098076105316
25.079869551398968
26.7948777649583
27.65274104782528
28.29740794297802
29.156983783434747
29.18685744102943
28.413363776289152
27.814898258067046
27.096151458064163
25.887988252714564
25.04906905271894
24.893328188213097
26.410547649744366
33.44156771956901
42.37680733560236
47.17697312553207
47.24911729024165
42.4693230693019
37.169591045939654
37.562131390904575
34.360714394259226
28.13267445058491
26.49822804914878
29.172181393375265
30.647373360390155
31.658109711928656
36.72612477315587
40.8516081609482
43.03085753836435
49.91036953328496
61.88476354926455
68.69949105911998
70.31418232402068
66.87726509456778
57.787836725919554
44.732494060774485
47.308282113276746
48.87292854488873
47.90548921716003
45.80370986777411
43.375276301016726
42.05407467710016
44.098357656278694
53.58095827290743
60.85745882903663
64.02966389759828
65.01923686417787
67.4724237564049
70.15010592553
70.66781985655878
71.3751048719145
74.94233383097989
76.42423403668619
74.32528049330836
69.45431902483267
64.15950893026393
58.15592957831222
54.45446607821333
51.487969711784544
54.827678857605164
64.70635406681416
70.94492616287624
73.29943091382809
72.22255862272337
67.89626551968814
63.53047270416621
65.63068557509308
67.43489554401263
69.08900740077269
70.75230431074513
70.05991700459968
65.71388766261768
56.89348713624408
46.36758436748815
42.87623405783311
47.41130648296572
51.920364709636274
53.33786209587078
53.08320070478367
51.42732492588485
50.66745023842108
55.70638770446795
58.238256457624765
61.99141691978197
68.71918707974044
71.91585930778474
71.71837000057747
69.50916180342298
65.8741114270992
60.70829667586513
55.43060672718093
48.84077256620842
40.82949335898754
36.09625800936974
34.13742872066787
33.86865206780895
41.534365281655056
51.79140331097098
58.671021722065184
62.61254014897996
63.6366165209808
61.35335441375635
55.26503837229362
44.60552581921601
32.473427961441466
36.37752361463201
38.0724972760753
35.861793649665124
32.1503773946611
30.618175241081072
31.477571278521154
30.65544002651776
27.62226651336725
26.115568134553428
26.904871755198137
28.263172785400922
30.48133084578112
32.04353026681392
32.81785845028145
34.88438102243312
36.28367246600501
35.71023048683095
34.96797590257172
35.79511377000988
36.76089277968318
35.38682780845241
32.46174299541646
29.393344150625815
29.46292024534234
37.892545937661644
44.12243220600132
45.73509975722742
42.964466598308455
36.94888804719114
32.15647783104033
30.040181025829416
29.090179817359893
28.035077465088452
27.322593433484013
27.911719803430202
29.29514627860477
29.651965231549823
36.22975569959507
54.77786102611666
64.64450764421345
68.34024824139371
66.86759037308687
61.03997352582658
53.59281714064606
48.34809498847494
47.19520604552706
46.819133847343004
45.6625188196788
44.57715179679808
44.45464102907138
41.66184319414075
34.526150170134734
27.115916499103786
25.610346439934446
25.44127180664684
25.109609383351582
26.024474533688384
46.224825535668366
62.57181773176952
71.99208002301906
76.54888249722755
77.61609815138029
76.57689967020575
74.07302422736217
70.20388464909775
68.5395163512565
68.4093973653136
66.36954821789843
63.578779421234316
61.84033417311576
59.782922192648904
56.33791371371384
52.149144361319706
55.00483659302106
59.27392665754959
60.15969668266908
57.97112466394077
52.81769793235295
50.34585323707283
64.56462039443159
74.21153806046208
79.26206251955237
80.89657868447785
80.51785782455107
80.01393211833481
79.93281479600579
79.73612156556175
79.25089498973301
77.8093705550997
74.32037724809221
69.14384544168149
69.7402028901191
71.70251758442304
70.1283403997183
66.53051055827636
67.97649151313546
68.43722025972485
64.33963072854188
64.7182768890253
71.21196562808098
74.27708439135833
74.80579723168722
74.12357792329183
73.31377067931463
72.8524096660847
73.57904421062916
74.71250074763897
74.0014004727659
70.12242165477599
62.1675136509893
57.18379847892457
68.55996013710865
74.84343791451236
77.07141034585027
76.67648563128455
74.21694478814557
68.75605937833821
60.299122310081856
59.78415085360051
68.26933224423439
73.40181234512451
75.08980692283008
74.93740416578413
74.68552687647983
74.4288630239689
73.31932908484076
70.91734032595768
67.09530700193895
61.61817699901
56.285644496396955
53.99149582144829
52.98933662148633
52.635061511734065
51.15824055283853
47.46276443939735
42.066324045821176
53.37884518630795
66.43995053496637
73.94830294591242
77.70243640316772
79.29958090611638
79.64065453098455
78.64971591279216
76.19384934133105
71.90514371529672
65.91538467094979
65.18472413651908
65.64563731468489
63.91492597470874
61.54047937156407
57.872191587844085
52.80495013301072
52.934322521601096
54.42770567558637
53.30901003394868
49.548203599617445
44.56498178938745
41.86856923539978
50.352704725021695
63.374230435922954
71.31333113781608
75.06288410231912
75.76658473691043
74.97253676326206
74.55059963460536
74.65239132911735
74.5909774687664
73.42337192598562
70.3409123980716
65.88695453331003
65.77978044990205
66.42481428478826
63.523818112387
58.22722243978334
57.98196150026318
58.43665932068753
56.724626210049834
65.09366800534028
71.51967310364225
74.04204889781948
74.30412185519477
73.76357573202739
73.03454641245227
72.7629829605385
72.88871315447662
72.87709157373683
71.88759809909013
68.8306828509643
62.4754738689594
52.07316675045483
53.82496723002282
65.21990084092454
71.28473386095806
73.39768659484443
73.20931413844251
71.85414186456823
68.54026090717325
62.3955826809715
56.5768358406245
62.556333405496325
67.9904519543586
69.76397589825866
69.3521927545128
68.35535670654463
67.34461527032993
66.05239236969015
63.79040422910438
59.2966222119557
51.825596751974814
43.513725802383156
36.68355514307349
32.28906169130632
29.64385347536102
27.868932375325222
31.239643775006382
36.59716512612318
38.22535269764712
47.31310126810614
60.623441646698694
68.44075001727025
72.49834980246621
74.18276087371783
74.077711175653
72.41810629472995
69.56854596629562
65.47112903664569
63.255430703150324
64.65218184685891
63.80719310613812
60.64368139468137
57.55495887828495
53.832791734019175
49.971811941945425
52.61085564419646
55.17371428489756
54.95678980919051
52.101635050293226
46.29438109351678
38.25154538009933
48.15639334780001
62.592473812425204
70.84856490064014
74.37292949769307
74.59764205454691
73.84261577237756
73.67818032698753
73.2880651743493
72.11133911264874
70.17715131280322
66.8451754684049
62.76305710035244
62.90005501890143
62.55252390249332
59.39941608040738
59.3365241362452
61.00343095519879
59.07562370813241
63.006738234346436
68.7521248421731
71.00415641622244
71.10874947483734
70.71681170951482
70.23693481615447
69.23307425126828
69.0215646742739
69.66721354036898
68.78436321260695
64.89194385315588
56.898907749455276
47.806291679852805
60.294454006782765
68.58306111191253
72.38291780585782
73.2497648754028
72.74349340805503
71.24699315484132
67.73309237906894
61.23104523954385
53.73714768651064
51.65995176982241
59.59873381572618
66.27064500911706
68.94761744255823
69.15859736189835
68.65290320828868
67.74180754972835
65.36979773533193
60.45217184922827
52.39734200773668
43.78052938910666
45.81960607627393
47.93709780370192
48.50723670900254
48.182077037482614
46.600743611193884
43.21761717546743
38.498694049253686
38.37003188890113
51.635378539489274
61.91936999779238
68.56708642649198
72.47827644344929
74.50408606143303
75.31459499867614
75.11702173164431
73.03831894880928
67.90647987384463
62.17316179800343
65.4805456462896
67.30776799869923
65.97229740523953
63.27922356653658
60.657633383716444
56.69922175447194
51.295807433241634
51.48821350985236
53.88649579408282
54.744703630385715
53.68255221726006
50.21910381662798
44.76917187194654
44.09502564510716
52.128923826572276
64.81822441506553
72.02437792648422
74.72792505867024
74.1230509506115
72.24471609396504
71.44792801292945
71.2171686405197
70.81801780609915
70.07783016947008
67.72381758055339
63.75643090377848
64.02123567854375
64.77385410187372
62.27792951145582
59.32850774105026
61.42685090779618
61.13935547454631
57.577821048253796
63.65450885042594
69.26627468428875
71.2448719196489
71.28101032932256
70.91792122125236
70.14687201045024
68.53382104243174
66.67414086853336
66.5853196234463
67.18495821668519
65.47524410115273
60.12962783021904
50.23608561649003
39.306547319866425
54.599781943333184
64.88089470554075
69.94449918515925
71.2092667637658
69.99057616058695
67.06915424386327
61.876667857166694
54.71529192218103
52.11458044336943
58.64146861281537
64.74632658192655
67.2153954766629
67.50222222190769
67.20691806574806
66.59828371160045
64.96307219613837
61.23885442923811
54.541356549514575
45.02424756262247
42.67061263130577
45.59350447779436
47.036216466422985
47.30319890772007
46.27980188176537
44.1379900278375
41.35121690165495
38.94886803931844
41.80530592778772
55.55995935368153
64.92355910826757
70.2465199900242
73.09271043654323
74.78758556784891
75.6136618430689
75.0184887128122
72.16506392110605
66.29427780930278
59.47548384710367
61.61009994287997
63.539790779103654
62.84284368968584
61.331387141209206
59.874166171835775
57.37060630208327
52.84472882692906
48.813559127759575
50.16167313854763
51.19384762287456
49.50388003196061
44.47023881636636
43.245714095533
56.63541424942253
66.58878428459859
72.09098755444325
74.00973915934732
73.57968122186692
72.78537410020378
72.63523050867804
72.28171969723681
71.35104749689121
70.1370241987946
68.13872197807872
64.33274395899245
61.45682900105668
62.09630063525064
60.7578155470031
57.21146404402114
58.892273872497555
60.99915702581069
58.71745070051383
59.28589692714376
66.18648523367904
69.61973159188462
70.22702094701464
69.55667614303803
68.86804070136546
68.18247212711638
68.0291375509137
68.28861136422918
66.91631620881087
62.620279760274464
54.87294285569631
43.9233990068164
41.68924463017039
56.95914422046263
66.10271349363765
70.47931494574084
71.48335315300875
70.38593850662379
67.42042511057358
61.61573951456158
53.85050341272468
51.84480691259825
58.84201915814282
64.97120436896928
67.57809732970911
67.91499852814883
67.26751009040233
66.20089578072184
64.58089319924747
61.35227091724381
55.72198526865526
47.90899923874911
39.03419987821984
40.26072911614837
43.68539562433113
45.205700769989136
46.13812485456799
47.38616670976987
47.90890123497096
47.04545820775273
44.51026280483191
41.55306457807618
43.503712506284955
50.095629992843
59.23241696584134
66.2848194619129
70.25245997245953
72.16410946232986
72.49953228767279
70.5467540724007
65.60372426217481
62.38600504024653
64.39279925508609
63.692904792781036
60.912234133848614
57.29333905449519
52.31991047908689
50.57841662418397
51.609824173425466
50.653802861421696
46.873943216386124
39.76537220360658
41.76968652351303
56.656044787644966
66.55719924690554
71.51513865078039
72.51220119820401
71.31399750622028
70.57083941855919
70.42343681672301
69.95356895054906
68.86066082524873
67.14330468877695
64.6026041358778
61.039479809821835
60.93498700609694
62.28019396595825
60.731873800145564
58.625966718834064
60.51965978756705
59.88219485824807
59.23737352974066
66.32322547929135
70.22885046219463
71.0686791961133
70.78750935953524
70.29089660859958
68.9865062572434
67.60996752622174
68.10246535635768
68.51990452496591
66.04521407022625
59.547225917399935
48.98881192852642
40.29746852194798
52.456217337959984
62.66469223440896
68.11892585140737
69.95046550882273
69.41371968043939
66.98668526853491
61.91070993329784
54.63343344404562
55.7657153486226
63.74117261457115
68.07570043378638
69.30084576416418
69.15598205097798
68.84684604754034
68.17946395573105
66.11126880230242
61.60270597166729
53.9124199896021
44.10551777551188
40.870984992367895
44.46351113297056
46.97471650068488
47.057349672566026
44.86984152259637
42.485294365939055
46.02433847880431
60.94326799678381
70.90911701737333
76.41459940374075
78.75595898062099
78.79690532347712
76.69546235253554
71.98148778422878
66.21489060617363
65.67631536897909
64.93847230797894
63.1304166005949
61.02485530223526
57.479256639727716
52.990719176857475
53.574678241121205
55.34849318867232
54.497802763771716
50.400511002540085
44.300559696221455
45.83631991075762
59.85111012201844
69.63703277742334
74.77270123322585
76.49934314740432
76.0836912523384
74.82821328537956
73.27893873628636
70.6896908490585
66.42074872921309
65.1563527621864
66.62859390115335
65.33077048671069
61.19032574192638
60.418187442039375
63.955294699806934
64.27712259024331
63.79888920007862
69.23191808646818
72.64207676947477
73.72454492482044
73.87766398384065
73.56641169743116
73.11119771851787
71.69365279420036
67.58343558925992
59.68406271688556
55.95973295402193
65.57501364256996
70.82450964004173
72.08392282240705
70.33707466788576
65.87142884528339
59.25872813832294
61.40782695846341
67.29948597595809
69.77165133632408
70.17989865737006
70.00640199763856
68.85522335700621
65.77542331744105
60.04015212000708
53.02149654130226
50.072347127456794
48.660919189068665
47.472474341648805
47.285446781003024
46.243182371436816
42.3607667569117
35.24409615899685
30.06176299517385
48.23145723886575
62.60645085702613
70.96152863478795
75.01113703201324
76.22141829890806
75.7686384870465
73.95948135028988
70.07643291162083
63.366432109494426
61.0669187914947
62.433455667186315
61.391336434727826
58.618141851491785
54.045424890611244
51.88887407966583
55.27531451641268
56.68355248983518
54.34906438124835
48.228767709670485
56.441661110458554
67.57834277764167
73.39463584364735
75.20567979602751
74.58838549642242
73.71327503506649
73.2153195361337
72.74563759316946
72.03960469980402
70.18900212631381
66.2549962910642
63.69175967191986
65.15456392180626
64.26229708750591
60.50400557676408
59.5920046452713
60.99932055087692
59.39092523871848
64.5761544018775
70.1462215042583
72.08786820248088
72.19044358697342
72.11054991948656
71.97145067564942
72.21054891464404
72.36233866129271
71.06580294062295
67.29398358579925
60.02423955194871
49.80192499800842
60.721846372675145
69.64525947030948
73.59316255817042
73.70236066975906
70.84445356165907
65.38501647059925
58.110941670930316
61.72217871123229
67.35647015931883
69.27338909154032
68.4634691348435
66.4074201675055
63.50498458139592
58.677770748382784
51.18494745165978
41.813359431916375
38.83672201774946
41.82995287615759
42.136506725370026
39.82481353744931
36.17259863771753
34.57624516061578
49.585665197189996
63.39978925426873
71.73394199877491
76.0572919015574
77.70464169142105
77.51188492361547
75.41909984423918
70.91168257328384
64.4973001568569
64.02860184574526
64.84465069349304
63.37164043197216
61.50593899441184
59.194484148227
55.5009502233259
53.69377279978885
54.35645608636369
53.35459825319296
50.328091445761906
45.185624690280186
38.41403635090916
43.57921566222139
59.4034405144201
69.23388017805311
74.13720044281989
75.40401554071524
74.77865928469603
73.99999630577588
73.41741239075704
72.68006619115144
71.20566807083844
68.07289719005836
63.771349114904055
64.35375190196612
64.68087440529375
61.308490727163914
58.92646861174565
59.63418431886663
61.195702673994916
67.73389414364517
71.38318775129275
72.50681144613378
72.8028110959081
72.6461838403478
72.17860933590917
72.38874589166456
72.57887513002298
71.20493914818327
67.01640631491596
58.80846387122404
50.72569540478342
62.28370618546034
69.28928121744418
71.89624892564173
71.1933738174775
67.84563174624913
61.753977988098605
55.51096225683173
61.24717461123248
66.65111169148095
68.62490652694345
68.1912236992491
65.9907187670851
61.995367857055754
56.7017403348886
51.07292959411439
43.897624402414465
37.540519051752774
41.20992105947138
43.973655751375645
44.739896096453066
43.87824983983309
41.91088085449646
39.286552346119315
37.063506691828046
47.65357947041278
61.21763247376205
70.113963521344
75.06057633813144
77.13656098354241
77.21897470528711
75.46064207583227
71.21474874678326
64.613178909844
63.60966584067489
63.987128222346314
61.79835425879014
58.447775820958526
54.01592964295334
51.18624507128949
52.064040131846
51.797321279591664
48.43054874636307
44.593859550370524
57.307436651981945
67.502168151687
72.72726252786134
74.09825539818635
73.16719100723827
72.04264738124768
71.50090761115474
70.85689479199421
68.83145389454188
65.33008690063673
65.28803397038594
65.91589860907394
63.55805587945086
59.708297034705105
60.954662497682165
61.596283058862795
58.6455104905691
62.78727003989196
68.24996334223143
70.50419691057223
71.29254132744063
71.91341207615804
72.15196354080516
71.29169458186597
68.56151344025021
63.126648526723145
54.61658322425806
48.61876291622388
60.10027324875416
67.4474421518068
70.19891460467693
69.84020867700465
67.50957183066278
62.7639461554957
56.09172109793608
56.20193575721041
63.46854698511757
67.53031500687092
68.40214054191
67.78179431280216
66.78661397506788
64.72929186107088
60.4095551459925
53.216429650617485
43.793669300964766
38.10652675946081
41.39150568099006
43.768968493590606
44.49449159871202
43.62025630545211
42.13254903168624
41.74123368151656
55.70859583144356
66.61404169186203
72.71102082469513
75.44343279667777
76.15259829891889
75.75067116800179
73.82422508204292
69.11485821695217
62.86144680064969
64.1013070068743
64.6855028091502
62.48390315386537
59.16844408363979
55.05744326841775
50.95797078644895
53.1658847145672
54.99426938352435
53.35690838621065
48.40835348378023
41.15979620553112
42.146088917192095
57.81617955197866
67.89293881669096
72.96063661154926
74.32854809872934
73.75275776477774
72.94968089725138
72.01480419333505
70.98030846744712
69.25024184507537
65.59936365383105
63.53213104475582
64.62424454948938
62.94784123395896
58.418404803392065
56.55700085445801
56.07003397625355
60.57199999939131
66.99698062279907
69.9418684810185
70.67413413861343
70.66788558198928
70.08187597195477
69.1865177599596
68.97658940673222
67.78065522547524
63.631376819018
55.452129754120485
47.10915468046599
59.278721384460944
67.07205877539542
70.3618602944586
70.31291606272085
67.76776836470239
62.722411633989516
55.19230900055585
52.948296751614905
59.46715703561547
63.83843004899557
64.74737882550005
63.205637739827566
60.626016971653634
57.50942741321013
53.03715000377296
46.36149767052945
39.55796880342218
42.80558764564709
45.90719069229691
46.825094869630405
46.5798022675104
45.86766340087057
44.115212830717056
41.02031771769762
36.96323104265253
39.572594951578324
54.667766710948705
65.26762334899449
72.13790335053221
76.05951860380652
77.33431977539746
76.10130834850922
72.20344395910546
65.5072877312254
62.5544927858143
63.43672839634423
61.68268844753613
58.72528388467899
54.99650201945069
51.678815494295556
52.53768823140551
53.23678051553475
50.87873062101983
44.89085349597269
39.19511770728786
53.51204114302915
65.24876688247969
71.62470956034173
73.81932933542684
73.51458598053819
73.11835207387387
73.06232973255894
72.49968642830692
70.83491042085667
67.18210257362252
64.0563119653889
65.0735646322914
64.04426940653917
59.90679668528985
56.82311345372298
56.124624805529834
54.21763393651548
61.66926016080248
67.62511694767072
69.89100504389705
69.70028146560361
68.55466160171557
68.13250746695312
68.02433757803512
65.52043494687284
59.10224777525827
49.64778034693489
47.924269232767884
57.849354880289155
64.7731128401343
67.91505706348066
67.76670383309417
64.34913831462944
58.165798968570215
53.64120158514603
57.663269641289425
64.14065426163208
67.06195683568478
67.26173613154072
65.93610332461283
63.02150415645749
58.088958108754134
51.20429383529901
42.75063176499329
41.65061189745538
44.822500879510656
46.04311648347833
45.357426502056995
43.967572748032396
47.36248950771977
61.84368899452628
71.97401562199519
77.29910779953976
78.6408138749895
76.25701637344979
70.63109036635777
67.39160225131444
66.40989736317266
63.51654230466644
59.29673772254887
54.491980288542415
53.40010245188648
53.644453390215816
51.811171381987776
47.002109794917885
41.91001865983593
42.71434188222048
42.45545142889029
49.04767740477416
63.502276961629676
72.35502293922005
76.88015244545221
78.4915925863206
78.43097422363913
77.56209207343517
75.9456901335619
72.69639129497618
68.7696996062471
69.89941619415626
70.73253519234044
68.42920373763255
65.87252275632643
67.8141174350059
67.7980049958473
68.86058541169652
73.35466227012591
75.27708313365012
75.16889847127038
74.82652230081239
74.61097075216455
72.66615405506036
67.52802017316587
60.149632282904975
66.95821940932694
73.46600261248689
75.74796935111291
74.42025333838632
69.58143828383136
61.546293965735146
58.68844686776802
67.12129777925169
72.76929842710987
75.00619818529678
74.66700901422146
72.11235699820479
67.42542593576593
60.48556222114581
50.33015805272791
37.122374343496276
34.05871049107486
35.68086449289657
38.05805455293233
46.79690094478235
52.480075417336735
55.93815153758314
65.80516230234542
74.08192925290291
78.13788247176176
78.58607442316793
75.64887619964594
70.48636456985831
67.92306996678059
65.20906255151463
60.257417460969044
56.680077588085574
57.90597864627873
57.66778611009635
54.299887942401035
48.17782520661399
54.81251416772083
66.70079476191961
73.75698032602659
76.86124607876725
77.27222722738779
76.76178125102067
76.44339491563744
76.01708286783153
74.34396719943352
70.25051168460931
67.01457569006271
68.39197145343509
67.44296507571302
64.41273639427182
64.84782667701396
64.7102073348522
67.59182268878189
72.60986771382244
74.43376121960422
74.55127616425884
74.64913657074563
74.39562707053786
72.23468953813351
66.70665106082498
61.48674001037263
69.18431496990174
73.77529706015909
74.39715778814804
71.57277615614385
65.55171475982989
59.2509804182707
64.99618405870405
71.12100769617219
73.67709995704873
73.63608104277014
71.52082854003255
67.38777676783698
61.77870166583461
56.29544532689324
52.64412652279943
50.47234901524532
49.7658295791379
47.95933827773414
48.67576461072167
62.391695159988544
71.18584023357536
75.53430668035317
76.40245889276659
74.18573113894956
70.0044920200011
68.5283579356491
67.29157229080427
63.65418570887424
58.86156986412162
57.07532359571685
57.27307429996103
54.96287363630781
50.701468074032405
60.34887936187839
68.71447047294763
72.73306054210389
73.99417829488009
74.12256577194974
73.64343971560969
72.32889659795289
69.67616786454475
66.44840023346583
67.39795830153446
68.43863949744349
66.39661793936192
63.14515088948383
63.564454479139705
62.5651335803341
63.88406849966597
68.66968273215076
70.81901708403665
70.9968943412838
70.44542608366106
69.75484066482844
68.84059273220612
67.99028618925692
66.84306735401952
64.38023676226705
59.96940025301615
53.408103744924375
55.02111888454425
64.71500246657193
69.78782005183217
70.7054746933195
67.78394320042794
61.72507837434776
63.44657652061112
68.68811189342412
70.66556316532888
70.04053314815837
67.83266718765265
64.93711785717727
61.234355559343385
56.167785607930156
50.87783360549406
47.79059880065823
46.03724222520042
43.008611497191076
38.473990711626456
49.87358201033782
63.19200769753736
71.00419811809363
74.79930408269348
75.62339845785424
73.96076930570015
69.7696914911354
65.67451312932492
64.73169290664066
62.170152841769706
57.83628658414736
54.866871785266866
54.97693556059922
52.5194072320304
47.91324316013471
59.22000168930222
68.74425111807099
73.66533193116871
75.29066641851314
75.17198752423848
74.39593252277169
72.17651325736665
68.41913545923777
67.5947145324746
66.96737143675564
63.52385921586692
58.79025055086303
57.07192418427379
58.08623837934226
58.06432257756016
63.226858648147264
69.59279887540558
72.52576368882292
73.28006564805608
73.03963733186669
72.73423560543667
73.05007439842954
72.49092222724282
68.93320709284156
61.30637322711128
62.12775799857981
68.97761227623758
71.3662286938844
69.78912933061466
64.50563523961166
59.97198272652855
66.19535361878167
70.25583903633171
71.25258694020992
70.10981287921388
67.17394026947225
62.026083375256306
53.738904039321504
42.50039983253637
42.70344374999116
44.7894590056336
45.1178031464045
44.118613180107275
42.37679539689794
41.96490612599704
54.28131717276925
66.09043385051474
73.01957577119103
76.13800278277171
76.14372818503466
73.20386889899214
68.06949270870636
66.40436665033492
65.56345937934371
62.80501911356212
59.4353295186069
55.47430463895929
54.71990227619835
54.28288456093435
50.347488188622634
44.84908072719741
55.463371080355216
66.12004579843163
72.07622535548843
74.29531190658788
74.1973250366115
73.68692426802548
73.38100628862922
72.56430073802548
70.04630721610992
65.81932339384605
66.23042705347474
67.45116363204004
65.39357343077515
64.23458756308824
65.07106119070775
64.92164672894933
70.55359762323361
74.5074000856331
75.84459830126292
75.9989988338163
75.90025000548911
75.52612839917768
73.34817008680867
67.77402440193035
58.382174409821076
61.81884550136636
68.7193178045652
71.06970017556165
69.69178736626805
65.10243833328741
60.943168288990044
66.91561910679211
71.16850689598154
72.84276634930257
73.26601085711248
72.19984094174768
68.87888948354872
63.33646319943795
55.903740195025364
45.64424908205565
33.79721441847839
28.08833944147156
27.166019508526436
32.842973941741676
38.809560664644394
40.41909354353528
48.149120566636164
60.171608982259414
68.0530659241722
72.07857004948528
73.02542373280546
71.4380399922274
67.08889207774882
62.62936892803468
62.79878827172513
60.76103236680731
56.050674798372846
52.17508945203758
54.11301523365741
55.46414491551931
53.16498974742778
48.42195299840092
58.63655382812887
69.00588256225169
75.32983662762662
78.14781721141209
77.83467067939637
75.96895578697793
74.12778192353842
71.31928106599152
66.93374133035371
63.24444424035175
64.54669907192631
64.1514212281009
60.828117586478854
61.403768817740044
62.74554919433101
62.444395488494024
67.95337659621926
71.66583708344355
72.41903613322234
71.87091383123816
71.95439493464312
71.87369061960143
69.18300159299653
62.64255942170134
61.216664308181414
67.49837587758046
70.16559963341267
69.99500427401875
67.49258060029399
62.22343557317381
56.874489631567435
62.70198729297013
68.68271795350572
71.01909092110485
70.28347941469507
67.00620262966238
61.7289039423975
54.98720339509018
46.17888474644904
38.06225464548351
40.783533581846555
43.11643820614517
43.42703357483494
42.46511307510872
42.25954361866992
44.59609607349108
57.46949683055041
67.50165889603369
73.10546302527057
75.1490300636069
73.97326375459886
69.36983863054485
63.21755662241357
62.004176659232
60.44759153572086
57.087959843453866
53.62923138494145
53.92199158596084
54.07844818552682
50.77199578869863
53.4619568976467
64.42730605888671
70.73914912345452
73.13638712576241
72.87416499725941
71.40128445369669
68.68139678560689
66.13586474492803
66.88517210465555
66.01865399824791
62.57321461977906
61.05108749522675
63.35818089818605
62.97517461581794
58.67256570733873
58.178824741077904
64.7647636863901
68.1689405588834
69.02367402874842
68.28201431832721
67.27627059818852
67.16059289684412
67.01919751737903
66.37195022849247
65.37322899303379
62.775553003636105
57.473816455690276
50.833747599599604
48.34534508414787
52.909102043148515
62.590425059891324
68.1004538034043
69.93085958602558
69.08794587845006
65.89632978758777
59.60489626696882
54.690336869022396
62.04129185503617
66.29021330870239
67.55880237937217
66.95161692504821
64.45136401391702
59.51608421628957
51.913274516701044
43.35846240724885
43.059436883985015
43.43240507006344
43.01317906475329
41.922246184831735
40.90974816103174
39.272049876461246
37.64324224769807
48.85741276575108
59.77499574450634
66.52737730521211
69.83408796241838
70.83384185740242
70.7051401146904
70.04696126692495
67.73681184332877
62.24636049184718
59.02079075898855
63.15752529924207
63.8906806709545
61.23261623917823
57.4892835757026
54.92328098538425
51.50691035993833
48.29554769079709
48.93077137652555
49.20957285397669
47.38598965319781
42.705884956070086
37.53359007589194
50.94365042743067
62.80491566066537
69.6290234048941
72.38515864720162
72.59024218411723
72.00315637674808
71.13384942311186
69.98875649630426
68.72707784476273
66.7308534920585
62.73655266582232
59.51418390979252
60.435654182622436
58.75568731695274
54.00994092914459
54.5498656466786
57.278361123846075
55.6602973010441
54.007929761158394
61.00735516220746
64.82571909854333
65.9233426348476
66.21564917755192
66.30333870351949
66.17101706285992
64.88274001798092
63.10856489044568
62.13494122728008
59.30951592693447
52.8486437490387
43.020813593152226
51.50028933397283
61.27078188426829
65.99292026099101
66.71537538204844
64.4187845589895
59.68798884057817
52.855414992181295
49.442801386480824
57.96119121878952
65.31038371707754
68.3336938220521
68.45402006701517
67.87339794777654
66.97220204481594
64.2287936317703
58.25179033255971
47.95258500749835
37.47491094069468
32.37061262804014
28.278593213011554
29.042942724934978
31.581506680052335
39.49207868434709
44.409344340602345
44.24012316248054
39.04705181126196
30.94540518652527
28.376834092501024
36.42763769641081
53.09867888856124
64.66319322993421
71.0863141692308
73.77139674876156
73.65518153716381
71.32493235056914
67.92148522946322
63.587911303175126
57.06577873796192
55.85860235367069
57.856899638496074
57.97082005066819
56.50088101489288
53.62186885426499
50.59813952312521
52.037364728088335
53.592822980916004
52.48210931754735
49.655987881118904
45.14656954670286
38.13267195144009
44.82858110549083
58.91679979685576
68.30091609239364
73.05063609327657
74.0927587249928
72.51750715368904
70.3805860558296
69.35155491158764
68.60812236593294
67.39226993033546
64.42001614420133
60.91411498143739
61.9207536670232
61.442071088746026
57.46108061691429
54.42397551757761
55.23507250284024
54.158543984083856
60.24395262420797
66.18624967647611
68.09160434486648
67.67994650746576
67.60517710968409
67.33733555893417
65.87062640998366
64.95483952372527
64.8825139266911
63.729331780091805
60.64057207348526
55.02814323922978
46.77362867297894
40.53832067954448
36.92533585409693
41.28716418909585
54.94249267390244
63.29516374182336
67.05103364286187
67.40564160212335
65.65949639739716
62.35313528932679
56.60654223777633
49.93870208901817
49.003886845821995
55.62874004331182
62.21383733206718
65.05292765111504
64.79163607022139
62.4134911284392
58.82110961054814
53.775015676128824
45.71822053284227
35.451626359744445
31.853610387644476
31.21645608189319
33.18730950607587
35.36072763609549
34.97413424980613
35.135957146402326
37.18883931231447
37.765416681787585
35.40764406498594
31.085356037820734
39.83316695197816
52.38243417247962
61.10825469704322
66.19196511166092
68.36487408101695
68.95072300375571
68.99444134713282
68.10051765897535
65.46603560196499
60.73278274868023
55.452462774079464
56.13339897030784
57.51763845218987
56.4908839385474
54.432365635115104
51.64986086087041
47.90645450528206
48.18475278897526
51.24878038882321
52.48746836131175
50.756065120123736
45.59871576686541
37.12234573008211
43.52230548010215
56.30439804437623
64.78228388154277
69.25538798974263
70.44109223943768
69.78690044616889
69.08848503454159
68.59148819108785
68.20723646518674
67.49475682913756
65.44930282462302
61.41814151446988
56.249767157303296
55.5635938221988
55.61073320491787
53.784526208847375
55.64265703286452
57.65935012429633
55.42388446844448
52.283428646216485
59.15058038067785
63.42153101798396
64.57100279433696
64.36656686037998
64.20610834605864
63.8533685205907
63.302448141311515
63.01063506588419
62.38534637155623
61.165615159653434
59.178667462267185
55.812989452553296
49.757821607865495
39.956111341901725
34.010092364649076
48.90624660401275
59.56735050450061
65.63469832196057
67.97375537228565
67.2025636170722
64.06196196093396
58.829654612710186
51.39179024942898
47.85499825061659
56.2252020140579
62.64742902373102
64.95928699078193
64.09953788677095
60.92296698403757
55.25551748858865
46.624166357935536
38.0321751302582
35.47725274575653
39.56175462259486
43.15530046755795
44.76032534602787
45.35348392143313
45.84263607064125
45.31266561037182
43.37542257287856
40.48011672180843
37.14056111816264
33.850001175347565
41.68553262827775
56.00306995580852
65.28724871527018
70.22906162050593
71.91558560769
71.78890305956587
71.13112017487109
69.98015443009513
67.15029905070423
61.449888773484666
57.214526508862484
60.69348551054871
61.62460684265319
59.181261965322236
55.3729451366261
51.50055117644876
48.39669944221424
50.56137189476283
52.128870350275214
51.09040975020306
47.450475871790594
41.19763522914633
35.37309993664692
47.26748644491622
57.9442441342931
64.48366901745791
67.87865253487092
68.90487723367583
67.41757043631016
63.6247601379271
59.573587302794465
56.94886954340711
55.37595237206428
53.92434940761874
51.135259319456836
49.46727548444051
49.80343587685184
49.43536280649111
48.619325600108816
50.69717714720376
53.725482148879784
52.9263747566425
48.615593349936546
51.79689055624536
59.27756380849505
64.91617150509501
67.98390696181406
69.00168181162121
68.591870409245
67.46291401463539
65.99958702323676
64.55941246106912
63.076372662091806
60.09455895319703
54.31628191842108
46.277015580156984
47.308143994009704
54.752513458470204
59.97170826011187
61.090073082766274
57.97579060063093
52.464212539108416
52.11010229371085
58.83422828829364
64.01011795872121
66.26690220546946
66.56263821649492
65.72814990238577
63.60771435809953
59.65847298690679
54.088678548991105
46.96272296992489
38.28835222646422
33.26413157270278
31.48716466342848
30.310107225098513
29.68818004008105
29.631577968783425
29.391068042443994
29.864791953538496
30.683289518836155
30.08568638918197
28.661105005546514
40.41843344709376
52.96157846934162
61.962974042240226
68.11780070082166
71.34665866427027
72.2265147723501
71.8190750778501
70.3899136485325
66.91130562557243
60.549034453651835
56.67720614269343
58.29256623164347
57.20243896012838
54.38348420581342
52.413645775272634
50.230770481159524
46.97518812168828
49.035482675194345
51.36186464045782
50.80468056676242
50.626639575148985
49.88849569997991
46.872891839477916
45.434995246815475
47.605869011606885
48.53096223435082
57.5407198574942
65.70819164675507
69.60891009575553
70.21370981630903
69.21443798845931
68.05110586672781
67.08835284819895
66.16418598050385
64.47616033104379
61.37711280787602
56.43910785229447
54.371294624948035
57.61440725579365
57.6835983932105
54.19564073909357
53.282802395687085
54.46454889049243
51.686071936154434
52.496393115304166
60.535144025872285
64.59468084632105
65.21148839167316
64.02425403487173
63.082124816347054
63.01298393344166
63.45624768838107
63.42743809278871
61.973511497173874
59.05917213733811
54.6037756982118
48.224412114307896
41.14050807467684
48.33678937969879
58.28086946756769
63.70393424560764
65.45054430450254
64.4622889673431
61.24734804019507
55.40535750661422
48.27849776383785
48.38458361683319
56.59297790497257
62.46637119582866
64.66257018628534
64.36820114981674
62.94158752947614
60.669950507955825
56.592268969144904
49.53525575714279
39.69098698593934
39.43328400050976
43.49629456602667
46.18377645901465
47.45379117895113
47.22037635915109
45.578602386983
42.59222473126391
38.63130586096154
34.361836112413194
31.965394877369793
44.037521886571724
53.00528704946821
59.74679894111598
64.8305057555425
67.68551449417414
68.7855313153827
69.0330654265339
68.9895974765007
68.66537948943713
67.93802683878357
66.40181331317092
63.41734969460213
58.25501213362582
51.37396778857405
49.073536492475455
52.4849458494625
56.062159591310476
58.330118310686494
58.93998636220414
57.683809420336075
54.73651764100146
51.31636096104263
48.86989776261271
46.680409421872
45.71117986605159
47.393836708131914
47.19378179798656
47.65017282088071
48.69913051827231
48.45642080726283
47.18013324709696
45.14057874199431
42.41214562802018
37.681235037350355
33.94659111627234
38.5748587187268
40.86343567815764
42.402527362447834
45.65140123915058
52.50285263482635
60.63665350802101
66.45127718088288
68.98906622414587
68.83425967055777
67.33032148937171
66.22478511970749
65.8368875350028
65.03362727787453
63.486676292053026
61.681775059198074
59.22429482488365
55.00195296512721
50.6946845444637
54.27391098194876
58.304403888682415
59.76743823891158
58.39200216099212
54.17775772369346
50.50570725716642
55.30128032151001
59.85295659466895
60.39297573340753
56.53598462011882
48.02526644214315
42.60191259540804
49.25715482349574
55.25961024658044
58.46475727214109
59.68694846093886
59.997525787903385
60.444098559202445
61.01463820440515
62.19038777905815
62.770318760261475
61.61976855950393
59.81122608011457
60.92214316975317
63.05960114606209
63.41032356522513
61.67642974775841
57.548033083524466
50.724476679994304
42.73461205910829
36.275226352299164
31.37718914359897
39.62316115184325
50.645216281885595
59.3176313020053
63.88797460528008
65.34350730450773
65.3730383535594
64.35906416425726
61.08925592941099
54.861988735047184
49.089373505740866
48.01080152984181
53.700351093334355
60.643638156572656
64.02165722132861
64.80093429592395
64.30896642573588
62.879607277417776
60.979527240370416
59.605042540888675
58.888878917013656
57.65512487983254
53.903906604431675
46.57791356392694
37.28890680105906
31.86986271584361
34.93859256283352
38.210701455176014
41.67536028386838
44.95612916463897
47.02634278091027
48.01366208804374
47.83179220532959
46.301220788382096
43.338491182531854
39.545681234728136
34.80353415737365
40.12706364409063
50.64469117979271
57.98776441247006
64.19509231373274
69.19507010465554
72.78253624311748
74.49242222394372
74.3444859514885
72.92870146063947
70.51267824140994
66.51016868763836
59.755149997450665
53.48566310696894
57.941665994328766
60.08184025054924
58.819207181733915
55.42773590455663
52.4531256516379
50.522850558673085
47.89431282822499
47.86420253361416
48.301465312249405
47.66805812372439
48.54280516344061
48.87905627401443
48.43526250783093
47.172293158076286
44.175104135159884
41.44808499170609
44.248072043722374
45.81462374016959
46.39850356839119
51.224373942518284
58.965039567277216
64.04210816571887
66.08965535358931
66.36445962886296
65.98957480203627
65.64185685382716
65.06868241808871
63.953361251415764
61.93128452816446
58.50181413723562
53.983476089362945
49.117277202375945
48.97884973564261
50.39856782609991
48.9563132347699
49.74961118186137
52.46741013307252
51.65441447181151
50.49309664978721
58.21809986922809
63.09272570179063
63.46375555963714
59.31550064181187
50.857888253224424
50.01121706269409
58.63444440957188
64.74541297857292
67.08448312449461
66.6609823871531
65.00403516482405
62.86462496016072
60.50913892220485
58.39370290120284
57.02297089002749
58.32597255708416
60.62339897428132
61.73212788679035
61.640597887625574
59.67234661855499
55.057897471464926
47.47100816532787
38.5481627269929
40.995764109900705
44.92263056230822
52.014303833312255
60.84836133421695
66.03587830267526
67.75017534855124
67.32929765746424
65.59825810711172
61.68962340750515
55.2957097994736
51.08219508402735
50.32394823452854
55.2968624712129
61.88909189647967
64.86034290602417
64.71110191060048
62.72104708011084
60.87537731593076
60.363110720722176
59.25268707819989
56.52561857962981
52.33020862086563
48.60582366778879
46.619155405532055
42.056299191182276
33.594662884322005
35.32609236868524
40.62622426204732
43.742100965043264
45.47296498452817
46.282058444677155
46.28090664775818
45.72927925472047
44.85548784366075
42.75040382607604
38.795201013914884
33.471261549588334
40.511067922755224
49.03572254136521
53.81029583855117
58.15251198571369
61.88072909296515
64.8975342661176
67.46587662233645
69.22883588699376
69.78513008914061
68.47854778755676
65.0826589903593
60.12810797470274
59.23612680896064
61.0958526640249
60.2953578496032
56.816620426510475
53.22992633418336
52.12441660515742
50.40621719489928
48.86466558384636
50.05741477332858
51.33155524169516
50.567872769435134
48.26548238490321
45.05376371983172
39.28594323731505
30.331303237667555
31.43950187292345
42.243348262359135
52.77372570976445
61.61331120380501
66.3273643531274
67.47389384215352
67.09808398109638
66.87800557322512
66.22368449710783
65.7028076391737
65.9381730631801
65.9760563584552
65.02879734158873
62.601079359014804
58.205180692031924
52.41418108167601
51.57144223008294
53.45901990426175
55.11637136305738
54.27223347205774
50.785442878460515
48.351582251674415
52.37952021169651
57.10394638590448
57.560187227337245
53.431830335750725
49.821200134455054
56.914475107922506
64.01281123155431
67.82157512861954
68.90800595143804
68.76452750162547
68.27043094039355
67.48742284577978
65.82114285556045
62.912985936027006
61.665258526124106
63.53691211954718
65.47346317081596
66.40040761550387
65.93533457871352
64.37260605807705
62.158389917152476
58.70533530105096
53.36137144726613
46.48067600883336
42.24591655923598
49.09828652283632
58.83854129148087
64.70395765271961
67.16471826174976
67.69477776742276
66.47875501322542
62.315583860705814
55.69273777482213
52.22236926889231
53.7892609016458
60.87374907838055
65.5363644139678
66.78310807862223
65.9364297479137
64.62451596132752
63.47532612561068
62.555990201360956
61.586945768496705
60.143171690526025
57.949062698375556
53.94264606065936
49.534339130920806
48.258265224935826
48.639711304634815
48.17195836774068
46.629303126500346
45.96636297986364
45.55828176789311
43.48845410402474
38.85122418155555
32.12592925250297
27.367490087027676
24.774656936672834
33.27709707669459
46.67332197387229
56.684488420430796
62.91850282311902
65.65952582959221
66.29136646563293
66.53660078197454
66.37988615972591
65.38002392024193
63.991616994796246
61.428263339552046
56.477016163715426
51.31698857902853
51.31018312932945
54.669557772325994
57.04237429848375
56.75829184769335
53.91911685127208
50.20620091745443
47.40076971524462
44.933577732229594
46.66002451697426
48.966437574149154
50.718296339907226
51.73393815812141
51.586197291172226
50.23126835920057
46.50838795047724
39.06969672044654
32.65053172902968
40.30616317496558
52.063655743422565
61.30083958989527
65.96924665131317
67.06667727327888
66.72039242033877
66.32359578185772
65.28345316492606
63.83341087446549
62.826149778408144
62.13567172900278
61.135414595160206
59.202778883797016
55.36830071707219
50.19593264998544
51.20946674782661
54.213242963042056
54.12499322971672
51.1647459472779
48.01366175004853
50.20909944016735
53.49756874627559
53.06899356386268
48.281932866887075
46.30495566130093
52.63911640428112
58.18313807805207
60.632572264335764
60.56247295437964
59.97839250077255
59.44198856860758
58.1107216483419
56.1711100305017
56.56696049985709
58.28484774752782
59.80070633781584
61.20509057535892
61.466593240993916
59.25496030028178
53.42388057110174
42.85104597766139
30.387014927480433
39.57509804613548
47.51401646581941
52.73585550656905
57.605122877031654
60.50486448376144
61.30640887862298
60.37849537089442
56.82975261839039
50.201801811729084
46.289822476402136
50.54640159116963
56.60564221048137
60.37250369002074
61.6709803548721
61.6918519459542
60.93919074137634
58.704186880093786
54.37946327194082
47.441619744327916
37.37908025412807
31.37341584724586
37.07487102067874
41.818908790627106
45.25096767094682
48.143367344919795
49.73576428682669
49.24137332381565
46.976405744213146
44.06727076764607
42.10483521108337
42.83725122703935
51.87604143154061
58.78479100332916
63.51584719267369
67.18854784143387
69.92534596988192
71.85107818051532
72.74380305360008
72.1079813381415
69.72527200917514
65.48318907439804
60.51235765558681
56.144641671317245
50.66910379482083
48.90053787917964
53.77690657510029
55.600894872316644
54.40730339055973
52.62237977165238
50.868850491968736
50.31748648324468
53.08433504086831
54.47575817382593
53.070689796788386
49.25619788847217
43.02772047042388
40.465907550643074
53.209472330889426
63.102364267048834
68.31826431513362
69.47725998575638
68.23567062202298
67.40900787241135
67.12580452178256
66.88320150907705
66.71561431310533
65.45984241900983
62.04342194365461
59.465671618780256
62.45515948610862
63.753348365306415
61.68950557468356
57.46494834884992
57.79416559208025
57.933800577491574
55.5616847397419
59.75222860731166
64.00591287272805
65.8253100097988
66.58238063821781
66.56388054478666
65.57363018253015
65.49325270689293
67.1435901923091
67.36649390696192
64.61818139239996
58.38276452980847
48.22674240569329
45.74308017872041
56.4452861620306
62.91575983488299
65.3649030922333
65.05748322291095
63.75664415211556
61.25549983202575
56.00148660538778
48.8355195478848
46.82008879688611
50.30833329376161
58.65542675891839
64.11643872997824
66.17735717782391
65.94009043040393
64.11342339160659
60.399614613856805
54.96803601316243
49.76543154147562
45.00047995217522
38.62836495610174
37.858042196580406
40.81628542721893
40.90223985037081
38.412643950956515
34.20878505693456
31.45694423729417
43.95714846802366
56.70737658099793
65.13552234768434
69.3532148931284
70.27493552899783
69.74234231811933
69.53461217193363
68.32023762609943
64.573794034663
59.873895585418566
59.54662813339322
59.71843279638222
57.75658124866599
55.11373993313705
52.59390984458424
48.971567600143345
47.11792617169296
47.85522565234832
48.922157238978244
48.57122872927253
45.45525123104526
38.95061825867135
30.32250853655495
37.97782684580669
50.63389544983198
61.3173183103313
67.31800478929235
69.17560147104709
68.62968835635051
67.99863331418831
67.24438780331036
66.28782638065646
65.82760778305384
64.97846546460787
62.01632887647567
56.7773196757956
56.03332881422912
57.20110699404583
55.26581762683546
53.73587863684275
58.03268861840769
60.19884764662332
58.111208227889875
52.844253848489146
56.57852978546164
62.41862117932607
64.81131934859124
64.9366811342941
65.12681864438095
64.9232433890241
63.848827159880265
63.46862319134745
62.592090999119996
59.145991129243725
52.214269145795136
43.55363011223395
53.40470639775538
62.013065827219826
66.2138839403025
67.6601380597055
67.9365120102754
66.9254822197181
63.20566524951413
56.08279731656016
49.86923957371577
52.39968662818647
58.66717950184232
61.989506135019646
62.15474003557139
60.00145584447036
57.04768047102516
54.59643879542175
51.872281593235996
47.06739678775929
40.50147875145463
42.22050000988372
44.397969417378455
43.69512096935091
40.94528625704116
36.91483416943637
32.31368994253776
41.34237675037354
53.058531631733
61.57632973115953
66.7107710097906
69.33384876130464
70.8886520888617
71.337867726496
69.84418325904161
65.86936870548782
59.42260599544692
56.58764577221529
58.5187712938897
58.89161599665491
57.323661286355694
55.275009870767576
54.147828729674075
52.31004581876932
49.066636744776915
50.38985724885484
53.74149723004527
54.423406999032686
52.33695591786777
47.64404536782719
40.404654401194186
37.95511276693866
51.89061761250291
63.04952112435312
69.21898622805917
71.3119288923515
70.56802162745845
68.9267492142185
67.93630200887975
67.68415091959092
67.37586005299762
65.68744057118516
61.363194394996874
56.68371875215299
57.478143494847714
57.421661385342645
54.81472000286972
51.90282712177932
53.27164233325802
52.73884761953363
51.54479266987338
58.52360262046382
63.989180471855676
66.61785841203664
67.31602579433026
67.01502434711752
66.249387536708
64.89867160855889
62.99997540448983
62.24120179998052
62.387171189529916
60.687413755760886
56.10159277067501
50.02622342947346
48.17692722457941
56.463515875116
63.29800958286622
66.5008028253063
66.94825667871092
65.2526919229067
60.72317401632748
52.979545290112206
48.32198904066432
52.73563174074716
59.44081151631827
62.72051161773152
62.785632262114426
60.611406835098705
57.26019703397297
53.98631337500789
50.58320371116178
44.861220515363776
41.28427050814438
43.89072749662135
45.52341998510666
45.24914280002229
42.45669258557146
37.93531000607474
34.557609130162064
44.241345318509374
57.38113818561196
65.70107346886346
69.90399361238505
71.32064631026282
71.49271822847531
70.71243588317995
67.66278672735362
61.74946480049972
58.28135360655811
60.16828203481645
61.16721074082487
60.541441370705286
58.5291374569872
55.298422244087774
50.877650939861965
48.6555995495912
48.8323884860538
49.397563737944125
49.061734841896794
46.63145955260798
42.38396502527725
38.906218866981696
36.960933246137785
39.15999139358703
53.83685653472742
64.45811380586738
70.40792998329737
72.56602896848631
71.98241092853871
70.32671494762472
69.28068386672598
69.12178295555586
69.01102709848031
67.70678844177407
64.07335671219383
57.791889758882576
51.58279289770096
50.799203306676326
51.614305873583305
51.49615782820102
51.225394717334396
50.84119215099746
49.996234616406085
56.85075877823897
63.40807804140897
66.5040029253497
67.16158997209658
66.8816550499261
66.27995601593268
64.55125996136562
62.04247017124708
61.53589408031064
61.4466980689129
59.18840775424428
53.81698218638098
44.68263102218088
46.5799081565513
58.247922895846955
64.82498446339092
67.51535176065907
67.612409000969
65.58966979488444
60.759305477298
54.606300411871864
56.61815137211994
62.70657812946282
65.64269787887139
65.68975039102658
63.924901383959494
60.79988353072159
56.91846911387957
51.71168205501796
43.880626208737795
41.42506146526291
44.364010606216404
44.97845026831543
44.34895955466
43.123584893589104
40.751626403561694
36.563538748770775
36.35282063411817
47.78574059365661
55.05318186855643
59.62643727292032
62.212399507485344
63.42347303385263
65.3936023904319
67.06799756624417
66.30841941163942
63.029231570910156
59.72605551727179
59.07689956107557
58.285293463252856
55.53895848645865
52.61081166396831
51.7359732622933
49.86149878625063
49.250039733540035
54.207052738852084
56.82133486889356
55.95446235564807
51.73842384432404
44.02537294848074
36.461101699635485
48.26639082572896
61.2019911499584
69.13740917542545
72.72588262820162
73.03929705751199
71.70925119570519
70.16128012973692
68.7486730307607
67.47581066764221
65.37978410649485
61.12049500128079
57.40582500686422
58.40812421787053
57.76987712237779
55.657270541335315
57.321384525395914
58.940439165326
57.66689630553422
61.96575787361108
66.96098996572945
69.11704778216519
69.67135862305058
69.50019194924875
68.10901197956108
65.10198221559041
62.540684289366936
63.9472256751136
66.09038294278113
65.9135551759
62.35141580976083
54.732007598646994
44.07518010369073
51.66587260341448
60.73498477694535
65.60830880612454
67.5314094789633
67.74741140880323
65.96552919847683
61.01290779419722
52.806505321111565
50.62503196607551
58.00553810646595
62.48948430447505
63.37533829455711
61.23429522045595
56.99767294870058
54.907337714542905
54.478326164541045
50.59110981272707
43.02307635037575
41.99781449828795
44.80029485467217
45.79385648306239
44.866519828181566
42.21493484896986
39.079320280745364
36.39332571358369
33.699463107639566
36.33280723108459
50.07600790723526
61.38090866615989
68.30926041522989
71.52335518146504
72.50496457324485
72.61869087825598
71.43475224563838
68.27537025870866
62.68268086004039
55.150596153660054
56.95681753005274
59.97331400639489
59.67040376723748
57.81201527525522
56.27967132969209
53.59708012586864
50.552208307450634
52.16332757883912
53.15047939265846
51.31502418156288
46.367813734705514
41.09289416857579
53.452997480527
64.46413667011117
70.450072655711
72.64667381265315
73.00568411944605
73.22136527326337
73.05943215982127
72.18473815465613
70.49871379132367
67.52055423815149
63.32052113769539
63.63330969870778
65.5405208610613
64.44846241254288
61.392679167794846
62.10336631135164
62.62758061421286
59.23848682489232
61.96261394537292
67.53317790252814
69.26243179276949
68.62866299505154
68.49903906830576
68.96624378117174
68.68882787628212
68.25615644573765
69.12207383968122
70.36885429918867
69.84939842885294
66.64468533420128
60.295801674597975
53.16587339218421
61.459096492393776
67.53956690558199
69.78834646898314
69.22500965983012
66.10136819678365
60.240761512278304
54.80794134755091
55.34624713185281
60.880893277899816
64.08048221560632
64.24456785469073
62.83357556886678
61.01144603325659
58.216304259368094
53.48133034904731
46.227145060656426
42.684746107839054
45.826211303706984
47.4024040235377
46.763026424128576
43.477154150145445
40.61342007850969
56.900301287072026
68.89452840181963
75.77092350264083
78.84394086809286
78.75807420722771
75.69404512859296
70.37137585652941
68.02647233317916
67.8712612944177
66.72973154920871
64.44726470504438
61.707323305284085
60.32357084492104
58.71867346914432
54.29635988267927
48.093718281340294
45.71706953603056
51.666922150141616
63.316915025558565
71.5391735884877
75.74775534790935
76.66984608000759
75.8291999523615
75.46878105283808
75.22403807642637
73.91857177982283
71.67535874636413
69.07353925614784
69.11632985384361
70.33071533816245
69.69518707260019
67.21271756987936
66.9882090220599
68.40108139192094
67.63759643753531
70.66950587470673
74.13564720031279
75.49618789221434
75.95396390381652
76.07633151817277
74.2621199872776
69.15557966127773
66.7245132457017
72.65403099359742
75.01105460339664
73.63976334003031
68.69066225956225
64.29619713377596
69.75785816072397
72.97615598702292
73.30242196921179
71.536607569744
67.59707322108676
61.037925868219396
60.94980237814735
68.75948094177133
72.60503910178285
73.49779399969773
72.69620881207874
70.2145355961859
65.99336163298615
64.44426752270843
65.05313209207144
63.549199181165285
59.98054195412827
56.65859562364414
58.59687760865512
59.584307100151754
56.598812247587986
52.72250584243676
62.56560996746452
70.10365224006009
73.68027654644969
74.49044784523174
73.9344163400053
72.58298327281798
69.91296066604679
65.61631714946043
62.09130911016474
60.99838507975784
60.389644442691534
59.773367606459836
59.03290385879281
61.04537704041252
65.42534222164112
66.38682755066702
64.60550199059148
67.89419990132424
71.45922403096697
72.97046062425997
73.11449361046313
72.85628616879652
72.57799818322286
70.44152603146658
64.76372104260682
62.2797654377279
69.09525921838369
71.88903923818238
70.6224651229997
65.56822726387219
61.97687504677213
68.18791328859886
71.96709720946852
72.87315238905484
71.44157211832633
67.88726911693046
62.3807877437083
54.44112786373985
54.65044395840732
64.79906115011146
70.92207549825127
73.92658701084847
74.61934709867079
72.77378690499431
67.8607075135125
63.8518108291226
64.02110662668525
62.48950739277646
59.88052198979762
58.03247102787931
57.6798112788397
55.557124358427544
50.64760908098741
56.22526912948034
65.86521998514974
71.34202593411774
73.43299846050843
73.44256734331844
72.8119284373048
72.15490483610739
71.54441598766579
70.82666143298572
69.92127510381708
68.69077590070907
67.4915497431315
66.60864533837825
65.12579285784442
62.1774990017846
59.18744592153765
58.35053086897106
58.73748636018486
60.99585197155029
63.00221136395464
62.594855101157464
61.67971056040949
66.4152787336844
70.04611636652145
71.0302754698619
70.46956606255533
69.51154319034441
68.2107091995771
65.41903997295091
60.5662072428617
56.09444851262076
64.46756285350874
70.52402100624448
71.930010135665
69.02542885459333
62.19669816789298
62.941107717721266
68.45872220386224
70.52183155941472
69.88098448651252
66.97905375110243
61.524318993178554
52.66014758131223
43.41451866317455
43.894539601374014
43.96914525122935
42.5167110785863
45.570172246518
59.326928888862895
68.8389330159186
73.9402762471923
75.4413651026792
73.59402446570647
69.03705982372665
66.92451921813779
66.44732279072522
63.8199461616047
59.22933758645379
55.51503989891174
57.9979475318563
59.89162413560698
58.60401713696299
53.784692610927216
45.90066426421075
45.465458332933004
47.4852712080322
54.879497176041205
66.0512622192582
73.54327265444022
77.4763135464385
78.73181538605107
78.34420855946988
76.95342853843141
74.3318363846499
69.6719392455216
63.81002420717138
62.34798848819885
63.04736496201233
61.632470148259316
59.814775202098346
58.91903582725902
59.80560061460455
66.88704361493839
71.30174423217832
72.86139921328633
73.2295053832228
74.19703903027103
75.35327570506472
75.18767370648743
72.50955790403165
66.35541186955963
57.322723893820765
61.5719674131242
68.21939260204066
70.6369217038774
69.09232732773515
64.13924198131849
61.45461934787914
68.70320291491612
73.97527179819937
76.1131188781275
75.78948793284715
73.79458409717897
70.95372675799591
67.02329968151724
61.395546053626504
54.897802055180094
49.07626506210104
44.46956039600173
39.63487202744891
43.58574072090367
57.51851671546628
66.84317763118477
72.13963851652518
74.74485003563531
75.2060093013801
72.91523604407898
67.38682662710087
63.44654526214535
63.874939778954996
62.20301725223402
59.049956029446776
59.71080394627015
60.30134597973838
57.39669301631022
51.41583247109632
55.88088015038239
66.55860524249124
72.93260633164341
75.64870600956323
76.04570651915715
75.7065261867131
75.26635576730303
74.16769339272064
71.34253178724917
66.9719214476456
66.63845034298174
67.55792381667605
66.18834118418405
66.94507569836462
68.32041365899367
68.27278817029949
72.60492967523103
75.91705848413315
76.99383372312478
76.87832294380341
76.84734912422348
76.7543968388381
74.4899092318742
68.51793704934852
62.61352255260728
69.14659362993756
72.84374239420555
73.24596154109359
70.93256330159485
65.73688268389097
64.83438258994535
70.79449778715828
73.70237236459477
73.77131595631609
71.55041985005201
66.83236128200034
58.85541702720501
49.50388745769472
49.31901658825726
49.41689146870531
47.101898947562965
43.907727726592974
41.1524983007253
37.681183340573455
35.871988987574504
41.41719951847855
50.42313142851703
59.309208753223444
65.94619308849735
69.88458339170468
72.12407265963874
73.22019333554144
72.85567631196376
70.10611390217831
64.00102345085398
57.77310058208737
59.580817188804225
60.12331825555681
60.00914845813266
60.01360541243551
58.43857366585191
54.39336497224764
49.612373023883166
50.96532845129065
52.541704128502325
51.59474084868652
48.66567775613898
44.227674702403654
37.39429098059722
35.78538083221695
50.57304087116649
62.123980040286824
69.16390172410851
72.45356691857029
73.28650549925519
73.01047096569786
72.2072943476287
71.02500705839795
68.98294361310555
65.4005830492997
61.464841545644546
61.819029789728475
62.482342712667446
60.56171498581111
59.51336968396881
62.4124586216573
62.46724117803403
58.61835819951841
60.65479402857483
64.92685583267158
66.73690046918743
67.53301405991277
67.76662386472931
67.69651594107299
68.30864932553587
68.83332367230761
67.16880712890796
62.063579171197205
54.06506872138377
60.29134754216362
66.76852491825743
69.36699459875288
69.72535746183442
68.70270257348184
65.4084617336242
59.24968524877286
53.84974663784863
55.48102053547189
58.87251588260169
60.20263628849033
60.00876199445682
59.4527203730967
58.30147598722482
55.78557031048657
51.53157965768237
47.92851474654271
45.786208056306215
46.24989684468019
46.83219064228343
45.17437423024377
41.841505751357914
38.14059916350155
34.80361903065139
31.45112375604232
37.89643532732459
48.73002620679394
57.76381778572834
64.28417536821796
67.90725957981437
70.02751743379787
71.15894323883738
70.15563099749048
66.57711370908233
65.53212076728201
66.98027329828457
65.9341419967902
63.16106857253105
59.94833301710585
55.841186789139186
53.73221224980676
55.54531528945273
55.44639680388791
52.27360583642864
45.707642168211365
44.602738858195565
57.236318104065305
66.0803679391533
70.45351085003246
71.48507976748752
70.96461308937089
70.42567886122558
69.85587051495018
69.19926762021427
68.57717406126406
67.3148282586076
64.65228819690209
60.38726679003816
56.63450479454167
55.64940419549204
57.39833190613608
59.90669331813882
60.11981549077312
57.96264503620992
54.7049764478178
56.44714212543266
59.7944263107901
59.21615336036168
57.09206845511324
62.9798605092392
67.39004615180592
68.87668679986165
68.93685620701484
68.72526721301341
68.58932269924766
67.42679851605683
63.75477086679026
56.51257492000441
51.4874361518726
60.286405794933145
65.04015268009347
66.00774056660521
64.42350152182296
61.04152123323714
55.63530211493324
51.44306200542681
57.55821730766164
63.481288498971715
65.8107171448711
65.58028399714755
64.10166486549485
62.044121243924195
58.96022278100148
53.52581281184299
44.77576093401214
39.51765473764499
42.348640751314676
43.902417508825586
43.37021854090012
40.5373131354682
36.31361279833491
37.15162431888431
50.69939552966348
60.94397593701973
66.66860748830028
69.24227822636583
70.34303424349747
70.93357003940287
70.14503651261846
66.59380496505369
60.14223527115985
58.08724293699619
60.72009841711099
61.550049268869
60.921073085773855
59.961335205211014
58.02487853329627
53.90444516962164
50.024881151279736
51.006058197285775
52.66759857823418
52.13318520399514
48.471624583927586
41.71545920684441
40.57312618315434
54.21234663312728
65.16995412009477
71.33862365525398
73.76536113878541
73.92121234409112
73.86211893996267
74.04844231974722
73.47230564076669
71.48218422197878
67.36480727124727
63.27283220876605
63.60287720453095
62.38988967648759
58.65386077326405
58.22724478902113
61.561968176640974
61.41671063914795
58.566804543537145
63.12422134112471
67.39513974945649
69.21827315960387
69.6641219222454
68.79518448026082
67.28379559912148
67.74867447603286
69.24955367035776
69.57079878035589
67.73272017817199
62.8217754979676
54.630437529146874
53.95436431716373
62.2367942232981
66.82048622754176
68.7559114355141
69.20607648489144
67.97921824315937
64.17573198090939
57.1330835998988
52.59302131398671
59.79319077306809
65.20457269690083
67.32803644353305
67.06259392541389
65.09008582339456
62.19870186525072
58.55887149135998
52.38082639344978
42.217947724212024
37.23792498852637
38.837101851031385
38.12911671125693
35.77851038691076
33.89829888300773
43.645462714873624
55.65126754857541
64.32247709240883
69.45619697991562
71.91991978358169
72.6718411997439
72.11314978283232
69.84081273084078
65.11061940375485
60.51410425064712
63.57197292026177
64.90844393618828
63.155635070898846
60.221054595295286
56.6615251045122
51.368538640802825
48.42985032958089
51.020664125916404
53.423112102674324
53.37272011651181
50.31036494788757
44.70498962048545
42.92867644101178
46.671808062984105
58.57578873367265
67.4237423246231
71.69439707057978
72.70291895353793
72.38146083960481
72.24003264367222
72.27962903454377
72.02473537892358
70.35053574469865
66.29979861413582
61.2951391941141
61.88144412925869
62.05983532065288
59.38984573818546
58.51598801641565
60.90519216688917
59.96253308612856
58.64776308719087
63.97591795357572
67.43830635823014
68.70860388586313
68.93068712212849
68.47497864472041
68.10029297016688
68.89750479778206
69.59985557156509
69.1079722931459
66.93555626703466
62.069446194417694
53.481177715749595
53.76556899244135
61.73709870504452
65.57600279531778
66.37646240679007
64.68178718308641
60.12864134185499
53.575015622467184
55.48419366059353
61.84587627485648
64.85423024931613
64.52788792859782
61.640276311208375
57.67008484115871
53.91815886210181
49.14855319047838
42.5702213678958
40.55822743941607
42.4895881100566
43.06931184789871
42.4858765632646
40.6941129202051
38.4311417243823
41.445097011272296
55.95316316183636
65.79833698616655
71.18814198965305
73.26473548760002
72.72102733057065
69.55275514817049
63.42931279738746
60.61670798342806
62.50342589054231
62.216634165681775
61.18004150714442
60.06422616784003
57.44674631825657
52.84379183646105
49.69778792361499
49.92754636516325
50.08612328533076
48.92764454549628
46.37154846349748
42.4647170089124
39.95848510341914
40.02387443452656
37.992490873685384
36.77708307977858
43.84781055961633
47.317161355281314
49.04152392435529
59.807923082513135
67.81675359300856
71.57221344107082
72.19859599955548
71.423627275493
70.87654997531787
69.86493977784707
66.89101354513109
62.59325477592854
62.51816605022512
62.69926746305359
60.197833123783866
57.80079527468566
60.303811785962075
60.78797362453209
57.25681448568917
58.95073576815757
65.03752852164257
67.91926993199031
68.60769093620736
68.2647813635489
67.47343822131862
66.65081484956986
66.32771038833452
66.84812052221366
66.9091171289678
64.3981670996883
58.28677937114763
48.38241972342178
51.002676982005966
61.02864214420022
66.14472689757989
67.64552543671168
66.47376799284432
62.60795945499251
55.56169220226821
49.10381468441819
55.40653138366327
62.21903997713575
65.67650180251498
66.32837143718773
64.97325248260756
62.947770138771226
60.78954157269584
56.69629159340332
49.338221416746144
44.20360743108273
46.89172945144195
47.437329633359596
45.702511724452336
41.99318835192604
36.93915943004477
32.90321912483807
37.0214782880112
50.00258447029501
60.60964268792789
68.09587306894451
72.55416733265543
74.53237953816097
74.22873764579832
71.41244890933498
66.00836266379983
62.88508590000334
65.208851103085
65.33743506027649
63.55312316411444
61.55581475864687
59.187828809135056
55.20547911765668
50.17644353290714
50.46236107270814
52.24133304832541
51.62271068990877
48.92405855925638
44.25511794848187
38.39225984606067
47.72392569470818
60.01539553902748
68.27000083602984
72.870700824505
75.09897672529013
75.95194710559541
76.14280929738928
76.03619324233419
75.1018285365308
72.41319287283272
67.38886769167725
64.36044605364982
65.36759694777378
64.06425035884737
60.77899881957872
60.74477348983557
63.11007819643014
61.981886754153464
60.08044224523181
66.65052213000233
71.17622558269417
72.86760907399125
72.55735451002052
71.6161818542975
71.4263863084133
71.55414374849546
71.13030196374169
69.50832603859028
65.56494357349422
58.26926011463278
51.41351388436704
62.16026165059965
70.70019153953206
74.7356868198134
75.5059262390321
73.86851207264084
69.60105870619921
62.400125351369056
56.91867078546737
59.39064720951617
66.45802309529091
70.34384794737773
71.44262791328774
70.7488441218118
68.38591147741518
63.887986235695315
56.691722683221066
46.92975206037711
44.30909247035153
45.12675884992107
44.06753479955941
41.63452920948612
38.04606242108842
33.984603344794856
36.939236648782725
50.15152790930682
59.762788883749145
66.8361384278259
71.35280490814806
73.60666471128644
73.90599831074906
72.14729916653076
67.76215888854989
60.15332311914893
55.714819783294736
58.77514317038148
59.50095273733109
59.75412552375733
61.08307079592378
60.93475211395409
58.28247491434058
53.258691036780846
51.84172197513496
54.694805078344686
55.308300866468684
53.655600232972006
50.50290431463019
45.93684385959746
40.23301414097642
42.931233464609164
46.87581557188857
45.706762426218546
38.990501803645785
35.51807107975562
49.959934849544496
61.43329447529128
69.08391246652988
72.82224125756368
73.76939641393753
73.13067302814261
71.3090932711052
68.69250664535784
66.1043669051268
64.48264844205045
62.853483251756124
61.563876205185444
63.22614553497289
64.32578675528004
62.30901670168494
58.96282671960079
61.767547106868086
64.3224241861912
62.38012438825539
58.55002857682146
64.8388514713796
69.25013706372506
70.75426264581547
71.05996667227188
71.21376050717375
71.15439315442376
70.33922909572706
68.79633588863203
67.12920085707606
66.93218480037575
67.344119951431
65.52227860523273
60.41072936999673
51.81447807077305
40.47671504189668
38.0790174064535
54.237419989480756
64.44618378503847
69.71483358081342
71.2690286349632
70.26201340488855
67.38622200116825
62.21157355163235
56.302184448614014
54.87329022428707
59.96917747511388
66.36107864167737
69.51980731180265
70.13307807806582
68.92475838989567
66.76385816094928
64.94943822686133
62.50687255788114
57.69379566306549
49.62610718756408
37.86266881621091
35.37367060780762
43.38004616075827
46.780685005126735
46.526585304787986
45.20315256104723
43.57686167416026
40.57454865077077
36.455928617466384
37.03928448255381
46.953179155798125
56.27728756104727
64.16767414171991
69.53049414692407
72.40836268452993
73.53974234719476
73.38989611940983
71.18304692428252
66.00157671519843
60.91753824362918
61.91095752165867
61.794586444079876
59.390132741068335
55.92058044740106
51.19547721609073
49.98725754934391
55.44580612727585
58.203175386442545
57.54198805197036
53.76670823158464
47.26415109609644
40.726166017261065
46.18935132377346
57.63280864876883
67.61819480614925
73.42280774001571
75.64507453448364
75.4851505394833
74.68942198121052
74.17075519347239
73.59997216771335
72.27215928802377
69.37538606153758
64.33970534994981
60.11093393374612
62.44787782962335
64.03010226223002
62.229339655961056
58.98025886064072
62.516136405593635
64.8563168340006
62.569284181311666
56.84171362999339
62.31427970010838
68.03662220221193
70.65065577934013
71.3885028584149
71.06898888434495
69.72724569349637
67.23480458527061
65.22300023256995
67.11913173942673
68.7290871347283
67.05538253223725
61.624953545220606
52.308709602012584
41.98003977337884
53.36580223990566
62.34542569413602
66.85442912803073
68.60400093488126
68.74885132060169
66.70719099012462
61.80751191156606
56.67640509703954
55.02573611409997
59.11581154049709
66.4668968980851
70.61090330002676
71.58363776273497
70.10393494694817
67.02163546965154
63.68787217605608
60.718658121356775
56.84802343831041
50.87474604261854
42.11376406305998
40.7185976171739
43.63336329597509
44.4747121084304
43.591589095660055
41.11500668067812
37.10050985765012
33.29586302125556
41.95888090883707
51.76715447466077
59.9446432081102
66.22009552990092
69.50688692076835
69.84867903789893
68.04824834147814
65.60522147038789
62.73427156450515
60.81834145844503
62.334487003869825
63.616637944547456
62.72955989995091
60.51483322416253
59.077860777094465
57.329572045637754
53.75719295519253
52.11858974477333
55.543185844897316
58.04848036140622
57.863419022837874
54.85711463812378
49.15748463113532
41.424968634474
43.47289560220433
55.34434554843671
65.69077400359014
71.74352974680977
74.08397559648579
73.95382585741164
72.95837727248947
72.19796887107044
71.56033834765903
70.57062393977597
68.63435154103198
64.84743823294726
61.46262223329039
63.0446508632723
63.6261286511689
61.26532275762419
60.25848471341056
64.69110882025645
65.90540227540183
62.282190983542385
59.207078057549516
66.69634783871254
70.89115264662155
71.78741845470134
70.74642190650205
69.3480357583732
68.73269016888739
68.76600053341241
69.26998855687332
69.60366891143833
68.46864601839188
64.99036987881877
58.406927695270184
47.89241328109973
43.683586570951874
58.90239764668971
67.60594958017443
71.42294728378255
71.81533307329951
70.50180848205254
67.54319129099923
61.4465954035188
53.765584800393555
56.64837772401387
63.308743185018955
66.32633842776772
66.15206802043068
64.21683500742826
62.03229729373344
58.735875461232
52.93907483636805
44.61576057726201
38.48572305046315
42.38581910371213
45.244770770266804
47.047259639941444
48.7505892547918
49.59730424274626
49.543297093592216
48.574868211044716
46.41515497269444
42.89624575288933
37.8797438787005
40.15574661478414
50.00028034550966
60.41448062128818
68.27265067854249
73.00609008538893
74.8864994898858
73.78771710317207
69.42074320447644
62.48953828122814
61.28730990619326
62.69214645259426
61.74236889054647
59.846662968035574
57.157392065597065
53.410215980243805
53.52955827942143
55.329830699389305
54.53741143798843
51.08218711581333
45.95474106586708
43.8727482294318
48.078014841202275
55.351516292285524
66.22473726836276
73.09784655724242
76.50672124001657
77.359488433705
76.80304524531834
75.94983701168538
74.8025665678628
72.81071771142504
69.26324625621044
63.67179105978187
60.86052795290598
62.92172441180404
63.2049900971904
61.04649627059562
58.51864430552867
62.216068384960295
65.90352849787175
65.28148909237713
61.085534803101936
66.17602273080094
71.7984870056116
73.90021207897541
73.83259718689777
72.82684804570386
70.98953743105325
68.48203512785634
67.82032329039261
69.62421890028504
70.09363866709735
67.64158412479803
61.667804782705886
51.70999631132213
47.37361703429749
60.44025142452223
68.15070305888229
71.61514708402925
71.93939689349273
69.55460082827531
64.25260537601817
57.27303831745183
54.26413456399775
57.09153046145711
63.780147091555115
67.27828244756744
67.26095007413689
65.27981438864457
63.467021814626165
61.582977552673725
58.43311184785903
53.97639811963691
48.11205056978046
43.75149734485458
43.978353810952214
47.2291473020669
48.26531522243308
46.00668601928138
44.28631054354592
46.005653177930725
45.81380450023807
41.72214764659706
44.81965801540312
54.939877529231524
63.07487693702449
68.15698283367897
70.70778326542632
71.90571522567682
72.28164985832069
71.4430634240559
68.35394200971928
62.184608105909554
56.44504385715412
58.70652680480099
60.56107213190748
61.144326868414936
60.79548932520903
58.73239684265526
54.292227274282816
52.33762373166578
55.87776902626573
58.20739241790402
57.85246920027302
54.61286920152637
48.31635436778005
38.762642461898835
34.803975843932506
48.14366869426496
60.4508659563741
68.28980156284703
72.15377628789865
73.05630136139298
72.66617691143038
72.36816029770199
71.7451125662109
70.24960205312273
67.70112165851512
63.5701213103411
58.38037211417146
57.47751650960261
57.39586584279653
54.41760257465767
51.75005883417201
55.216335136617076
56.71066403929338
53.79273006613937
51.33978010065636
59.48735810832581
64.83966992331534
67.00642010269591
67.47045150435183
67.33520073982086
66.85016667747502
66.03586603789856
65.32064657909571
65.93383897301308
68.03890830530456
68.93470155347748
66.78684148923875
60.75106805479788
49.87875937380457
39.992304821295235
45.339079181803186
47.7074752648285
48.55566393751921
49.1854154985241
49.19297070022208
47.6155430645774
44.395417786977134
43.5999078948328
51.18081336485847
59.33751860937313
63.122040092473604
63.02893673287075
60.79595802701442
59.12149508043939
56.89197648446581
52.4914869390312
45.34119355341147
42.20265044752746
46.38058590157125
48.05510020345061
48.265744868270765
47.880043774717514
46.220664856540395
43.739232805734936
41.79883355389565
45.88611199653582
54.297139421449465
63.05565622141
69.74515210219495
73.14138750059941
73.2784000511306
70.10385593888623
65.19478064590727
64.97839073569045
65.01160236067196
63.213381174592875
60.857743679419166
57.47677484905232
53.4415830180879
54.66204802324833
56.27928903815892
55.64617186887129
53.268846138534336
49.463767797885424
44.52320685516389
39.80358046342593
39.70056504507597
54.38348718258894
65.58484641220464
72.00286223042302
74.88655704880284
75.72597052644574
75.601584974396
74.32841881708835
71.05922932393833
66.17603196977149
64.97913010066942
65.16008439545635
62.93421826706516
59.535380960512256
62.19823565704078
66.69979110747867
67.17149993311907
63.236367553022966
62.1997736363067
68.01239584003031
71.26711286610588
72.44940214758755
72.2467016444986
71.11279025244758
69.83977078835144
69.78570409877096
71.2057732789396
71.74048700610265
69.5865971243513
63.86049429966293
55.81339371817074
63.719359458337934
70.53296184857807
73.23818984303078
73.10691998284155
71.46323043027151
68.15947862047624
62.10651538888909
55.600446634196416
59.433236432107925
65.30864232645371
67.78059167643212
67.72384165186152
66.73013983614156
65.50263463682411
63.549331572122
60.22804163436511
54.849028750694
46.81064542709508
39.33590188978228
39.53144496497851
38.43700960169494
36.27615693118209
44.044955158140596
55.77899166252982
63.888737929647974
68.66124024008492
70.5593188946606
70.1679386805353
67.45262580805624
62.64291153389456
62.09072321817181
63.896395882037204
63.528116231441786
61.81809029868377
59.451917312412405
55.58743180388011
49.74702756476606
47.76158969776753
50.74780161527917
52.268059437777396
51.929594777305
50.092089208686836
46.19081751239995
42.13109460714429
55.235146191801725
65.54283813968266
71.50117891965759
74.44570646757741
75.58860789434421
75.68074461086057
74.98856416169143
73.55254769904705
70.86814656499543
66.1624987650996
61.93711808330551
63.30586211330367
63.908846596516184
61.76963780075798
58.561279030005196
62.04832805554759
65.16564081233258
63.76504280425536
59.27618828662574
63.397079985819076
67.72683886029081
69.11270772506427
68.6849115760894
68.77553701592947
70.06875551411218
70.3782428800306
68.31721073760616
62.90833139483969
53.357253747376426
52.48018937280105
61.715909470962906
66.66669214522783
67.94791944112915
66.02460287558694
60.89495423969845
55.09252318110639
61.3775563205448
67.8935874832775
70.90511132774327
70.96871188268443
68.71220930380147
64.50006237916674
58.57469826172757
52.00495381789504
44.48958161628053
42.85051803408132
46.17925929474883
47.66305360143111
47.262046558322936
45.361935526690814
42.22467784540174
38.01430487185924
43.74411412764339
53.51789202344369
62.066294697592795
68.06035774828705
71.30778217741245
72.162981980318
70.3865967506421
65.68206788653426
62.97888963698082
64.76333045234705
64.16656925546324
61.62689187757249
57.87617398036911
52.86265236705722
52.80729109097475
54.86970892440812
54.322873477405274
50.78728140750214
44.32525655823099
44.74882622278233
59.247639950349296
69.17417811904916
74.63368778535481
76.7508381113655
76.70822727741921
75.8776657593194
74.9845824648954
73.50059035919512
70.4817976897544
65.3893212103078
62.1445056611726
63.28298472218876
62.83637220321819
60.42179376773939
61.70149442310436
64.95953936347887
64.3480574731255
62.40937168947448
68.46095545329895
72.32053495895343
73.0843761294248
72.3001498822883
71.3567023183005
70.54007888591188
69.94325588512824
69.00557293961518
66.2759768454394
60.56144704186208
51.930122785411
58.705334699301936
67.1578607462462
70.92285531699442
71.19245468436576
69.1125909238339
64.97155618725968
59.38560834201838
57.424620118459714
62.19526248083183
66.65769361048263
67.99231498778761
66.8152280895934
64.48026805353075
62.84480964779334
61.7654119030088
58.68120869361893
53.321786678357704
49.826987729529336
49.82438317794693
48.656022857562995
45.15148256800952
40.98465318222475
45.57124442286555
57.71199045369883
65.87060169220054
70.34090606485539
72.25475730986776
72.67320384510363
71.74589053087931
68.50691303978478
62.55667977844945
60.55499598630139
61.98224858405439
60.47142568820214
57.25974579075279
54.41047516536376
50.690339483246674
47.39233448697874
51.6508147854108
54.619270644499764
53.73238130734219
48.85618844517875
40.85297647907163
45.29739518038254
56.49690096384731
64.99368365886276
69.81840962876339
71.98076154607939
72.86562574074891
72.74712772283384
71.2684765059207
68.74265450018469
65.20366987502813
60.97897376160057
61.22535707103509
62.49165211865122
60.94732019377553
58.42688862393552
61.12706654614337
63.15863195044831
60.865161410464594
60.76377386125975
66.70096973836864
69.8400571606465
70.91441394288276
71.17206993421405
71.01294949262845
70.56982357695011
69.7027148060504
67.20439355112093
61.67975487224743
52.479718531292534
49.301665187017456
58.44524570235598
64.11654864136119
65.93558038554266
64.40209094611643
59.797317886680624
53.7963136310819
52.26962794564247
58.36810781005439
63.11290555926377
64.63823333658354
64.17641911036975
62.323599317745845
58.42147593031466
52.21140052852374
44.52931790790664
34.81840040806215
27.64625290304085
27.56029393905475
27.344953435036782
26.65851560928163
26.65989786352838
27.631769197781402
