File type = "ooTextFile"
Object class = "Intensity 2"

0
141.197641723356
4405
0.032
0.1348208616780031
1
1
1
1
1
39.5659678575595
37.48285824319302
35.29358144227076
33.518922330832815
32.500460582518286
32.751670296475844
33.461976396045266
33.971141497339076
33.9549129458904
33.8385254673987
33.95687748858523
34.328670239410954
35.4251368710808
36.56433972995731
44.994495539016015
54.41409195210198
60.14862198353036
62.991210086285164
64.16634248862648
64.7642093110421
64.55884674542321
63.46596541485576
62.96085585860603
61.90646945959398
57.99802813494014
51.73343994486655
48.78963345100021
49.03562997374391
49.178187662789085
51.91225719770563
60.04992471659358
65.44935858111862
67.37757044258252
66.27881437810669
62.75074950826129
57.657388033014996
51.5888910620335
44.41490887963458
37.78921887024216
38.58350578303729
43.432818929724476
45.24805602571395
43.34780448672429
41.21298882155578
42.64759601787119
42.48759858320228
40.67412675164822
39.214743077110484
36.306719352126436
33.5209761140502
32.41709303098719
30.988320081350377
30.02239705336324
30.404236303555972
31.0588215540059
31.073996384455583
30.610108023280013
31.104617581954464
31.615833714964793
32.08185531756478
33.109598005864676
33.16835842536655
32.57991528812652
32.4701676507187
33.047055440068775
34.24137619336737
37.15003995156379
39.27404748423395
38.223168715845794
35.73363349407248
34.61601297351787
34.07629423378154
33.211507076024674
32.47293482420754
31.9413201531885
32.8418391843027
34.45839230562532
34.758276564725456
34.38829546141854
34.50113882036466
34.51061796382905
34.532699950539985
34.340812533702945
38.276900561065474
44.39309594415006
47.02882763159764
46.31587735738251
43.16539452198117
38.63953352012548
35.405314712990624
34.05754728504296
33.70194670556595
34.077073795728964
34.35648676460565
34.166150662272116
33.78258351010323
34.498408193356774
38.17846628024068
41.27016629151068
42.54693807291159
44.6967441472425
47.40408498272777
48.206871641059095
48.069465564852536
50.887846777369745
53.283338675617586
52.779055576207384
49.787492078782414
45.5564033191417
40.894335565323736
37.405780001787974
35.24026521396423
35.29772250256898
40.79049329600305
46.468874657118334
48.88468904043678
48.34859494418933
45.670802806369544
42.69441569797749
43.59179603571545
44.981341677351494
46.03583511561152
47.53310816069587
47.4216334108648
44.780372489029844
40.184132797600185
36.370160612227195
35.898758403795426
37.33334726355136
37.857733809583536
37.58867735186085
37.37089509818911
36.674546775943234
35.25967301130483
35.90699337200312
37.410945352069476
39.32151679894414
44.48599767738937
48.15960416986285
49.54426561173827
50.74493250094036
52.51345023075787
52.493598584264134
49.41958701884494
43.646827181421
37.82844262554682
35.08231579045764
34.49104871198958
34.39464630510595
34.242949962300095
35.0901791767062
36.93649873992634
39.5376461550805
41.26019762247482
40.86619871912204
38.7382385338917
36.3925388532033
35.16796709987116
34.892524132686034
34.73997196385494
34.72586982748824
34.878068793099125
35.264523308903804
35.62146128795463
35.650891588837
35.47983826589822
35.939093081247094
37.28307322687998
37.87153507904232
36.8904340410943
35.57286173247607
35.06121642655576
34.944815236659885
34.68593782900304
34.78831705930696
34.4790186218055
33.83621825995962
33.97958290526273
34.27079690860332
34.26854437137786
34.342181015231674
37.4873524575591
46.15174699567505
51.54547788671305
52.220245730058934
48.182685607302616
40.45077836911253
35.950193105244125
35.11719087841784
35.13759570499523
34.846470182565724
34.474115144169474
34.428212528532804
35.073149729394586
36.439725485636124
37.69323886995319
37.9338296191407
39.95207580235296
43.370589813388165
43.60453427371601
40.99212935369871
37.87323989261286
35.95934110745228
35.60050602069604
35.63700660648293
35.60430416312605
38.128183160654416
43.20555378628818
45.789731969778735
44.064523831552464
38.63260790917645
35.636636491724516
35.24073632130052
34.61820450720519
34.72692309717016
35.298652933171056
38.03177193113341
45.206484458216224
52.11916155382976
66.32112837817266
76.88330559058501
82.29866916096361
83.70338157093401
82.20866444336645
79.02126446936003
74.22511835486195
67.36706074932447
65.29769648747455
65.98012013660852
64.0900602316725
59.554423595915566
56.319672731314526
61.66458665738952
65.97756568988095
67.02318122963257
65.28001503612788
61.55149734702806
56.122729766142925
51.330268875096664
57.42239555667467
67.84472043262527
74.6194289235065
77.26831127663245
77.15221699431012
76.56498125438766
76.24482359415326
74.95257071467178
71.86344064823061
69.02836740297308
67.93070215336999
64.8620034755371
62.963278405913606
68.07316691575777
70.65991897183092
68.28029548183474
64.04728513152884
72.53882825731051
78.05785210359278
79.71468054278455
78.76711822559953
76.89479093472143
75.672490999407
74.90191445780157
74.12626005416088
73.20828130182862
71.43527096009018
67.69404802217653
60.91585265997237
50.95285134428078
55.51779938360752
66.960505802197
73.12008058995278
75.17970937006015
74.49540943043873
72.40860651181428
68.18787610176696
60.53481581006649
59.41635196573184
68.17277288502538
72.73986887237234
73.69647054972651
72.6705650665038
71.12546158631146
68.77102123056513
64.47080456126625
57.38144185559199
48.627112758548456
42.71953245563314
41.361348073770486
39.97619116980455
38.334965682513065
37.21303660285989
35.63017133671231
34.07202895035085
34.095626239616436
39.380243458481445
52.1385705476069
65.16976440689577
73.12772204162468
76.58812957719935
76.42410463849927
73.69097617872406
69.32455460466889
63.86620241017639
63.53680594932817
64.23899359108673
62.15773414192582
58.83344881644937
54.97660000880078
50.70777766395459
54.762698127897444
61.26156363154084
64.09417905481833
63.94172220565078
62.094449111215
58.67568683629331
52.267265116527604
45.99566116262053
58.88069261029457
67.98036371660375
72.47034362046269
73.60243515967385
73.12292004176948
72.67154313264301
71.93438801038117
70.13346447493927
66.68389288308407
63.32303005604001
64.10806957935228
63.569915495691546
59.88833817349635
58.33100136534676
61.66200706273602
61.94733423186605
58.335940528808514
65.13342510387983
72.516677708028
75.56883888250239
75.60471543883462
74.41030262460556
72.99453701244227
71.48168555243046
70.9595269905948
71.7604640050313
72.68496416686139
72.62726597127096
71.59290643699852
68.8103811609635
62.54396262357696
55.4675156434769
65.61006979629107
71.8864725737731
73.86352781040935
72.62871094719368
68.5641205850257
61.04232750747484
52.41960726776283
60.05494459898156
67.038010162973
69.68042348802266
69.22471689348734
67.2981799492705
64.73448306276795
61.29901400321216
56.36237216797199
48.89123661658271
39.90008227964029
36.745411177160804
37.87897290496648
39.34523923209669
40.676661478662666
41.09077085353717
39.9397554402224
38.206438181657994
36.68705568612842
35.72650156809661
38.889128984863376
53.669339705231195
65.48313255423747
72.75877058507844
76.42416374064115
77.16875930556255
75.35760874871788
70.88039712628883
63.39733241574911
58.200862270650866
59.09274611695476
58.12033984736231
55.066670392819894
50.69069744441678
53.87717319191126
60.78655735373466
63.619315513236636
62.7527848570582
59.23722919151692
53.66427959002419
45.30479236381822
46.13286530294917
59.985857875804285
68.3329557340261
72.35100725976297
73.26335044182909
72.45340328504744
71.25089689228335
70.28219115065046
68.98398168176696
65.72342112655392
61.0621286318169
60.7851782987645
61.03949132397097
59.02971805282587
55.722524066979126
56.34838902713163
58.363981376696856
56.26719870518026
56.107243461656466
66.20711995068491
71.70281960843555
73.16500178072556
72.35875510609952
71.56271480441512
70.61770016841831
69.12465416218761
68.49480375256209
67.57985535347365
65.18845957737702
62.06560559407904
57.62877591494883
49.890841715458336
43.57652195807891
51.13431858999239
63.2661046041775
70.52871281612428
73.00718839308149
71.28882658113353
65.8427527975247
57.26633451964063
49.39564860658664
56.57014346473119
64.7866101485488
68.67842581290165
69.2256888871196
68.1861365927983
67.24307561808695
65.41066675964059
61.49752280255777
55.11873397699817
46.41453367735552
38.947284095223345
39.053116676784775
41.564121474174804
42.80857438381062
43.53347312090254
44.03347225087872
44.18094203369273
43.951647378076125
42.44062265479096
41.10607323718839
42.676653042965576
45.91094143865267
48.663796527064
49.86072055891786
51.43287320314869
58.00480564151436
64.00329874027437
66.80574028751107
66.4361714037783
62.84675099682825
55.742850930178506
48.76624719261528
49.03807232882926
48.684136012081225
46.69543642244282
43.25794283409729
42.32580165197378
49.959051922666845
56.017576892384426
58.69243447014572
58.09458815263526
54.474749732035235
47.935633719181496
41.89334579937579
48.63314466958471
57.59105221149891
64.5656574734734
68.18272643061734
69.29616782594519
68.98243392040502
67.52081850642807
65.1891719463799
62.32483193833368
57.8490307502271
53.63721143961698
54.70382273633503
55.877480135627344
54.70987204335828
52.92185060111922
55.99806173303304
57.34550345792033
54.19099470058876
54.93835538448706
64.88221358432767
70.29157304579817
71.90979531081997
71.3403726129333
70.07854613993304
68.45410178838716
67.02527456504018
64.21693299843595
58.91976814799869
55.57439018016559
53.85090144176318
49.19797175662792
41.18887565344024
45.49318445816258
56.64798023997024
63.040683522874765
65.55752526780636
64.9721807555828
61.462306454375934
54.85173933770952
47.13048769145516
48.19115007599158
57.71009384975492
63.28010866768726
65.34618929359934
65.43142246245989
64.19490769046169
61.351808720095214
56.78219786020361
50.05887103293267
41.348336114054156
37.107025968940846
37.12813791767868
38.31223963725123
40.481295905610665
41.035371428212116
40.07997097583646
39.11137627376749
38.05522896611929
37.119836611406654
37.43066568389701
40.46750935653401
44.625979087387044
47.6929077887947
50.29690665161948
53.793903593786254
60.282291267409065
65.45439193484786
67.27703526923973
66.09689581705707
62.34186678872065
56.77343704601466
56.731852749776515
57.46755864242404
54.49618697621368
50.13279617563331
47.141251497103774
48.83805766197507
54.96341040482043
58.95814283022422
59.791453397909336
57.55260086793449
52.95909950473298
46.28486625588366
42.70088172348787
51.885718419422844
61.21439981476351
66.44303752213652
67.9526660935542
67.25999064250682
66.48637854511536
66.21320325457066
65.20664814871824
62.42870354812049
58.30038358479847
55.62557460491496
53.867721550332774
52.09879642256578
51.40265812212945
55.902752157907955
58.36162053787082
56.25494313096692
50.84840187586651
59.623511507338556
66.98548345346785
69.98424826120444
69.6353053794657
67.34862953097759
65.46085597078468
64.73679786850609
64.66097438905322
64.73294754218452
63.790190820358305
61.48425958273128
56.95619994062796
49.21592921133889
42.54679297450403
56.750211309841234
67.04651291807905
71.8995989932355
72.97313195315998
71.72992292558408
68.43198095035963
62.38855822656956
55.44267159994664
52.9114876758964
60.44483645622147
65.1941921228975
65.09654979302096
61.31045648118416
58.07924296252943
56.32276466186333
52.44507824824176
45.61152463315611
39.07146135516507
39.01115364111848
40.77188704801571
41.443258107691356
41.26512328050001
40.97110260462412
40.23355307860355
38.3650483280254
36.61632858261634
45.66918305212575
58.176605945170394
66.02059703412638
69.42443941326899
69.60280049285082
69.08530849102569
68.66831142977549
66.4469333489948
61.505452794837595
55.39757887651568
56.77157888438738
57.55402914062002
54.92247910199342
52.03607454973614
50.36284496212224
47.12264425899352
45.30797128455542
50.90992646990236
55.061285397905024
56.811058725660786
56.30044053571146
53.38761767829111
48.05048406840018
41.879454218160106
48.407405702548445
57.39511364074861
63.37694814963037
66.0328859164835
66.22821188416145
65.39095905895424
64.47205246015308
63.22824067041324
60.67105127778603
56.29435196434074
53.57745218067627
53.23822894828531
51.465690760011896
49.4804405287125
53.63375467355853
57.391013141659506
56.50227697451419
54.84221001898982
63.02190525477933
68.17429080870599
69.71022165676223
68.91692202293444
67.05964632149873
64.59522863254266
62.10022676108438
59.921063683440245
58.225372773169596
57.35611091705255
58.77561724730185
58.84948288423358
55.314326280911175
48.17243961235208
41.54106674344077
45.59737909238726
53.207932477314166
59.93394015124824
63.12916418547485
62.94170442133829
59.64926538916403
53.234699248752335
46.62375481117329
47.62865260619212
53.21930839168297
59.01894061470432
62.232691847982984
62.539349571910634
59.685078497971745
53.255045249018394
45.13756453612669
43.37277687020241
41.66900030235265
40.67024477080379
41.2720437616385
41.18163366568079
40.477035322404966
39.17363871985684
37.05137600476235
37.04860313713452
43.62749556857417
49.42101520781819
52.81615271647925
61.39539850624153
71.60424981729778
77.06560965247184
78.31131000102498
76.33362885307976
72.36582882025977
66.395656071926
60.233264795517336
59.241275786656395
57.4182245260483
55.27408256719876
52.71015934570493
55.668649513655446
60.848456236228074
63.16951896400312
62.54984103958889
59.38974150732855
53.98373887370133
52.01686221817867
60.353467431602674
68.09953756624712
72.07247076404109
73.0930685812817
72.67818741511603
71.7579667564756
69.74764174621583
65.91610553610659
62.76608570962007
60.94046234857937
58.711933693713505
60.508704238227935
60.444135192304515
59.756433123459885
68.05941872470723
73.14376272727618
74.36782421969211
73.1973316842131
71.36495190629493
69.97441901720211
69.78377816147176
70.50856950353305
70.98628522976594
69.57019988601586
65.0004039725305
56.691633256265234
55.32443168158724
66.70028412784822
73.45812372414432
75.72890836695328
74.31155140815244
69.73938317471939
62.2323909922102
56.08322241775011
61.3523518965369
68.372076325898
71.10504806048114
70.11967521636785
67.02160048971388
63.447918849672995
58.19056815696734
49.19384442691826
39.510524995592476
40.14208515508304
40.43502780393402
39.45132277024112
38.1133728163294
37.05467847720896
48.15278773350237
61.12623865020798
69.40894439763045
73.52215393386155
74.45481994392337
73.45479606739367
70.80463013098681
65.47054358871849
58.66112557722801
56.42840598588637
54.69168235309137
52.77907210234936
50.12626801940116
52.07710749847479
57.106748430402654
59.46307920962851
58.935901642294496
56.37747993151314
52.08357941302403
46.98409182920672
53.917191544614724
63.17774277538011
68.68944821561578
70.77680369832558
70.89048361722723
70.33690483137923
69.01939403689595
65.98728707192159
61.730352954545715
61.13724884548493
60.39855831125954
58.33855033843978
59.53580975886524
59.27933830772274
56.38705809469595
64.11826725225636
70.7776589479422
73.83888040683905
74.52343254731537
74.05216418324827
73.09702080289202
72.7135752728346
73.63332637466628
74.27185858359877
73.5040954714236
70.1098872515281
62.8662206013454
56.78288383598905
65.70894024715342
70.22962278334268
70.42291539059153
67.6727233117237
63.33854883361625
57.14646746788884
50.60396904768261
56.59810138343701
64.27800103134322
67.60954327799468
67.87722735013917
66.50832469735131
63.980899983503534
59.50740841933646
52.05885122975395
41.611319228756834
37.109122726779574
39.94247027075945
41.52425108488405
41.59491451873671
41.13975078590735
39.995806339483494
37.84250622574098
38.579001002067116
48.21730171474047
59.55414307554954
67.72343010027329
71.88008136935218
72.72178564970939
71.33363962704883
68.25264540090342
63.01551437091309
60.43935416132523
60.500351001819226
57.81086128292785
54.737778548599955
51.506192753696034
49.02226411501572
54.55208386988252
59.143097803649894
60.43607832176116
58.76030699853315
54.643430964086825
47.812562222166065
45.63135233387825
57.56112919094366
64.77375713854148
67.74758439689
67.79294951308395
66.80367549759892
66.26071238950672
65.36889607196393
62.533738299882955
58.991497492648904
59.152816767863364
58.54289630647979
56.30866315146078
57.740487404012825
60.62980520175949
59.71562312124132
57.80672139335712
65.37481095985586
70.2253868158078
71.65809511070775
70.99084377051045
69.6551311381951
68.64637707070237
68.04206031664612
67.9248863519736
67.9107659750064
66.32351123684225
61.74343353873268
53.3453473987535
56.0616424551481
65.11010865279498
69.17950372052695
69.62067272621931
67.74732108595774
63.620840201819824
56.07589474109464
47.30871984354704
53.09553704111964
61.47080231941008
65.45647822607977
66.04638960830815
64.7098027885293
62.030655108325526
57.15702706388555
49.25660673210237
39.398533948454535
36.99857780523453
39.96031699341063
41.64569117221746
41.31630490687031
39.36351169966626
36.94916042923191
36.48555982626428
47.66067882209137
60.693676460244774
68.49581672946444
72.01416995974357
72.44028272994238
71.30444756183947
68.95403378559236
64.11566620901569
59.07612843978566
60.50877108654176
59.792075629866034
56.1331423710866
53.1444876373309
50.604972072752275
50.697372129774266
56.50224362210059
59.77310736955666
60.01725429945534
58.18585842889274
54.08187481610177
47.7870966806827
52.567513757236085
62.36435863324659
68.3704413437126
70.77066956635937
70.74586103370076
69.74787747610164
68.67867933256852
67.184266430651
64.11207730396833
60.21601542755769
58.97502385792854
57.32245970827324
56.84222231346938
57.10790967650535
55.69004018933243
64.34574392600263
71.21951699863749
73.92981250188117
73.90688562085933
72.55232297647487
70.57144052149326
68.87180152781112
68.00705974681604
67.48450488878677
66.25676434823694
63.06411651853387
57.31020477406854
49.65698913380745
53.817249509831456
62.25613927960097
66.35038748580294
66.64022544701525
63.65551632903152
57.546478930559644
50.425187603133836
53.72137963919214
60.48840528638537
63.37689135980531
63.14802085542336
61.189384494769484
57.92571765170454
52.54904949861932
44.49742483446681
37.49350791065242
37.47925110785831
38.751105572987974
39.791447796478835
40.62099521663549
40.16592323156868
38.25634393230128
36.7349949932499
41.025693158322156
52.20501368164761
62.91963321067467
69.35895585279408
71.87198960104506
71.71013614685631
70.05781230949201
66.33412433247385
60.76640206719729
60.18569636092195
59.3412500212435
56.630960252392455
53.962738478028385
50.17422714913887
52.78717958879106
59.17201068889463
61.85058521353068
60.75581776545819
56.41660594151091
49.19226475063897
42.153810585584495
54.21670956637112
63.588241899243826
68.38869290845956
69.80885829412259
69.1698878672158
67.94748332749332
66.28932101681377
63.05234707725738
59.651470989819046
58.629098540521774
56.618395894133336
56.03219095555568
58.18753038116307
57.31115477266465
57.45796249018383
66.90942503112353
72.40086750045002
74.1412563690132
73.52186788071334
72.21953467634745
71.19750376855579
70.30055659528654
69.4487344487688
68.19592916860864
66.01873417624273
61.58963871869496
53.406684944250955
50.85175523585939
61.103498521724866
66.31949283749013
67.39399872106637
65.13961532902916
59.89223111527596
51.978572652742166
46.81175949114892
53.03264181537436
59.889565083088556
62.69096417241377
62.429091262602626
60.31285772069189
56.834467124457234
51.60546887855066
44.515544162919355
38.05924728376597
35.79933102270348
37.706770204970674
39.145777363706124
39.11260417585197
38.35523686146929
37.699535421211706
36.04817942823107
34.598292984887905
42.82325046565731
56.73222345260217
65.344710938726
69.53764857143155
70.53808425493044
69.59781466750944
67.27470664596227
62.8396684096802
57.668885365409245
58.919203835519376
58.67409576785231
55.00790903014164
51.50279283939045
49.23327755842142
47.781629317566825
53.04983111007596
57.927188864603636
59.194181009948366
56.94890415183857
51.67200722065252
43.79242551322208
44.59465991971801
55.98469416856859
63.04033431503352
66.20397475068758
66.80303146969612
66.41813600425239
65.80604967309118
63.89329753362739
59.74319726448621
56.21948960819246
55.31101952420116
53.03633838597358
54.76935689516743
58.55827765170921
58.04357121712045
55.30991061814642
61.947023066488796
66.53020430787983
67.76935690954473
67.46935226505303
67.01623207258534
66.80964529104824
67.34286016936136
68.01212668050498
68.06968393456273
67.53198781138964
65.21286384481306
59.6394276230588
50.53074119899328
55.98195922031036
64.13131110152379
67.24677716054545
66.14672686799044
61.58459440642744
54.016338306179236
49.083226917932436
55.403242338247914
59.14293575310671
59.16519168695242
56.11464745712504
50.40655751195395
42.78335700452671
40.0240693747035
40.455484556320485
40.67052061091293
41.037725604721274
40.61737583456559
40.071563782326045
39.6132926556756
39.74724258622941
45.5068391182708
51.14149757001578
56.76535233918294
68.19615233667048
76.60258549499413
80.90108380202605
81.86992998501933
80.14406850007501
75.80297173389613
69.09721676319023
65.39898778640402
62.80104964481984
58.27351746720286
58.173158207585274
63.40669105393057
65.81118221003382
64.77786589148434
60.960234396166484
54.85673473801122
52.14760031574549
63.67003573168966
71.63532221734455
75.39367075202833
76.01234871070976
75.06268168648352
73.7326399623519
71.33564190904332
67.07499596599739
64.51262072784813
64.69479299725185
63.05376013324087
63.4614214607805
64.30918367812205
64.43794100457511
70.97564525571534
75.14796678596584
76.07148671262581
75.15168143666807
73.71291137564194
72.84722007586848
72.66914767571402
70.95109573292986
65.70823276764568
62.941430703383
70.04777597706718
73.26669620646551
72.90585673017183
69.78074556790978
63.7142344187506
54.986890722159565
58.85541546660467
64.36513542309915
65.66154568787356
63.88154100045674
60.820861449949774
56.4432916053671
49.63578104314177
41.52690834451509
36.27691005427587
43.931741632059705
60.94988452798549
71.03110843535647
76.15435867860393
77.68288193768147
77.0152595627102
75.29019412116949
72.30339805200012
67.28772448094097
64.47386676871969
65.54315667815054
63.88324810674866
60.27500098991385
56.39968469562661
51.787597557528414
54.33217857167481
60.29030674923539
62.82615941227877
62.05663287121632
58.16797722894873
51.703709809437626
60.3383707424243
70.66890228983127
76.36003606406318
78.38814663770451
77.97256574452894
76.83506299517505
75.2709132395988
72.0597335332481
68.78096681897047
67.84709268271259
66.18831748735798
67.03953681777696
67.40526833621188
67.64047805779909
73.77093488662874
77.33066051478714
77.89513173024452
77.05189948501098
76.49470563855977
76.31026140316988
76.03029290453348
75.29871143150699
72.51731245929715
66.5042017085279
69.04025181725037
75.5646894097404
77.86236469539168
76.38179292388945
71.26137256001567
62.349869449254676
58.18300990157354
67.18264907347431
72.04877882638554
72.95686352142762
70.86643657091781
66.047656988638
57.84995045167311
46.07389262138782
40.89191837439721
41.13022843925182
40.865955685036745
40.00151726399635
42.13810162934985
58.168163000579476
69.47188496434278
75.7021499527404
78.07552737210885
77.66692461806132
75.28413287986001
70.5180119280579
64.36349902318312
63.39406371834833
61.28099739784976
55.93734950230741
52.51008258694608
59.063926035411626
62.72641189767009
62.309923296329785
58.36228717726442
52.87723004020733
53.444022883950936
63.4624853014811
70.6191706140537
74.02275425879162
75.17417592154938
75.11743777564577
73.41305525301347
69.68238553102061
67.1297224571509
65.70237270301657
64.11223696251962
65.61765308429858
64.99270884338039
68.35967400493595
74.64389706673481
77.40306043044166
77.55456428945324
76.35640469906555
75.05235909037648
74.79628962610494
74.09809507277329
70.60648307766661
64.67973768506046
68.59581202339057
71.95867111802629
71.65009845586172
68.73103235336777
63.25982519967836
55.68582919304917
59.500579778166085
64.74921669771193
66.1580174679683
64.68859255397511
60.73610361668793
53.80790084721514
45.58516475520961
42.052420040715184
41.1046822981881
40.91295111128878
39.87889224340469
38.00279226157288
36.148369476108186
46.99010487682134
62.31323675521723
71.48809665016601
76.07270369309704
77.37417050511853
76.42170845449152
73.30930810408138
67.50221946449767
63.37232889185556
64.15890799145112
62.31771298873676
58.089361959986014
54.19879020187602
57.969003670437296
62.2417725490378
63.21992350791518
60.79596824763969
55.67894286342852
59.1053986659976
68.07701492377336
72.83555867252149
74.23918553479403
74.13864041887948
73.15929096696465
70.08647475599285
65.59906261740338
63.58413592912751
62.682952727686484
64.71005963439148
65.57024051945712
68.45162137811185
74.64201123961698
77.47486407694373
77.55390660278671
76.36301102924594
74.68603602929689
73.58019341789445
73.17747120433383
71.0800674375323
65.45024475405967
57.63614792928705
63.55203609144002
67.6919137258011
67.93125634550641
64.95960394948055
58.94425539505376
52.67737864983925
57.80539410267665
62.01868178453506
62.852751885528676
60.93788084952286
56.23735322013164
48.33266778721992
39.53578431200905
39.51989922483811
41.843676818118844
42.14758532565524
40.83480249298583
38.63919296324627
36.26316379562663
40.578401574071265
57.846343510653554
69.1714157246937
75.32617480908745
77.44317040591389
76.56265825684753
73.86134080486526
69.34689013562226
63.716635429431896
61.84599690903426
60.21425976798031
56.95340524475863
53.55293282662756
57.2258879856092
60.85752226917087
61.21951586369296
58.375335400562136
52.29361158731435
54.26607320929093
64.08144217609076
69.89686916560294
72.55252964811623
73.11367214726235
72.33291282110056
70.31306488907043
66.40438913606137
61.83635379030137
59.82738837742815
62.833998527598816
66.43589648730224
66.88435706663965
71.26922716632309
76.0940979656158
77.37630713964336
76.3721568164039
74.66639498950197
73.0708814535176
73.0666483377726
74.08441262702876
73.50739554449194
69.6059515323458
64.92031579894095
71.17226175602114
74.29306451295069
73.01594733599688
68.28249849561932
61.276209683456926
53.75406188889525
57.03429307132389
63.86981186076091
67.03605889930682
67.42289520768898
65.6302269721844
60.95461659840709
52.43910457359502
41.052641061705245
38.52037612949429
39.95366014837562
39.516068088019885
38.04824458926599
36.019619512946306
34.43956959092851
45.24849988931838
61.7683633566599
71.872851165703
77.21777945111275
78.792933225626
77.25541854556566
73.01253874027798
66.29087612168601
62.52401013982501
62.27093766547461
59.60893658768026
55.83927034531554
52.2669113450406
56.4400978768633
60.88404928784759
61.6363953710232
58.936426960832975
53.05301830350301
53.765545890226825
62.583848252791476
67.98665059853045
70.20070171398858
70.72986658499423
70.08721981115981
67.38999752570449
63.35060699795197
62.12146354557273
60.52784406310919
60.288192108549595
63.84738418986334
64.52607263810401
67.72381550281514
73.67141182850919
76.12388013661905
75.813488871081
74.67036622632287
74.1954491679781
74.65813953968626
75.27576746504755
75.1332182945955
73.16897533118656
68.17198639316914
65.04088782557179
71.66117121892891
74.32461178110744
72.78442586211097
67.60303414604829
58.96298573717496
50.61780000011548
56.7401143144032
61.19670171877121
61.43636939257871
58.27867402266734
53.413250294357795
47.7328376646161
42.545818131095544
42.625221849301376
42.913610842526964
41.56483507007487
39.873649931404785
38.057314296503606
36.59634710731388
43.46528221849832
58.68055640830121
68.53766489278377
73.7025464625568
75.29692768930217
74.27433007104285
71.06753906555471
65.13837070278795
58.0024484649585
57.10488788010569
55.727765884438874
52.7059965904465
49.71813612508954
55.281720395051785
60.188823082001896
61.40214679124718
59.29549782322442
54.66379397883844
51.57161203983351
60.19926208675287
69.67147713517622
74.06786749972747
74.50961047332851
72.84445582376429
70.96872816983846
68.26772495808858
63.65423610817972
59.274615289140456
57.931796012197594
57.8240783817068
59.659064191003104
60.48972414248431
59.82705872530852
60.2774065316219
62.7180215028369
65.19083687624229
68.6033773820639
71.51293891556264
72.25536766024611
71.53126036390655
71.57397132954912
72.16362438390698
70.83335740875819
65.84519164450592
62.39130601995196
68.91962809183944
71.4270960085361
69.73739846640832
64.48688820313161
56.901501588945386
57.52585593763395
63.701845291549326
66.37480063793039
65.75613492082832
61.601860107450655
53.2879917271217
43.24805264305106
39.169908561605034
39.132739911994044
40.09836094934713
40.28799827439742
38.99044966596315
36.88543763166746
35.36673165159712
34.99877597212495
35.491470601174186
45.23551573611727
59.85806553273184
68.72180253770257
72.88134649307048
73.53924000288474
72.48677839069373
70.80382838301225
67.22837819903796
61.084670162110896
58.74900995271261
58.706539807531854
55.64148459979707
51.66852357532403
47.628853627228395
49.148568811682416
56.39035333716276
59.91821187562127
59.447830601227906
55.56090494837033
49.440742760067884
41.67083464897669
39.499822438090234
52.222717797727576
61.50646545976659
66.3466913240064
67.9171026396203
67.56739896947137
66.33890748917635
64.91200338518551
63.097664171293005
59.53817223491257
54.60540588210102
52.55768043709441
52.334254270665504
51.64577024574381
50.815844303072595
55.302972724968235
60.15916576580314
60.653661473548894
56.95317478872405
60.171658618313415
65.86971938624859
68.07070212555404
68.12673670825055
67.34021690828345
66.22653947330787
64.75713022659173
63.62152860756709
62.03870000886482
60.22567708716615
59.61873354694361
57.195145491862306
50.9570479527132
41.861968464908095
44.053753077250974
54.69634760615161
61.00414582704876
63.21588205191042
62.22215989189246
58.39610562032283
51.18855976119435
43.12588587036586
49.15963925467349
56.49031013400596
60.06693462442745
60.37637115145361
58.32668382075671
54.5769437935878
49.21874698720917
42.50658020358625
37.751352058919906
37.26240190803565
38.055132536091
39.681671097499695
40.661649778166876
40.65615961363365
39.94169500682507
41.038253276586374
44.322476585851916
44.41054527461442
40.27582524678241
35.81599448309693
36.88576228050485
48.54241620982112
59.59202294162897
65.66121387132117
67.79809767055743
67.16670392610611
65.09769974821604
61.98591877466458
57.218841065943764
55.23114728719693
55.089681421572294
52.339830173784975
49.07288348175803
45.30410748372461
48.74903798539443
55.60458735382515
59.31007555309914
59.819200005661635
57.715211565334045
53.84678402541003
48.48433316237247
41.42124205895612
45.18969991421198
56.885534614297214
63.675782920391796
66.31679546054228
66.05220873805345
64.84436692497452
64.11035068659045
63.37611757832897
61.64045972049598
57.96275917953462
52.85258921136151
50.731427226341374
50.6536729348933
48.65480737683343
48.486326673100315
53.117810415834086
55.2157079547652
53.68827925031286
60.04597021956663
67.74375007013306
71.5481592021444
72.74771173817135
72.60087903061465
71.87032832374621
70.84171972418076
69.13680353229714
65.65219565271906
60.69741488579443
61.60657094034421
64.18988018625646
63.055918272380715
58.31647918323544
50.56660982691162
42.22463869695641
50.74617606987793
57.62669019901932
60.1366520406704
59.22683829661504
55.90936354151594
50.75799102005688
46.01434566995582
50.191831012186995
58.790166497165316
63.21059102288292
64.28229159942235
63.16437555738811
60.403888779690014
56.14780991831318
50.1410182335928
43.80989776820339
40.26953080979357
38.46486067260554
36.96050812716581
35.0279044053874
34.31819349373252
35.21056381505028
36.9190855171988
39.2889962741697
40.90590708020186
40.6055947115143
38.81397109269786
36.59901290021222
35.83847517173896
39.89200702177213
48.48839828932342
57.54212493068362
64.37816636375635
68.21139262733217
69.86137254174716
70.20699695175901
68.94106076637537
65.7107249732115
62.53970556565921
59.8890666127777
55.69980867919256
51.790241054545035
47.43473699994198
50.354456868526654
57.366355577112145
61.00663004690848
61.03141393976961
57.58936864751917
51.65014387225974
44.72076291324421
37.92080012490746
41.71175608906295
54.46450594943673
64.51903129256404
70.03312985149222
72.19468120108446
72.16418778599982
70.96463500617628
69.37051379207448
67.46670015181717
64.60395949539642
59.81648203875973
53.96683941007364
51.73585638476669
52.961221174627084
53.58335019044112
55.439438757654585
60.463459214520974
62.4524370916012
60.18621008201531
61.69204832476977
67.76334094376168
70.20429704710676
70.09423211517382
69.35474137056414
69.31405043158608
69.1548839020836
67.82959426493427
64.50208318742439
58.87850500743446
57.8303389029496
60.328160982113346
58.27815256214989
50.97874398165915
40.5919466769072
47.21351135861896
58.62947756224151
64.57775014487771
66.39560342592418
65.36187540693307
62.13720709910916
56.03035274841989
47.28073390172899
50.41611482826785
59.04617786178748
63.30968216473671
64.20109968158184
62.87834791951081
60.08367635966085
55.845389910952846
49.69196781076267
42.7565155013922
40.09700933391001
38.48670260088231
36.211435419482264
36.3489314121006
39.09979350786292
41.511865430951275
42.428500462032666
42.23368051237402
41.34696894104624
40.04641972149695
38.3220254560413
36.03114774600642
35.961582485403
43.09910309713576
55.06712991711113
65.51968676679302
71.70650414379833
74.17970029110158
73.85114859946063
71.54757924740176
67.35804650452666
60.82622400994034
57.47601023991119
56.9850651848937
54.316995172401306
51.21980101304803
47.18310284839995
46.275274625677895
52.58392503153452
57.023593780619166
58.750297489151826
57.8490905351339
54.74228295815274
49.260931401873755
41.15097793776964
47.4604612963177
58.726783154387235
64.8514580734812
66.86978965522637
66.24428119627618
65.21194629356323
64.62057243538004
63.76548790700448
61.79781927473796
57.38200005374959
50.72108615296972
51.079747834800926
53.80685499498949
53.24762889126588
51.001303849154326
52.951234515162646
54.90810094067511
52.96411998652409
56.258897611306686
63.21766555629449
66.6242450387061
67.16181100395323
66.36716847936117
65.26404761207358
64.02457393467641
61.95584462385145
57.84770687028896
51.14843850237933
53.523571058136206
60.97583179953644
63.30845768486293
60.711790990534226
53.14505311521856
41.95158359140021
42.212761685111325
53.47906673693959
61.06911908541926
64.26186844586977
63.81749683551757
60.26839060457434
53.8174397362518
49.763736920526085
57.778742592599315
63.04362184070175
64.18784120464626
62.36842128614014
59.232208958933484
55.21226258979202
49.84653089531952
43.652745528468486
37.555775863444026
35.31630287173672
38.62247774485375
42.00195810332432
43.027568553236726
42.197164154429856
40.958688711314785
39.37583696147502
37.53235668485118
36.14127994999262
35.85253194246576
38.94409931376707
43.51811707215021
47.58150275392889
55.80445546862609
64.72033510743805
69.9348899644018
71.72211352170265
71.11028248553063
69.14927989511486
65.75162632941505
59.7464628325677
52.326130524307366
51.696318682736965
50.99724224948321
49.61370345511259
46.78003336267488
42.88695781176622
48.13816527116916
54.13781010338985
57.11985194161357
57.05369075784258
54.49642162829939
49.913291639873435
42.76411161960329
45.24430255822277
57.24849549157326
64.73525527774342
68.1312678722814
68.84443746101752
68.52155633524468
67.78477866228289
66.79286633486585
65.01639584427748
60.94840577930019
53.5762211903852
50.65598531965673
54.4216921492104
54.99120664630878
54.63794794282306
58.75773664904255
61.660414948754564
59.97214584471497
56.49253985993668
62.66453334908996
67.34656215727605
69.27162457680217
69.50933927702218
69.2130341321413
68.865661610588
67.36829928106855
63.81724417606081
62.71005322432078
67.32075573539635
69.15365882490745
66.77651612434124
59.74192862233541
48.42862101992417
58.08787519373781
67.51940841008747
71.62691719420604
71.61890416371725
68.50085750885921
62.74823702132147
54.00842287099728
50.69484437406328
59.49376120154868
64.60066814669962
65.66127614096101
63.31111545787944
58.03477830945041
50.25276839729855
41.14208362527428
36.05990773579237
35.70087134669514
41.06935966435087
49.27081859860045
54.414994408829244
56.142449233400384
56.8054347117513
56.99927363526606
53.9551481553861
46.88438421287042
41.622444111726054
49.692667301421125
55.29398970101991
55.63924403649354
50.796081809014936
44.06391436445289
45.021249060466495
46.015385255432946
49.69762891077614
58.06940919652437
64.23551670890952
67.2380307785449
67.91812061298722
67.47383445786603
67.21422198274914
66.96923045015795
64.77032271352714
60.12759274578318
58.761212823855104
59.3177976652652
56.48556342954602
51.12749715968047
48.88953026890697
47.344493793890514
45.51381776161489
50.48806629727166
54.31128626047539
55.45838360102566
55.052463920168876
54.414969025786846
55.167467850471226
55.297012022583246
52.44398294491607
46.55741828126111
42.39369478161553
42.315672795953446
43.40734229178711
52.52163816869108
60.039067614956565
63.86369910011759
64.87911226982071
64.73916455902698
64.43647874382808
64.34375237049552
64.68979009636831
64.51881211457271
63.47045533151997
61.94026236211363
59.385271569690886
54.972829394828224
49.48563276713068
46.29891773409392
45.41335526892961
43.63122177659264
44.0999988190564
49.579348883250596
53.927612525183555
55.76450738377447
55.00645698513374
52.02174013591324
48.70580524439747
46.501015526148
47.146083653585336
52.847233368163785
58.02454155007809
59.517876190427515
56.94500437907
52.129318004309255
60.75595042592174
67.79447565325432
70.97929657756438
71.74269346308932
71.43714093624814
70.29121172201508
67.93067973710672
65.20150765710557
63.50770540456373
61.88132632816695
59.67410921021219
61.88730709211259
66.91303460628785
69.18232617195014
68.67872363605342
66.37096960161955
61.68747822693378
52.87412685015019
42.95431777335604
56.41434022647776
66.48245835071081
71.80789315326261
73.57903118259972
72.64302977772562
69.62979139486927
64.93233619128066
58.190512172362325
50.21219484809485
46.662679580783234
46.56047917835552
55.92946421789762
62.159591593467674
64.3851338539884
63.588107585166085
61.03067930990824
58.51425071237361
55.91706105330683
51.723019231387816
45.88132256326085
40.48489870660724
37.823604112002215
36.380602273968364
37.406262374910916
39.66722602289139
41.48240046572903
42.4296061881147
42.354593751568615
41.692956564256
40.88163722927584
39.505403469388284
37.464976780161386
35.56401675678158
34.372393845617346
34.7031076737736
42.18148947041967
52.20024164062206
58.71930000521572
61.4334071600916
61.48651503891132
61.22298323552248
60.98598056486226
59.6401085754465
57.204562740866976
54.04867029498786
53.94159983745808
58.43112793873438
60.59485989874532
58.99385895286568
54.93950639989508
53.258538041493104
51.564783840659025
47.19112473667999
44.84233031039719
50.609661014041755
54.73895607556738
55.84335232169812
54.45109846500138
51.544836948408744
47.40620607445593
41.27519245766999
38.091364326611476
43.45170383898258
52.5848878175116
60.6955045706141
64.9498144403764
65.75198487297575
64.59269513684885
63.6798443654081
63.68928342917626
64.14366966925401
64.30423198232141
63.73582342108086
62.71355862386042
61.51689748195209
59.254830227446064
55.412413061240045
50.58736275014118
44.49570302784188
39.26730007509465
45.727267227855926
51.6593829055791
53.670618754416914
52.56238250250077
49.41941755323388
48.2110378925877
52.82071274570505
54.91260221442695
52.63992857837616
49.84789111333952
58.805926699548365
64.67422348605525
66.55817499569073
66.82173045034675
67.37535486239062
67.61344844341892
67.0468497976381
66.02693875763326
65.53468894275977
64.82523301125977
62.19405213987406
58.35279480758438
60.57211351155158
66.53179505567427
69.9458096642442
70.18151930719411
66.81773842871269
59.11865706142514
46.59547451806212
46.60354068549011
58.48877794413309
64.90833341441302
67.00837789832089
66.06013516404136
63.7264057675433
60.68045633779093
55.658646507691856
49.52778855577464
46.40576541947797
50.84897433167135
59.43580872000018
64.30247036833053
65.62627730736976
64.1592859483251
61.71658296675417
59.94273733568207
58.00678358457201
54.497958148665695
48.864928826220165
43.24560532381325
41.34913581622775
39.99472115150218
38.555740311612986
37.17896970771996
36.8647201128745
37.587962141364706
37.969532088259136
38.92583734742372
40.7945286791528
42.00547023217263
41.982266142334794
41.13132845027902
40.08321615978655
39.16614371136825
37.427945617984825
34.95654164417038
33.5655067440448
33.98557531878343
34.80584883500035
37.25526335599505
47.6283584706374
56.10893102584431
61.90555883059033
64.91978575627003
65.40614401455355
64.96490714898852
64.7767476222007
63.56408979746932
59.752997359802286
55.94081110090635
58.67521325157653
58.83541895792217
55.204551869591434
50.393949860067195
47.50565775509824
44.35800182909662
41.24763343195036
45.3686936221603
51.4934785359917
55.27046423364544
55.85779780256048
53.53970517285569
49.76441612106494
45.22572491355297
39.3474360226496
39.40571744560675
45.78867512075944
55.20236204859372
61.391121133188165
63.60372364499176
63.30606114450188
62.9962986899254
63.018658287532915
62.79091122820851
61.88789994791893
60.57989711765104
59.06346392734291
56.225304991650304
52.485825899662224
51.137540743010554
52.23636771542934
51.7201829328181
49.83877904349244
49.369120253654046
53.04834097558282
57.544018298789375
58.086480811332486
54.074977784532706
55.916030979897926
63.40429827844741
66.5072044923786
66.47805286344432
65.93390803367412
66.59087050298572
67.6071736231191
68.06334402970373
67.12650784695312
64.0290296904948
60.18672755435509
60.685708851180195
62.65348475857912
62.3732098967412
59.209192210739886
54.35735018835895
49.3875209794203
51.58385164635747
61.25621776641154
66.56439925367381
67.77873364374446
66.5593002563178
64.76948629982645
61.88420860041961
56.207668832055376
48.09137499889034
45.99114789620628
51.830349167129704
57.504587564784316
59.910678945013416
59.261455276501074
57.320582963288196
56.18341784062586
54.64838702841574
51.59171226299533
48.19797424084026
46.50045196722084
45.67706558844921
44.26573373237507
42.45203282660601
40.503262443026806
38.8240677003712
38.05949429633407
37.86697473256259
37.233450818467276
36.30711505878045
36.55208958433764
37.617977805341376
38.978790647209976
40.34009224179472
41.770156074170224
42.423452911597515
41.113336005473
39.79881987481357
40.170017169844996
38.662632867279804
35.29058162759461
34.120610124531865
34.80385206457781
36.60673665240616
40.379617069235394
43.153134472517
47.018968180635106
59.43812497446538
67.95520885632114
71.69458259454501
71.69300666747495
69.63488854870356
67.38452076731295
64.30936853151164
59.27443560790514
58.79394223442751
60.82288228555234
59.355826864281696
55.35759108488206
51.15996041627224
46.644287536598256
41.46596539932108
44.15430835668183
51.56318240779939
55.90205204171792
56.833128555238524
54.83803504698494
51.36331832973703
47.57930277897891
42.50361369042306
38.660545163046365
44.25005503630578
48.46541676918836
54.29161860792702
60.46206571750534
63.69180616243777
64.59872071918464
64.2594331061936
63.799822842735814
63.461165246550024
62.45113739035554
60.57973778864224
57.54332281109743
53.09632739148196
48.140429636760054
45.5230081333043
47.636242988614214
48.309917895466306
47.32645244171074
47.405436762722275
51.6625864100962
56.31128703440544
56.97626312919554
53.48536689685539
58.69677079343419
66.23913329193225
69.30192171118415
69.06770707427364
67.57850382423898
66.31498896302526
64.80782676626993
63.563442511516435
62.94716035326155
61.00673477074018
57.136917077625625
57.99299701886479
64.41617768249327
68.56474370519392
68.97606574119628
65.2832404532868
57.077049535285525
44.89041885453264
47.761557432210694
56.68023638665977
61.255686261149535
62.288272971406336
61.29588410696765
59.254054265015945
55.85385560728785
51.2108282687959
47.901069563267235
53.45378325332612
60.67832913082193
64.01373530071994
64.08395356204119
61.723637213519794
57.15941209479879
51.1008323599679
46.22049890982919
42.260272086115485
39.71264094148372
38.25732440998933
36.79248643041097
34.999387541093036
35.25950150107746
38.345304872100556
41.30832473306469
43.07690371576655
43.697538665925315
43.771726132562286
43.51611525019051
42.49640378789025
40.788848911331286
38.818127778758154
36.66613609283891
36.227263903447245
37.935925523769555
40.81377856434539
50.70644587924566
62.681311159646995
70.36404847363352
73.91346056550876
74.41599394176149
73.03834699647923
69.857141129753
64.35832130568387
62.277786350259305
63.33588248526114
61.42311017309852
58.32055367167555
55.04845752218708
49.60100742799795
49.50339482198995
55.6191371754859
58.600425231746634
58.290706762412974
55.33025338325169
50.56865626637883
44.09339221617933
38.868172113951886
46.0767977231646
57.8094552379158
65.26485829056234
68.42561741128307
68.53271820639955
67.39034020796929
66.7193264616176
66.11381639334604
64.54803511236308
61.84873720066902
57.350038993802634
53.4386606417131
54.003718455942945
53.695939066365625
52.133463853415016
53.70467082646417
56.68629633694308
56.0351197056582
56.4273021859697
62.84063355384128
66.21706093616407
66.64380342178507
65.60696051494547
64.61780241470918
63.78554701007929
62.437927244178304
59.93789591640332
57.769406029436716
58.42950343807424
58.498062728587016
55.91760878989331
50.445989841933184
43.90767104877273
55.90754930307237
65.62792396251032
70.2072840123586
70.76533061588793
68.24564171496101
63.40270492944785
56.806402341876996
51.61613446094638
55.1163465457159
61.79130479102661
64.92608022585735
65.6985964765147
65.32189813986462
62.878763162106324
57.25118464273808
48.19619258201157
38.50076007585956
38.607885178088026
40.93628812525027
41.583612512531985
41.27162096354966
41.087167031305896
39.90030229619825
37.21257302851653
35.14561274377213
34.62343182140024
38.56105827143114
53.90317459437127
65.32896807169989
71.6457148241451
74.03277778838552
73.99150812233727
72.7696057003166
69.87315120161237
64.701311803798
62.14167593499382
61.684081852919334
58.01840467373631
53.03241493824019
48.236404969406124
42.46283608217004
47.2816420204986
54.43044539344555
58.32753099938459
59.090272684335005
57.07119720120047
52.17783418771779
43.77465497708976
40.2877249982767
51.45713701638664
60.86920133052304
65.70896935667834
66.76638289089935
65.92600445310622
65.19348351566856
64.10408707755947
62.39786472592333
60.37863378837198
56.7923557915877
52.627167746933324
53.01634462700066
53.1448707328679
50.85663367970269
50.77633180764285
54.735076642220264
56.38721735745956
53.68007435957307
52.972034133829034
60.015880830261565
64.50849667297587
66.81285299283798
67.80353767676652
67.65763070492524
66.45408262338448
64.97376203718878
63.58108652907457
61.45988399693152
60.29103643762503
60.83602052885118
60.66091850545547
58.49518356736645
53.25540825235638
46.15374966001749
52.58574414221126
60.12704456244373
63.70089506280513
64.40464476344894
63.76098112622753
61.56681259997684
56.344757607846255
50.75464361584682
57.668359181763165
62.69756069014618
64.18700272656292
63.29507537726255
61.38271982063067
58.691685642446025
53.94410531157839
46.54356415077928
39.27807171651562
35.93552237706729
36.090541108954184
37.61822695322964
38.96784200442247
39.47124870881363
38.98450200974797
37.76244496690922
37.77830078855392
40.2672972396568
43.217472017330316
45.68699459377655
55.21349008460804
65.43850158611122
71.46306882059787
73.60428180996911
72.86224790024613
70.6652694100376
67.24110365358777
61.64449826082322
58.713834547229865
59.662480690869
57.274588859558165
53.19100658351157
50.27823124964472
46.63430654022305
50.554515514385685
57.04541578779735
60.3166256646807
60.15618111888357
57.07122483543414
51.834952719290364
44.234050763392396
46.91842096653698
56.95420220972111
63.402770480562516
66.77120309474253
67.63655378843214
66.87212328406011
65.83789125870304
64.59584629256082
62.36429761970531
58.44930956796321
52.58519389820847
49.859036286399615
49.29075228095754
47.481533338812014
48.049018037849194
49.96714124875676
49.50759461838486
49.519753727725046
58.724906153572505
64.65951972673753
67.03734931470298
67.88077850431029
68.8602395275275
69.35150003026301
68.9015780687555
68.01846609938406
67.4599462056129
67.51901261672526
69.01037196560498
70.38992440281047
69.05165020626708
64.04456554575127
55.08284999390859
53.473986151270445
59.92657302500199
62.90635361121639
62.59214730879006
59.330374913724484
53.494373914171575
46.60828751280795
46.424010775321136
54.98329431781329
60.3773232342793
62.39861062687061
61.856268175865345
58.97369117307663
54.26109255705257
49.705189646031734
45.832602212605366
42.0146769092418
38.79396837408925
35.76961065360256
34.3811980008179
35.745371719381794
36.79949433295265
37.0779367678204
37.06751474846198
37.22270783883847
41.33937722268571
45.81995656774886
51.913991490909424
61.54823511887656
68.28329312120307
71.68086004048591
72.486058895627
71.25057645633997
67.79378660384876
61.991407157705154
60.68690534158452
61.64443596553552
59.45731226020425
55.85763019968961
52.76515840887417
48.297228377261945
46.31515393683648
53.072696630981405
57.56358637358567
58.97622667028887
58.03987406552318
55.38595211318987
50.33021044852602
42.76095558313866
46.28951062152645
56.118626261913356
63.0040659815636
66.19008652088239
66.4851550823217
65.1589714637414
63.39402066254245
60.984094538847735
57.09444928385707
51.20633347258949
43.87884347274861
40.80826742775113
45.97055068525523
50.75925489783821
55.54212514104606
58.041371414197016
56.43627295664439
58.73271603382972
66.45599494008026
70.30309853030899
71.05461182245341
70.03508119891464
68.31963447402153
66.54074661472372
64.15990749397635
60.824016094424536
61.41015208523616
64.7753598849454
65.53110801235553
62.32681363274435
54.30292198590223
43.73560076763904
54.307107818240546
62.15334171473758
65.40090285973487
64.95820148984645
61.45359046130159
55.13864889412148
47.75232613666999
47.11430072441709
56.050084931611075
62.248770353787435
64.87218406869647
64.56711729482001
62.06194520629219
58.179874139269515
52.84919835851531
45.26017614075569
39.17683426505294
38.69399473160977
38.86345351006052
39.3458497524776
38.98316928916158
38.0851945671714
37.08414214980539
36.38091818883947
36.86294366024286
37.66606088321132
41.827507431456525
54.06585360431289
63.87132125487459
69.45666113373696
71.68921682214622
71.65177336300035
69.94320955426198
66.14663632737751
59.5773222986753
55.184266055541435
55.23512238990722
52.88983989265895
49.703500576917136
45.403014969063385
41.052490618297554
47.26157196967421
53.68198135548234
57.07377826568103
57.427035140801635
55.322944152508725
51.189645516409705
44.26848822371081
45.79159340014665
56.918273826064045
63.52169762076375
66.21036439224693
66.17250115300875
65.41444303391087
65.06433383837313
64.1408978425341
61.359252428583
55.60044559261597
48.25697820826471
46.71918309302602
48.20444199248642
48.060038963119666
46.620757164004914
49.59523978628831
51.94617390540657
51.22656028094848
59.254481979902764
67.00341674955408
70.43615186123327
70.82732471382549
69.96644204575799
68.73775574703645
66.87411348695491
64.47225701355285
62.21220975969192
62.067734295555894
63.496886225797155
62.541510254282436
57.53314215538361
47.74598934151685
40.73934404571409
51.007269532557245
58.868877505448715
62.511360478776865
62.88596335279663
60.76866151365919
55.704653928029074
48.06768499332317
53.123162046159884
60.59352388187192
64.25188358750104
65.32418623231965
64.58841249712285
61.81794613358508
56.31822512230016
48.00647106689419
40.289348995556566
36.84267123385773
37.717675873422905
40.231649796374576
41.56383542748454
41.58716217592469
40.64055457051863
38.88482511511006
37.216329518558766
36.01133862627873
35.29947256373501
45.48103066629048
58.226705854173645
66.34433481744222
70.23996014132577
70.93820196729797
69.79669933501282
67.6919328333224
63.916779735132316
58.95666518358966
59.73435012796712
59.4036024537
55.384592659035704
49.96028773391575
45.78410139615095
49.849109490251834
55.94996920975135
59.24502505524744
59.71502112503906
57.83885535504372
54.053600515735035
47.6741616528131
39.86085611187774
48.37696551147217
57.810767969893284
62.94724664076874
64.71903122172134
64.34093384573372
63.243002912392726
62.35091747496994
61.07036957434289
58.6214966064074
54.7359340756298
52.99282393338472
54.82342658819643
54.208096273522834
50.501492281102045
47.98357630854075
50.97659963897985
53.28284412054202
53.55241521986494
61.63806503551632
68.00272381558467
69.98327630662404
68.39852584254356
65.33488387436813
63.92758146288648
63.328225525566005
62.15646054256442
60.33240353893817
57.62616696338611
55.10919727670781
52.02543665049105
46.23552619682782
42.337707008063305
52.60200737468259
60.39976305625298
63.68512589925557
63.27302402453057
59.91102892953249
53.60605758965502
47.995863980255194
54.33089492150871
58.47961465436817
59.74365382776101
58.8930325707146
55.276524793334744
48.43951486364607
42.25062200062087
43.76362765800266
47.1334230304589
49.5598198748675
50.931095279178095
50.0887403810718
46.74210486247668
43.124187628131416
42.57165309054675
47.05827565909479
51.24740266275592
54.4998386549883
56.7140426198449
62.548781851092826
74.29559940830484
81.7687099829484
85.18426784384533
85.33363050398505
82.65334560128332
77.27940454407666
72.6072625494624
70.56140787130295
66.04942919511235
60.24122364202964
60.94553414589996
66.76729944644384
68.98602182067896
67.01033997937333
61.086667869240294
54.81013519191916
64.47184782347773
75.75784841174399
82.10902344252853
84.7042339871656
84.7920001264799
83.39248687113837
80.25990580149839
74.83526777063757
70.86156468851569
71.02117924780572
73.28979679653071
73.67838664145302
76.89586422248871
80.83440373370578
81.90772099063571
81.39433575606617
81.05954288784321
80.41967581593367
77.5993370425891
71.48466943936654
71.4175127221767
76.53507557384786
77.85603257501242
75.72510284933367
70.50606437468838
62.349338832087504
61.810022895496026
70.29836464724049
74.21708356858107
74.06529587706945
71.03046576762635
66.69218167864945
61.31632641903279
54.1050738140403
49.03383336217195
52.669275043438894
66.02265518309382
74.83181412122977
79.39681505182256
80.83074716355105
79.47517220116565
74.86662214027868
66.96191316165472
61.40724376749986
59.885018301599764
56.832164957819096
55.59890965190239
62.27789659536049
65.9045323693171
65.63649286428121
61.991367199228016
56.384751450204014
61.78722276902618
70.70065192127747
75.4105973611272
76.89468038433478
76.0924740343848
73.75157264282049
70.01581692786927
64.78731377699369
62.784963091118655
66.28120260728578
67.31279307811275
68.99587851797561
73.63846101349866
75.3900737773986
74.83272383402169
73.7182046112889
73.03367276433303
73.33546351982197
73.55234156358185
71.4618295833662
65.52372044154195
56.06157907949787
62.424050948847864
67.96765471058613
68.88720156567943
65.96762804137279
60.1823349759416
56.781413906160424
61.46568667523299
66.7027196964443
68.8637997481247
67.8739071669967
63.88671583966611
56.24575513760226
46.55751800187345
47.227375810905855
50.199575984766554
51.75481667932293
51.40008020655643
50.1123881895429
57.874517969705565
69.25300586200928
75.79172391100771
78.07159050532124
76.48509373923561
71.54500165768698
66.48456563629213
63.09770031771048
59.066482399227155
54.44123025903271
50.730288814642826
57.577425971867086
63.23522067968462
64.76220044941299
62.40122993112769
57.461092819705044
54.02666289265724
54.77342762430154
61.83494170043992
67.4614975409777
69.81680191471591
69.76555364301979
67.66762898017959
63.319631598975846
57.927939443156646
52.85600581520392
46.92531329497312
49.96546318135682
53.747492837543305
59.92920039949869
67.21002645511331
70.88819461993808
71.82569329579032
71.3943737275538
70.38776572607193
69.00891881878269
67.15817246818743
63.89303407931236
57.64464122501536
55.552272362041144
63.77166833138404
67.42387301915265
66.72071844639476
62.07782160952556
55.40910343883102
58.0582003717774
61.00786256867873
59.92201169058508
54.91835947197017
47.468724947774646
41.96273045366684
40.489250521691204
41.34809811451692
41.6931031690249
40.877905267338576
39.152424683999804
37.524442319231774
38.98371921262863
45.31821277402223
53.0121914318028
66.27700827286837
75.99759287968234
81.0043182966875
82.17144164987877
80.2989511237887
75.90556213798729
69.89041269694637
68.21677180288391
66.55254588600744
61.36923220889823
54.4636505257824
53.91360204611884
62.87993856359968
67.7039514165389
68.08705601098764
64.21949307106472
56.803880891768316
64.65687243702968
74.42104858075753
79.38429479929218
80.55802334103206
79.26200240295952
77.00830840234407
74.33065544963193
70.59429269072125
65.72821230362112
63.506916197761605
61.357681479961954
60.75471091584622
64.94452800535012
65.63977144100767
62.33694976891442
68.30318791877242
74.98378613023866
77.51840179775148
77.37869609274235
76.42924226666948
75.624036751274
75.05722973688378
73.49534850930807
69.0850269631078
62.24051776604536
67.39846090027484
71.97741201796188
72.70452614611874
70.09692158739046
63.96379269669823
55.69207711016983
62.918025197025756
69.30033611059022
71.55287061219396
70.31896120557951
65.74889612596834
57.3197154659801
46.1519090210626
43.090507483698445
42.900402438823846
41.82196183665642
40.01232930392004
38.38939281113688
51.707661604351586
65.64196702616718
74.11647211133393
78.40688854722927
79.33913737281104
77.72019801676944
74.0397131593124
68.37019168685725
63.8314770975072
60.78112793054928
57.39320439113618
54.08622994739096
51.88738897699025
57.83736333227489
62.205178629959946
62.990586308713794
60.11671595714526
54.98626344108164
63.26848611072294
72.99309896641202
78.17458577952402
79.92436259626609
79.273991601132
76.80730315022046
72.95703729516696
69.71679177472963
66.61054185425989
64.38629805323994
66.21694029198656
65.20786358661229
67.97011273560423
74.04156012299552
76.4730223743118
76.30507444190377
75.08044312130524
73.68565088621112
72.47546936804756
72.45664197106869
72.82673066346516
70.77348604991512
64.79479596075231
60.73115237067543
68.85247971021899
73.01720683043457
73.19717760614986
69.78756654635245
62.84459397575578
59.617099470867686
66.19350607490631
69.25202609532823
68.3461090752441
63.84094884183683
55.86088185392012
45.16634253001112
38.63923588977288
40.052733490784036
41.12219328592172
40.333236294440724
38.726598993291944
37.04246743689046
35.974226358611794
36.02322590115238
43.893306963265026
56.56021988873002
64.30550011573621
67.52479610953398
67.60252236627265
67.39814245833094
67.63720665242329
66.05196256587385
61.63888178632514
55.890643254451035
54.91020588723678
53.723432527943416
52.89825114241653
52.08750888753698
48.54307004678728
44.5066192528534
50.13492494857602
55.237830559082894
56.80208720562028
55.10356001265372
50.7687007519884
44.34961068977064
37.675894103302305
48.73927277084141
61.28694069149976
68.39788724498722
71.32073852682196
71.14490581524846
69.3420032490423
67.89988340752836
67.05170550845386
65.24336455926887
61.320856124065735
57.317146003540564
56.65302038992032
55.41602721073722
55.25414970971817
59.532489946408376
63.52694145818251
63.53394563911314
60.94940923885501
64.90940009025881
67.73592316893979
67.39779558771886
66.22748383974349
65.12622832718066
63.47980155613061
61.15034691815043
58.1637445413406
56.67233222578755
58.50911153742211
60.66433763378554
59.69276098601952
54.57683857989604
46.87178309278245
47.068198642322166
55.07836627882047
61.155199692689294
63.293681147375516
61.88979074845339
57.253452468656235
49.583792439517765
43.64489789418025
53.30778396458384
62.18765639267939
66.69093572779477
68.41301301480775
69.00683852017463
67.94483634829567
63.49683104003848
54.4176632463438
41.48071455718448
39.043130700935194
41.35280082201217
42.50393896080556
42.227570273085995
41.12633665840999
38.843293390412015
35.932587283372335
35.74166214829502
42.28201586038131
56.88029532603317
67.1829432183479
72.7039815783923
74.51012401407247
73.6288419728296
70.64306064939825
65.20015060488281
61.963840443941564
63.85490159139965
62.153651797302494
56.547106173343636
51.52134108431305
48.892797077466305
44.86790241716822
45.68006790688473
53.331345308640906
58.02356597775737
59.1211143900579
57.043627719723595
52.65787574735458
49.164117185277014
50.22529187508916
60.46072791329774
68.36540043970965
71.96853114928948
72.68366840582081
72.17315241212876
71.2338545780713
69.23294830679835
65.11365582513031
60.004369284581436
58.71697068062379
61.18706483060115
62.90805657213431
61.634485077650744
67.06291936474871
73.25603521731968
75.57711285302102
75.14942126113999
73.45760911347665
71.6340610518368
69.35881262682686
65.52815390194769
63.0436789324223
64.3782572339237
63.00867066579826
57.38508452227088
49.118416719380456
48.130617952358044
57.02627674122708
62.287291600623035
63.89773058690699
62.45830691122624
58.03248772314636
50.884471618060836
44.90823937407268
45.480160762923056
54.02430502786778
59.338210449008855
60.87944188860366
59.97497064038552
57.74013083020905
54.2052941776814
49.829519801355524
45.412774750362416
40.05967951463721
35.82864762202017
36.766060802609914
39.09559471356694
39.94291288804614
39.68756980271494
40.77780076846193
42.3160037122384
40.93022470917798
38.7663538490559
46.528207446834635
60.410920940292016
70.02600558994887
75.41216091026791
77.51145614608559
77.35236004751445
75.68469599404861
72.03477099242674
66.6507019091689
65.72251942209267
65.4531692634316
63.01978040154342
59.98681365507704
55.60742523643274
51.307436346393615
56.44926819021428
60.05806343779736
60.22963992370718
57.729505765970046
53.24155536234302
46.70883558635375
50.36744984973773
61.11475817992567
67.23527928443984
69.22861139144332
68.81289358202123
68.71502113169501
69.13742801743109
68.64542727171376
66.2118922346249
61.108475282062535
54.99618421004145
51.92446087071316
51.875541417203685
53.28110543603203
53.81124856658847
56.587048158976984
59.85206823129681
59.594844965729415
61.544949796039774
68.34997644899464
72.07418798014115
73.10604833568662
72.71139802369359
72.14706884287556
70.96906210356971
67.70640137064399
65.2530313688967
69.62115664530502
72.38793125725668
70.93899000907945
64.73110439768482
53.205097504581516
54.082381878653266
61.592521160642455
64.8082226695146
64.79595837083687
62.166675583635694
56.66088432551526
49.732451865154665
52.119560736570605
60.211606118731844
64.4093565313405
65.43647892748088
64.19854875944085
60.408877286903845
53.626295277683425
45.40905656798828
39.55450782178047
36.65204934763124
36.1790137364154
38.70749353497322
41.08914167326552
41.766773022063674
40.76536891589591
38.78718318317639
39.24411135599676
43.33530887772456
52.58722035831595
64.80138149710103
72.81754540733792
76.95321454089698
77.81607278523723
75.75176573826593
70.86558334435318
65.68310715245977
67.0864896672368
66.7552488024184
63.180533895243904
58.228122994391086
52.96861507927239
50.70068762789415
56.398089729807594
59.91795214900997
60.37162772711764
58.36312545786171
54.19002254285446
47.46273991047544
50.68832458595103
62.289269411367954
68.80771040166687
71.36223069355631
71.4359532120739
70.60018762987777
69.49499886559322
68.22323935271577
65.8508930816016
61.20168926929456
56.854709240218746
55.92706196048299
55.543770084766344
56.00966536870467
56.21926607278104
57.92757588128572
59.629155884342836
57.44823027108623
57.41327562634376
65.32625606030163
69.66558825979084
71.19592244514595
71.30968517337104
70.94706833117125
70.56707621727048
69.30240326847371
66.1325028873456
62.61362552730401
61.672761480069404
60.672818809149646
58.625031613400516
54.19842930935245
47.698260927102
55.944653807226345
63.65086201336411
66.84572090346462
66.51730208543519
63.40591417538606
57.32506270785417
48.39449266623479
49.80600915126472
57.89414770381259
62.18828590699448
62.82124556653368
60.76080034691294
57.608557886753
53.40731756118868
46.66474067944872
39.035562126211424
42.140767061062064
47.031173231256446
49.21271802355538
49.78116280880638
48.413439979445016
45.32703937111812
44.842221446823956
46.92389216154217
48.11332911617609
47.46779036669835
48.855400270821285
60.43125064144118
68.09827698362096
71.27765295194801
71.04793876691798
68.58902719243727
64.33367157740841
61.48825446958093
61.09470912600152
57.85974709454483
53.10710753681129
49.41003943202012
52.73175323266953
57.42530387593269
59.588821236304526
59.30738948863269
56.728783376329794
52.00397577217625
44.707901420174316
50.49256241490465
61.95908643436848
67.98646580890608
69.74115939199496
68.50868860267461
66.33809940598405
65.37418631893333
65.27658001478999
64.17108036071159
61.26473866680361
59.09305664752327
59.478619030146135
60.333867794206746
60.62000807080434
58.99053590192486
57.80314787301286
61.239854579385025
62.798151673040735
61.805053637252314
67.06230936316197
71.30652032428969
72.42058980482085
72.7724265756847
73.0447824214996
72.39258627790318
71.20348006907071
69.3787370126819
66.7774631123242
64.18138889795722
60.08193039345103
53.99336091577261
47.49461835205081
50.10147925776957
58.64617683799103
63.585238798328156
65.34347418282101
64.56540853037781
61.19929499046984
57.471061191020276
57.467495432378406
58.68959237903525
61.06845358241205
62.60262321374058
62.298519314516184
60.09882427613859
56.53913599771113
51.91987537410688
45.002259660922554
38.20628933001112
36.79159740075023
38.90286307654489
41.838534145261306
43.51256537845984
43.70822337885595
43.00009907197697
41.66176159103253
39.47875590235355
38.60451974399374
44.354733384829075
55.63839369548455
65.99792888704903
71.79848586895321
73.6635492781051
73.07085502155407
71.60070973651999
68.52699581037379
63.840088580135124
61.42757920442832
59.171232200054725
56.60045610970905
53.39215933644962
48.477998253776846
50.45160850877694
56.51778498356215
59.730410661662816
60.296750664843664
58.29989250920566
53.26396964771689
45.222795956688174
47.40071447375737
58.816692116974856
65.73468331602005
68.0870607311305
67.05056606422014
64.80370545980479
64.82920071184368
66.3975142724019
65.85546523200749
62.537073960480775
58.836198188794626
58.91915773972158
58.67225514489786
57.18666115051839
56.46046650598577
58.727824065212545
61.67453506469366
61.54677354296862
65.93589912942366
71.81952105804237
74.11254964640563
74.33768620118073
74.42315328218518
74.42803083430833
73.67265141074162
71.28975504974859
67.85186073902884
69.21969467057778
71.64975964181099
70.27814007879942
64.23014667473271
53.52579670116012
52.89443658410026
59.7357622729366
63.982441351185415
65.32686960269365
64.37516994293608
60.74523569003151
54.05902708095795
50.07946999009826
56.36679647207639
61.31715305805362
63.48086697040345
63.182100520252305
60.12439458995311
53.663967418091396
44.35887065543064
47.16960313890876
54.85838357948107
60.083787572535776
62.79275098795225
62.940922460441556
61.53497234090195
58.06171655393495
50.66321300246809
44.84168685000935
46.58302183319365
47.44493253367548
49.08451493408873
50.223917240326806
49.38332658847184
47.63612392955221
54.29706879522146
62.117638426095176
65.93899285456726
66.83755274047951
66.2149398677835
64.22886857218445
59.83393068195889
57.12512841638332
58.24903139286924
55.93742780046781
50.72600486206582
47.1147691621657
45.23803619045967
51.66968974218848
57.62717616346705
60.03948692863727
59.76609001770555
57.896886768170496
54.223785106748714
47.15731360496167
42.587426563466366
52.3021162814155
59.63061163148434
63.228760597991254
64.33835075235227
64.68790247686104
64.54161677008011
63.683743764453276
62.85550230346167
61.92602483534195
59.878378338920356
55.94004710389064
51.01933904552909
50.25257074266216
53.411135535657564
55.07995657871693
54.135251789093246
52.537297144543835
53.38218971339373
57.5071657630868
60.018279605595254
58.48991607332494
60.14739726260696
67.05139412057257
70.21931847817407
70.74863407863523
70.84889132761235
70.96856030796648
69.99392294174632
67.86188622550263
64.65410655915824
62.40396438987558
64.153736917825
64.07138419275886
60.07846486468904
52.82110516489931
43.565218517377275
45.54904572711124
56.50538541796345
62.63628687802749
64.98311276763818
64.51883037439005
61.613831217549105
55.91212398322955
47.87365423452726
43.093130797118
46.07975150462458
52.468392169123625
56.29252874863467
58.13607980482565
58.09184848781329
56.41201728253797
53.871215568003066
50.2796622389613
45.23805234129441
39.37321357696099
35.848407864510975
36.91240654926909
40.180611543752
42.12078749472304
42.53440725825576
41.85800618252867
40.525627389710394
39.045716777664275
36.81800031695575
34.53769423778721
42.010353356693216
53.17150819602735
61.362719975522076
66.89230195593312
69.6055884036363
70.16349328948817
69.3896838697293
67.12421481812355
62.71315237468943
57.90417788531496
58.28394213742099
57.60084515717695
54.51073662782129
52.5202714815901
49.61354651091
44.12665469081511
45.030412408901924
52.12115130620681
56.47756440134961
57.93019743291844
56.34581880108566
52.03124456765956
45.17854498259119
40.70520750894282
49.921886609814564
56.92687445622434
60.63789539566977
61.72776262797572
61.01167077232063
60.35952184306388
61.24098730692897
61.75766721487696
60.220025440074345
55.75668495276088
50.144549507933775
52.60404069611867
56.545770807252836
57.70843871045916
56.170300000647885
53.78646829367241
55.08180089629139
58.063156923431634
57.670086757701036
59.41700109182285
65.96126690790234
68.7054503008826
68.16788769869356
66.56642555009566
65.66611961737367
64.27495732126418
60.88622475944193
55.873731193472416
54.57586688949718
56.461612350758365
57.549794826127545
55.93012768405076
51.23228568234608
44.24808962663626
43.592206301235265
53.52183813355378
60.28891463428551
63.65446549378535
64.51384407632722
62.970600013823066
58.061626414234915
48.98843087040355
45.55623116141928
52.55904075662913
56.77827769490722
57.95056418571419
57.204362178043894
55.62423963565311
53.75345278699368
50.76975736737885
45.345845057712935
38.72113258748337
36.00854871530459
39.48548817498559
43.754509870003844
44.54967074294048
42.06396421646636
39.66091491366372
40.96235641466633
42.90820944537387
41.659577850851136
37.53412193879462
37.386091217977906
46.757653502450395
58.63731871770756
66.83738435541446
71.00047668841854
72.20889336185464
71.82408350080672
70.01739574191042
65.80855616646835
59.12954427505678
58.47027491117254
59.37456456000823
56.633304750223076
51.46913554517848
46.71943557064411
42.47053752975337
45.439907001337986
52.47084022137041
56.618004471254515
58.09660482366117
56.8586218959812
52.637583990890455
45.20885959990936
42.07855718153995
55.33165961573866
64.18788344039923
68.24382264345853
68.40710001376624
65.92115469320265
63.67495409388944
63.967688624754516
63.602376798524666
60.556224820994615
54.83730286802192
50.218032910817605
49.59069978253406
51.024136837345495
51.921605438693284
51.64739319483377
53.063507981524964
56.51710199821406
56.98518569904034
53.27971971865559
55.68832633877474
63.114032338552946
66.87038826163753
68.14952175208865
68.50301953239992
68.62464369130196
67.91729332506817
64.92298317128746
61.00217136063627
61.08579495566283
60.097943570871294
55.18176381288728
46.22405381608879
39.33083067402402
50.68290883020059
59.544926449768994
63.69037374924375
64.39941754498435
62.45376931065301
57.50763821514631
49.23546155507432
42.288952812265705
44.625394410324155
53.27959676620597
58.424479093649055
59.82918091549621
58.749811064066584
56.91831761573183
54.135314683687184
48.98586107973752
41.992261193126225
36.88060147978841
36.07341796851348
39.79648192391823
43.53000364232456
44.91484300389142
43.76447555576986
41.010585859021624
38.18091265202103
36.45326974901248
35.25349664460961
34.61401073883243
39.97950086161339
53.973272141876265
63.573742971348715
68.52072303794844
69.92198435631144
69.12950362300619
67.48283510307508
65.11825818944094
60.71620056026202
54.89480287413158
57.15790599968166
58.09773275882971
54.808799612931544
50.22888818162752
48.73631017137101
45.54956722086584
46.916512760840334
53.59652208908451
57.15700776935469
57.59017311700056
55.69263930536635
53.08092030707633
52.15830778391286
53.55349661773535
62.68229242078313
68.80137363204159
70.73811390823464
69.9369738789169
68.73141499304123
68.07251087317638
67.4137031405645
65.87881632948725
61.967218668451096
54.95410539280285
53.234407342702816
56.86992424959602
57.267964153941826
55.527624394524864
57.584271986595965
61.973359276766885
62.53568913251697
62.44764487908384
68.7615355632503
72.2947541884268
72.94319594833856
72.38083263269003
71.15009032842765
69.06839561051935
66.06881753253575
62.26086923651891
57.793305738735434
53.93868498165204
55.78226054272868
58.55836273131271
58.401458219532884
55.415349048013255
51.988196007239296
56.223265284609816
62.60060545128689
65.8765550398639
66.3806371350724
64.33492470306064
59.33546390109393
51.24569036693717
45.81151559857687
52.49923933134619
57.910831723095825
59.38951647544437
58.181057952832845
56.14693219756418
53.644112649069385
49.67969546069153
44.148491029266836
38.1074204824552
36.244854640193985
39.704877515430326
42.00640665839019
42.39858985535896
42.30866882429617
42.0197611753829
41.35963156587695
40.24036473476963
38.52919518474179
36.78319879600038
36.48557521233174
39.60340298957967
44.509883612145316
51.54134583923653
59.986034090095686
65.31274211309102
67.36918352180854
67.92347524404299
68.12838165283215
66.52991985122965
61.68919084595407
57.42170541381347
57.75044996951288
55.12305284848951
51.167094655098275
48.17724484736595
44.13248234392171
47.4178117203862
53.8188946257121
57.33315763109556
58.1388458428502
56.41327420001528
52.97988860611868
50.47119528030656
52.4602216578727
61.269181590138885
67.15471042595185
69.23374776420563
68.65304921837942
67.1622381867965
65.58604800453735
65.10619726553819
65.65857525480587
64.52809530542086
60.08732574902496
52.647399801755235
50.48745163982816
52.41120796680117
53.84007724645039
55.027664327652175
59.0665290119237
61.48499479002041
59.53901798162973
59.2312557101512
65.69989798843392
68.74386104075983
68.97627046117665
68.23590962801512
67.62219171320523
66.6905327146989
64.25744245614128
60.12972768792225
56.59613398161823
58.379192517750305
59.630956079904855
56.73801861320871
49.43604392434709
40.39619662930353
43.39178120735152
54.215065751892965
59.84690992559125
61.07603187560127
59.13125875361569
54.88137789369225
47.91545443416146
40.661027081786514
43.4016979815944
50.57023418823416
54.758643164627294
56.30277840185776
55.65256814964747
52.615869255044736
47.093393741350404
41.12466298482389
41.10317335049906
41.87479852541999
41.397548344491824
41.49255957091128
42.308196909650604
45.69580256007381
48.41218535092662
47.63042880456223
44.049788547702924
40.12571091356536
37.24807354320808
35.88010573867458
37.17711455724021
42.35022034329229
55.48453222220918
67.2092634582753
74.19243949314458
77.41805079215891
77.75747848309977
75.89654074164035
72.0103550250814
66.48669892617781
65.14200149627135
64.06934823934637
59.31316877391368
53.85542619394259
49.60164272487688
46.98476266367476
53.72337338037026
58.8932583488394
60.50829573171865
58.4567042088106
52.646112558689076
46.58425339098531
57.90840995184193
66.93898751853864
71.64618994023073
73.14662499188356
72.87056855720347
71.92887533996294
70.66024361847265
68.498059041754
63.98690187698516
58.88093943625728
58.771828652477105
58.42080855183782
58.52089408162824
62.696789176218374
65.31114989208831
63.876850751650835
63.36519677650911
67.97468681040492
69.90242920038224
70.02664396145964
69.9759753752173
69.71223176606381
69.69435141294247
69.04186544861189
66.75345776977028
65.11164622549502
63.677177573810695
59.03136448653644
52.699052511722385
62.21370727748639
68.70319693553356
70.40217063452172
67.95617076806308
62.23096031342254
54.95504260234207
49.49690623292813
53.49222165869519
59.88257285403452
62.266907021272786
61.20271092035276
58.2963472730382
54.66173250777375
49.34950237190948
42.29698415355876
38.03802433637414
38.49648426109388
40.048160248598
40.508546198604094
39.502952072852
37.1718400240595
35.522491616604505
48.01966996300733
62.038378886959016
70.50493680046151
74.70287858689406
75.63338850638344
74.60845751004629
72.67566287496943
68.8337583419378
62.945137082549685
61.93965024985438
61.64305243041892
58.3948942492823
53.750208938469285
49.679366871281935
50.50038580597787
55.802870912208355
59.01950424721413
58.955030588864005
55.57052849243799
48.7442657327309
46.276901236451536
59.26514730331674
67.12070031123453
70.44739682750816
70.72081626772356
69.97030261543326
69.27423022562094
68.30274318572343
66.26899530332406
62.278997828928205
57.45334197993435
57.36670907208972
57.58275712779104
57.30214745023752
61.18904240769741
63.59412945084352
61.82716679947714
62.128996674541064
67.17891156274207
69.056760570113
68.56674079156699
67.3461477796788
65.77944886098882
63.760278706731775
63.08636510826685
63.85592413199546
64.20580934849181
62.52880973186336
57.33628622987795
50.19164912669144
58.801205829113414
65.19217843714247
67.45951769229049
66.36001762278184
62.214240844325914
54.93124709606405
46.62707288475711
51.10728080474283
56.62308599097963
59.397118826368775
60.551272700688244
59.8352278126961
56.64311857951121
51.36457445410427
44.69111114248672
38.99533105690843
40.687759649253856
43.407815903960845
43.87316066522176
42.19604916647831
39.87880273495983
37.87002292466264
38.279599014713234
50.35036147754368
61.58037007639477
68.44848071428385
71.79616467668363
72.66627425420114
72.1716458282877
70.49194435032977
66.17645533292449
59.84231151253296
60.61741649927775
60.730049601082214
58.15443450419486
54.926896351069075
50.62994539228438
49.30998137964269
55.3812903015126
58.77644810260834
58.686500135259216
55.41410345429739
49.19073786285915
44.53995742197587
58.357784615408136
67.38298988966059
71.61620063153565
72.68177094702645
72.47802441450585
71.93565749668815
70.93376707841168
69.12418677419369
65.39663279578353
59.99288040342755
59.135206348198864
58.99058506081245
58.85429768865631
63.17622482833841
65.47935729951145
65.64454206288012
71.16921914683054
75.13583208254657
75.83059224013398
74.85455594313932
73.94894016795344
73.22807485755664
71.28777053974922
68.49456515858267
68.49451530348144
69.78729377177365
68.51918828044238
63.13524189732909
52.88532232206923
52.54673105085152
60.882944815101716
64.65804502112836
64.81450916826373
61.993851196431905
56.1683891621434
48.35372975759117
51.78470479505606
59.9144310388266
63.83905849365645
64.1027191553751
61.712554515988515
57.40947339364319
50.72433970900339
42.71721234138965
44.231640338853325
48.405401160456506
49.5875088510907
47.70418013067897
43.865621774872054
39.68893308669279
36.048252503122995
35.801309675395515
46.32206990106047
59.02074556453273
67.5338670501339
72.14640293382226
73.78263151627027
73.37640382415948
71.02658039422529
66.06934287940811
63.769897863175586
65.11586974335353
62.84812202477757
57.489906374300034
51.89666276556785
47.18615632617136
51.39826912685663
57.55340522954425
59.92835869535752
58.78329168719574
54.47279067470013
47.062161313914395
41.81390112376201
55.795290351191966
65.06966041013496
69.50090786010406
70.60793930908979
70.37011880196125
69.98635260273704
68.88664248610176
66.11831556699971
62.06374181217268
62.271979010436105
63.01102769216808
60.87842107492823
61.282539389783544
65.35935903152357
66.360381865535
68.63483911328447
72.91940321392693
74.53089485673233
74.08914979684617
72.95470429889804
71.85174664049885
70.00088751644533
66.26828440338134
65.41388903340506
69.81919673032249
71.75333836800245
69.85391021898826
63.8536350252009
54.89141895968672
61.35787819675572
67.32438287011274
68.7377811899332
66.52392390149902
61.36476197135677
53.441058833771834
53.952384037925576
61.24567038811506
64.10152716466615
62.85125055512875
57.675107955255946
48.65215812571701
39.695283056672224
41.554892913398334
43.236019557143486
41.147389991927284
37.016368713553774
36.68051201757153
38.88663124887635
43.2338091983435
49.43925109754229
