File type = "ooTextFile"
Object class = "Intensity 2"

0
146.097052154195
4558
0.032
0.13652607709750875
1
1
1
1
1
36.402437446490396
36.208174899723666
36.616179683702576
35.96359946405555
33.98787381000734
32.47765839289438
31.54824649407678
31.105282077935176
30.48494180906767
29.869337425335317
29.723576136166443
29.06859094495834
28.79792967113022
29.43283346956494
29.139064427547634
31.451298624469096
39.84792610750561
46.44582780093991
51.139147355386456
54.301522821707124
55.370196111727594
54.89916216519357
53.67984124419176
51.419806089458575
48.81212018035933
45.77015619522523
41.24670915740586
41.376063971497565
49.5566385676439
54.38236560989691
59.94205302327443
67.24284442468367
70.81031173774932
70.22418964295844
65.62807450374986
57.014419223886186
45.04495984723669
33.202558394146635
25.709705014858372
31.16626699817418
39.134435267683244
44.939511610978144
47.64076187372461
46.7571293974391
42.405407635307746
35.96471928689246
30.219892192800877
27.303264567519292
26.091958929818443
25.227296474012544
24.223398789434825
24.143872927106692
24.510070916095774
24.174211337842642
23.939429947901445
29.80621532420123
35.83872891836784
44.507378013113666
59.324066202174414
68.33945891386944
72.42834731631074
72.23346664425979
68.16505208477514
61.36951676999168
54.40493358686018
52.26776035756348
58.506549181715855
63.61671309853115
65.293510840047
64.40307358920454
61.21835896361233
56.70670026116802
58.94168523817237
62.55024825993579
62.3017904630923
57.87182198129997
50.13851183717875
47.87965733512729
51.53576842596973
58.41612285524676
61.72855806119746
60.47806952182273
54.95316260871839
46.09301939145005
37.353398585056354
34.12847764386067
32.84217639191926
31.06429234410347
28.664345353204887
25.629939616923465
23.808513540121364
23.38779262824601
22.92058203076889
22.226455458320928
21.669729761668375
21.394670464576823
22.320468531130928
30.243983633723293
37.576737993751756
40.35843458676816
39.56280238499592
36.77100597522238
34.85692228114925
39.56485537080352
47.249353129838326
51.98874731185584
54.177424057156635
54.37798782703737
52.38031377014301
48.77407200570324
45.02931814398444
40.2777594626992
34.829123612769465
36.355528753333516
44.00615311825513
48.696315579464695
49.91848180128051
48.08325276527846
44.000876858521366
38.82707430646358
33.277803954784254
35.8798202084292
44.7774758064067
50.138690559131646
52.07262570502132
51.17367779584
48.429159140789466
45.265573364440655
41.29992123827602
36.11375911473245
37.57423888788716
40.38928903496169
47.17450827542593
54.042836429378255
55.830627485229996
52.52263850096982
44.19169205735207
33.88480771519062
27.834348461809434
26.047210274215654
25.77361016891478
26.63680381356396
27.12202164271234
26.90701150746642
24.39316440063912
22.501880768029356
23.00054968626231
24.006467520455853
24.36395760271222
23.707808354974993
23.282898709265837
23.91667411717579
24.820728002184033
26.67750024250139
27.878498705126464
26.723746700250345
25.166303983070488
25.773401044819927
27.37907483250077
28.295408444101604
28.705720717756208
29.24526347667415
30.06650950082342
30.927887492543892
31.293476337221318
30.74933750709321
30.72630047991599
35.0257497790207
38.94314570404796
41.133492419342915
41.74177593998729
40.770447957593916
39.406865303536534
38.0646950411228
36.33428059821356
33.99952966197975
32.11021608629199
31.208492738444722
30.128728327200854
28.205804010464405
28.452418932156878
31.9002773941547
33.207118877961406
30.81373217133048
25.90491678887133
23.59930849527727
23.060436456410322
22.31359570563388
21.919980115607967
21.9226232377481
22.372493720040872
37.90065958237569
57.61598396258991
69.6252248503174
76.62128183716263
80.06209562482297
80.91323557573654
79.56166810165033
75.69773870063084
68.59948943047093
59.24503980610308
58.6548419355792
59.04136457748221
56.764589080947935
54.887558379016625
56.28184057876206
55.84687496873905
52.52523918926598
46.63932008687201
39.327710106358595
51.20697850077746
64.26561080994496
71.85559148299362
75.54320553944156
76.64190494939146
76.47854480154246
76.03974599886965
75.43772045810265
74.51619345442049
73.14037834975107
70.82108869717735
66.85516667025111
61.55430701907526
57.57600487773577
55.382124347586895
58.97323249849046
63.68100231151196
64.772176668668
62.24863596335826
58.75233042973505
57.54385744052912
55.8822680590245
63.92555136185827
71.6427655758453
75.73649623508034
77.39625031666238
77.34660925644494
75.90141313357276
73.52618122034062
69.48434199879519
62.000456471650516
51.86785219630348
60.73860012953454
68.92761635498592
72.62443672283348
72.68288516962755
69.52523110092807
63.67289836465532
58.430977516677984
56.86724310189177
65.679625540248
72.84114929402793
76.17792161142795
76.71690927735904
75.20620192557864
71.9906351866695
67.44507441422775
62.35072932525111
56.11207514430766
47.87650052182982
39.81610098512063
34.766425495859984
32.62525085405234
31.726158107973617
30.298708473184305
28.15685306766742
28.934156924385075
40.849276809055084
55.32831332102227
65.50778139960052
71.83302947068069
75.3252392013111
76.80354019104524
76.30317208161455
73.20957667476132
66.8122767473171
57.42871875152793
55.64028433419252
56.85445878347555
56.04901929399837
53.44735834846331
55.346979741555025
58.730447248795286
59.06404607301042
56.24232727723013
50.81679340192604
43.416217174592376
34.95423545861379
34.19951147306881
51.07756070886307
63.174540992429804
70.43518603613917
74.0587514099482
75.07607059046413
74.61695940145364
73.97524128223196
73.50046051858372
72.48363886188733
69.90596941453319
64.94395733638648
58.52497569771969
56.202281645166636
61.069643197271056
63.79729262020638
62.62692453829496
59.32062940182723
58.799505256933955
58.86682806588272
56.110407970650215
61.9721848271622
69.62822592069982
73.61752077316262
75.06716864492472
75.15242243563043
74.1453194960281
70.96413624451607
64.29206282802555
53.38113788262194
51.86156546867859
62.95854430023183
69.74586494618494
72.44352568950467
71.85797640400193
68.42177347694802
62.257648240478
55.27741974619815
52.90985767917084
62.765348094143754
69.68459772612478
72.60309329098116
72.74503632086991
71.25673084488311
68.56246313624864
64.48284026769917
58.865442584017096
51.32590110103329
40.89609988961344
31.37450542426742
32.90367134894853
34.58426587108513
34.55013970618269
32.85426305632084
29.80638197517246
25.984025835022756
32.4744248133222
48.548236558765396
60.74431131610575
68.97363568466786
73.78455146611937
76.0957143410326
76.65931898267863
75.51065227407712
72.16982591305606
65.81742207839324
57.54882807809057
56.71550416390495
55.545869319094116
53.59921910373203
51.47065643432097
51.3377865588939
54.56210259509049
55.241633375198006
52.60696559164736
47.73584195303785
41.80753780631048
46.75084507310173
60.669668344573154
69.37535262223565
73.9955193285931
75.57599859232262
75.03737344224957
73.598367172791
72.40827546078081
71.38619217818304
69.28650110051652
64.93795066352392
59.076769538522875
55.28214538613032
56.538154274299984
60.04074983292184
60.96980941730564
59.24152907425534
58.339282924808316
59.4867486916901
57.98618246286079
56.361229287826625
65.10888878777716
70.81223022923116
73.28376300339944
73.84017576926036
73.54940888518118
72.81145813576296
71.13002298950508
67.41810424311795
60.52103294817676
50.865647136713186
45.97926445688629
50.31326159309547
61.84001610889637
68.8076291453399
71.73997321572975
71.38089765673476
67.95533366179205
61.45639703338402
54.53944873730172
52.42092823722703
60.58585449545957
67.72082226868555
70.91861159730053
70.75978138587017
68.06124208957856
64.14570996639056
60.443632848494374
56.28949602484829
49.50815592746788
38.571533579629076
31.552312131174467
33.900402610505054
34.71699903016717
34.13521308883268
32.662111208763946
30.495010002912505
27.64445043388656
26.572520562683387
39.152848824702765
52.410425449608084
62.669219558207736
69.61334355653531
73.50845136860467
74.5720412845222
72.55756965330221
66.80337685566285
57.585067535832124
54.41515673134076
53.30252790653066
49.88985173723633
45.44765843330673
49.95461616304187
55.04624106680039
56.41366044566736
54.40203662943354
50.040241857638925
44.15974436007366
41.37871427031893
57.25067875549318
67.86410212717287
73.62818371550912
75.90375054493956
75.73435601587786
74.452255189182
73.50171594391593
72.59771419306047
70.97613515844374
67.73566565071013
62.19203216569261
56.11000468701883
52.71821642027855
53.06566670753825
54.926808385834946
55.784037729867286
55.430179093084575
56.87446188776399
57.90105429242659
55.62785489716839
61.5253836966113
69.48001568475048
73.5661703719474
74.74489060318764
74.06842845491859
72.4599124846382
69.6234556934117
64.02236617951587
54.543436272359244
47.78507571663097
55.724632806497326
63.421964372664604
67.30573637883776
67.92626242651377
65.67822435914547
60.497120254173296
54.41458276182736
52.0276653679936
53.01632581415838
61.5695958473674
67.24907651113189
69.15774823458092
68.06205965815255
65.14034145820284
61.334963782427735
56.59539037787485
50.557095512667125
41.87867147383169
32.68244834817044
34.34240666502077
35.79066094726111
36.388747481738555
36.358296221500325
35.111912904583185
32.506567905972375
28.900654045624712
24.57625746721989
30.133992046924437
51.86659761801481
65.49395489330198
73.62004053934176
78.01581249727336
79.71416327395873
79.14064931985894
76.2226960210374
70.48777933623852
61.45583417182776
56.51997620668691
57.440356421070994
56.55054587781753
53.8556106335082
49.84379067599523
51.56165147183414
54.436859753846846
54.27759146464889
51.11840371142751
45.581556226589235
38.44173090808078
45.24672359650536
61.36045313395172
70.80101966810338
75.60956337738574
77.08859896378108
76.17827809241238
74.18246274536769
72.7846006666888
71.67616107672608
69.35725521272855
64.90294830120547
59.480805454172305
54.86168887258442
50.94131563485434
53.15752028134408
56.57343669514671
57.14213152021057
56.17027026441983
57.002980671163016
57.67269150270225
54.65827312583092
55.59959812571766
65.08990334902461
70.56604366416639
72.75687337717857
72.81440710342666
71.85128036877518
70.6736788743706
68.65013547672191
64.23013588984306
56.05863769053624
45.792805969829516
56.10275687846688
64.59967884451073
68.46573608808362
68.52562375277687
65.40103079979264
59.79954493399235
54.73575062428825
55.3713827966996
63.69866787428387
68.77784416189047
69.80856823164234
67.56374143012329
63.29053309593435
58.38005885831028
52.28421584282778
43.48492809618408
32.485035572461975
28.314536800870084
31.0831705517684
32.805332133164626
32.87747670896407
31.244813461840625
28.18742614186931
24.976095431287657
39.05377352816905
56.989522529900015
68.35000816625146
75.06024083227982
78.42018881328204
79.28540895507707
77.9252893214768
73.95252430616816
66.60268230411818
57.90789551298899
57.99838775838118
58.16880074900594
56.42979875999926
52.379081789312316
52.38700365792299
55.62839636375899
55.92257975432158
53.56841260407154
49.026468925843815
57.48187203438249
68.30036381493406
74.119754807993
76.37531040342417
76.31315089791615
75.2637984102243
74.57594762379128
74.33170356202484
73.30990170145873
70.0303236799218
63.73378241671204
59.87217671167215
63.65679193962347
64.81039381539331
62.52002247275677
59.88708532933718
60.13362119524363
58.727169167700595
59.39414555874042
67.33029952395448
71.9483541752005
73.71424588020018
73.99028409546413
73.07194814782217
69.96980159405993
63.644309028506086
53.68077736350625
54.38201746336247
62.59980397372074
66.74834109262791
67.1655381981299
64.2436740499972
59.11198447776847
54.968831276108105
59.548128414925415
67.66467178941392
71.95064648780259
72.69119398531251
70.46363359655432
65.96948388087098
60.2843965958581
54.034049525391495
45.44766212727034
35.4760542141249
35.787996276236605
36.71480088997201
35.93444931163298
33.230846774360415
31.306934323732683
48.02059540617988
61.24899917238798
69.58672648285958
74.52590335784896
76.67920218728682
75.93149845238338
71.84337580134402
64.40643081540017
60.43514855143303
60.047704667774646
57.66707221938021
53.4604863575883
49.55102219107492
51.79100039787369
53.3675168476523
52.22547110500612
48.081100955826166
47.698629315061616
61.702323128444206
70.41056388867276
74.83214307439181
76.2002057050716
75.45785711725347
73.82963707851172
72.59052524678133
71.23509553290363
68.54793084247204
63.56739746625716
57.215033549397674
53.640983484908304
56.58583936940697
60.350183667404664
60.5932479674994
58.069137917507575
56.72751208221762
55.894732187793124
57.34066687400264
65.54051912644266
70.29623405112639
71.94322661224001
71.98912196248163
71.7964144685073
70.96423063806645
67.92131425310819
61.58593915687896
53.638688464541175
55.63754109712792
62.85402063157111
66.6387246148602
66.75911790261898
63.72356621162464
58.775442633097455
55.704185911172104
61.4566724986294
68.18804861039675
71.02007751327784
70.68994863995711
68.16662078169406
64.22159362253662
59.02913935795485
51.89374384536748
41.35495950886579
31.35293169433414
32.41268646868444
32.472083380421395
31.1289134258581
29.025491088694878
26.32391431857541
23.381808907661032
36.04828820945161
53.53714398937531
64.48430788501369
71.07120016665213
74.80821440023695
76.14879118214769
74.5321503201818
69.17968372994179
61.102749692091706
59.14711342624446
57.29179290994977
53.450494088345806
54.73671172096104
58.279217743166114
58.93056720870379
57.15410737103721
53.04759699562404
48.43254407719915
60.97182730955403
70.28169319043198
75.17207477660926
76.92123659729148
76.5763845965555
75.08976379684525
73.36645365807406
71.6509287878821
69.389973500727
65.10696130277971
59.05210642305197
59.39919433332391
61.94946032884849
61.14962782309754
58.2566707970198
57.63954373147122
56.66056959978444
59.54649789356884
67.9085852754582
72.36471124133202
73.61967040952217
72.89718491687515
71.14726318129095
68.5591522380353
64.35106342469724
57.49800029333551
50.66723350704562
48.811157983247575
56.14619501714518
63.29240855111526
66.18130428680806
64.97965908566405
59.76687079630766
52.274905715138345
53.84423360671096
63.87615461153358
70.09487155679389
72.64466899790968
72.37903727358342
70.00178683875845
65.99997809881168
60.541321913502046
53.07689296543416
42.30105983511004
31.16538883105028
32.91927526312618
34.5694253886059
34.83678891876955
33.91871877066184
32.14044433404473
29.32668248846788
27.8373487122925
46.93806606665939
60.648083053816464
68.81074415016764
72.92125206640503
73.71844304094283
71.45424307936142
66.09586674223718
58.974660879852784
56.865439226116266
55.341290214723855
51.15521647553092
48.50341834213715
52.82104205696045
54.652954879758376
52.92175552489763
48.65690717129678
43.10006491705153
45.034644657934464
59.726567670529306
68.79429766901453
73.29227304193941
74.29402182940959
73.06639846603201
71.50411572338363
69.87793623107584
66.91439031723904
62.005744458627106
55.60706120552764
51.37759281017331
53.187501438848855
55.02448265043956
54.55519191865342
52.68860861028753
51.8542572452479
51.52037591173838
50.17844771501692
58.171366943650405
65.12032272760473
68.17891520600425
69.26453973458023
69.66615461039646
68.69512632139725
65.15107018173876
57.98399828840655
49.180722791495185
53.701734251046716
61.130016218677945
64.58042973876901
64.19541737981368
60.4138632010647
54.809959327727185
53.54285396258726
62.06244754855148
67.62364520346432
69.09163122741197
67.49919120272384
64.06966849507003
58.973977070922025
51.240579582268865
40.14752671271676
28.79425686324025
29.40874135838857
31.754364005901543
33.66501835379791
35.17269348670105
35.464041714464805
33.83044230371614
30.463618933984872
26.419500366392825
30.050884923004325
43.982397544638125
55.20641807918035
62.34846082899598
65.4055162321285
64.96949954601575
61.80775418514726
56.868400047764354
56.48727593566448
57.203211434330285
54.668179590075184
49.42881379849255
47.62185061062581
53.79895447169542
57.398033264558386
57.86188656022824
55.28377562331336
49.568104967171074
53.55345657678863
65.91406932291962
73.05070021134645
76.28584232739544
76.87354863359569
75.9532266917099
74.45893494739862
72.47823847011273
68.90776713625712
62.79617597344678
56.05885444789525
54.40537868751488
56.17432150501105
57.00600735786688
57.54617092195459
59.85130216161493
60.37935800104652
56.7814691271856
59.71873630457768
67.2007130995212
70.55527728316957
70.93767009045732
70.10619744493465
69.39585553217037
68.92511957672545
67.38321281375535
63.13051672471694
55.158027819386895
46.416309519232556
55.56824873906221
62.84618288521338
65.53737514095882
64.04909623786611
59.00647574253113
53.81622548475963
59.160754286501685
65.90855066573636
68.69139407042644
68.26018852235347
66.01306888512295
62.64210501748617
57.433951015655296
49.425237838179584
38.07617755240147
33.793875379461504
35.977954340489305
36.919534281311456
36.52311651023804
34.24203167101157
29.63071631095203
24.17242735619235
43.99177132830176
62.40222554609275
73.31776597332097
79.28281626700623
81.45096594369701
80.34743868600029
75.94364461576292
68.6216195246391
63.15798054921339
59.482314892460906
55.597617481696815
55.72774493297237
55.03157248530786
51.451267282269
59.3016744967222
69.48169331137123
74.98037424541812
76.96162027893064
76.50942985695991
75.00705473312932
72.96977327164683
69.13127824180086
63.19057145185109
61.48121316072995
63.294098567211954
62.445387618953696
59.62132908286168
59.16631085631263
58.22798128872978
60.46806087148191
68.5416510636386
73.09116472028546
74.68141892572093
74.54015839597271
73.55068039682493
71.61166790487326
67.81882508709215
61.15540716054785
52.8206832490357
56.87443164147919
63.693970214037954
66.74869757039792
66.34874587866851
63.11166074743194
58.28075250626932
53.388334115765936
58.61839580532952
66.81424642096053
70.6141464367958
70.72612005116793
67.9616186531623
62.726086767159295
54.57463322631
42.890128674449215
36.83377908144959
37.51700058477992
36.13596518411276
32.93346724681248
43.62788902757923
59.22799451415847
68.72852896477971
73.62967954219263
74.59039206938684
71.71472370994803
65.12358840376575
59.17501695800745
56.21910830800013
51.238695678524344
50.385885999361555
53.61062326764301
53.91618067252562
50.73547304118797
54.30821303168098
65.92533950575958
72.5346895900193
75.36725080115333
75.64740801492019
74.49486672196298
72.75354625722426
69.8584061240299
64.58281777909201
59.15592708681188
60.971233017088295
63.756588169899274
64.43158703072483
63.316081896997204
60.340162007687475
55.031731484500874
48.85485450706782
46.73325921169667
47.18880507198617
49.086721911480836
58.54355981172705
66.93585391000256
71.0155703244562
71.45212987998403
68.83293752405069
63.38309757949908
54.650807485305165
49.970716982571446
56.934843094062735
59.39453435917673
57.39030365468845
53.7837120892247
61.242608557919674
68.09699964248941
70.75052621760625
69.89419134620832
65.986221944417
59.049476731309376
48.67646679490893
35.12304563460769
30.377590588026415
31.768879501800782
32.98590983219223
33.67030824070377
32.28072646850307
28.647797361171826
31.812413646838777
51.54704025707785
64.0399794501105
71.36501956323684
75.01898934445214
75.77008982284264
73.65132364478487
68.10945155784376
58.85308453297007
53.47156979374475
52.79503466208743
50.284156358964864
47.01713536817665
51.9861851172254
56.75771475555721
58.2700918579246
56.94756955949323
52.595960192658254
50.84676329596359
63.02045639990712
70.61128442697597
74.21289007596353
75.05353111186327
74.06449210324351
71.9643455929611
68.6844469771248
63.87339051607199
60.18654098955211
59.02547925869615
58.22334663432045
56.90606055983366
55.24020459492562
53.877833755032725
58.87789130368198
67.57787360637587
72.14024155635202
73.21483820996608
71.98628336987864
69.93796867658013
67.06127245701337
61.51115782703834
53.636952307833724
56.08828296246265
62.58879324974511
65.26128458107537
64.15025812555777
59.60500412165595
53.009241714080005
52.22915850824123
61.369125103860185
66.88114170896436
68.45694761400567
66.9183645600215
62.883013484343465
57.13393593080697
50.28909100911221
41.11170959794097
31.03871795275335
32.36252920756931
33.72288139697262
33.83634571884096
33.00942977215948
30.73884969214321
30.37019461614402
47.57449719344628
60.710896627499196
68.9072801524281
73.34950232775236
74.70004333630511
72.99426435688922
67.79619990968791
59.73279930106473
56.54072925835681
54.519733173574664
50.38551564802429
52.08002685665606
56.608129497190305
58.04765484369607
56.32982859266086
51.239945986410724
45.04402655701341
58.17419492424116
68.11282534202384
73.33157688023661
75.23365450815152
75.05640339817826
73.64089056118635
71.87839871914508
69.78374583312034
65.8579181921042
59.512127395998704
55.2952880888101
56.460758403836515
56.69121213206351
56.85081118309245
57.42865126461196
58.407390911663995
66.43506204415763
71.70153229507906
73.58670189672876
73.62981931491665
72.76150734056034
70.52876651879313
66.0156180570358
58.138966799401466
50.579052941287046
58.93624673776968
64.62523733155619
65.96725833893919
63.346197973106285
57.50999838121838
53.424560401883554
60.64254782931114
66.56582857560602
69.04361382886182
68.67637804710951
65.5900042170452
59.66302747609211
50.493025224122185
37.62975949144944
31.23189466065689
32.853511320914784
33.141608303690475
32.8528784672188
31.91708685612603
29.956485416455145
26.484843361858026
31.296328339696565
51.450588636905714
63.90754726489321
71.05886288315652
74.44024160702932
75.1496348316542
73.73029212726495
69.95999090318635
63.385031866935975
55.70589980697865
52.76272942707787
49.943237181499924
48.62327831284638
54.02236251378991
57.54826397527687
58.22529374878557
56.36252528350112
51.39657394322719
55.42286706708272
66.22804078168358
72.05936314607274
74.08128633410796
73.64833237415371
72.50890018816693
71.67276705257665
70.78660251570838
68.84370753743647
64.62481472482065
58.37193189205433
53.64419158503438
52.57769795984981
52.643549154752776
53.404610027191666
55.208683724217224
54.68915543996384
59.49842520105779
66.90688170909317
70.26548697596202
70.68083879035345
70.00280276359113
68.51455045206637
64.67490140233504
57.42605331173172
54.712376809975645
62.55497126034377
66.26217700838669
65.99644102799414
62.122963018557826
55.114921322995386
55.58639606576067
62.55197485249905
65.44048837028562
64.85795203255373
61.93137621367608
57.14903395434553
49.86642566409489
39.30385012920937
31.357708874154902
30.166930224168112
29.030858049068662
26.0284965386108
23.81105008352617
22.180213557223112
20.299270976042685
19.643493365142028
19.672610247267695
20.956073308498983
40.009439459722316
55.90313285305888
65.22719455557348
69.86713323687
71.07040899424501
70.30718493129618
68.9211301149342
66.47490212484433
61.77457702365096
54.94934460740968
53.38586644630921
54.182609147083795
52.74810840770207
50.231276849361635
46.869563732298815
41.269361674486035
39.43723127348646
48.935641539525534
55.13111359543159
56.883774590806986
54.41225343089171
48.76746446912773
43.03471505085945
36.78432246636091
46.968241292839835
60.20815588204432
67.34223641626456
70.21577234313982
70.33301163517015
69.05681383290907
67.6632644248039
67.27566418196973
67.17032181543831
66.51199761688758
64.40166290928497
60.05722852300728
53.73935818139995
47.969923804976986
44.988046387046914
46.54968553101503
51.41241816896816
55.76094782434985
56.38982351110408
53.52430343159895
50.170361841211474
48.82148085352939
49.68854613932885
52.33356719741067
51.642666948587646
46.30876856220753
51.99646284285897
62.18113964551269
67.72323022522058
69.71124055665152
69.35961506086126
68.41776095194925
67.18566480647408
64.80397837463178
61.141726181042685
57.31170391898562
55.0919664125253
52.03226957429745
50.62517229802884
50.674350836786644
47.58089191603347
43.12473776812014
43.48010525474446
55.37294792546075
62.503988643682085
65.13033375809903
64.17385261317999
60.29257283284595
54.48761837239494
50.51682835520523
47.75336827901495
45.08002184806516
54.90725043298562
63.74983931556234
68.64555644545638
70.6883770029347
70.60313285970453
68.90375784544756
65.96621312401409
62.227089682394485
58.13337859545896
52.85552062068856
44.730757250890385
33.96402197507264
33.24770488605899
34.502675477696805
35.56277070118127
36.212727601901534
36.399104741848205
36.35652872854563
36.49175987183796
36.19862838531537
34.851465929736214
32.45128370334668
28.917248285888043
25.922453362542566
39.56029811974263
54.47652926759615
64.0209444532571
69.28598346954509
71.68824661922128
72.73303077372732
73.02754866166032
71.88385773408177
68.40300219099353
62.12809398512421
56.04769018092852
57.05189939388734
56.003874100161184
52.66480885767126
49.42407931941971
44.93592792620018
40.7321060523866
47.56704145938273
53.391406101113546
55.65910575895268
54.740539277586166
51.79872947950366
47.5920160370648
41.40688493277554
32.45029746841218
45.048096445812575
59.96231177316719
68.75203879538091
72.95434293198349
73.57445202305195
72.2218589184757
71.37341419682515
70.92154447046613
69.93758104448699
68.23629738151655
64.73693827845919
58.76463282195882
53.38128726247796
50.88695591949285
47.98547860278903
49.338158985517225
55.14607332521599
58.38185243827049
57.55407297617194
54.36914638506732
57.257873226941385
59.835678511485455
57.78907071897004
50.7694467662713
55.39115148588095
64.64569785315096
69.53980997797972
71.14909219633216
70.57561190422355
69.2163517238605
67.53800804252693
64.87189729209315
61.28827311311297
59.63958547759867
59.24597622545812
56.69314632910462
51.219645230611626
43.528150985707825
36.83761348550617
37.15421855760609
52.20049900890036
61.40460130162503
65.78087912075893
66.38315376917
63.76681664775554
58.06648780079203
51.43608577041363
48.96848559610187
46.32356670103367
50.63793229877969
60.767193046999104
66.6434770271763
69.09476510557819
69.26540584676475
68.04798964277636
65.51771795890534
61.463228590250736
56.00417258170471
49.36872853776329
40.840348332048094
29.598155441917676
28.72781805584264
31.730934162363972
32.902939689051095
33.05814566408611
33.44230410063801
34.15867505961741
34.315645019643036
33.683716314651555
32.56865951479503
30.74862746059872
27.957985851509196
24.85638777731865
38.099251411267126
54.80750946659411
65.08740988285857
70.81585391794977
73.62232101915657
74.79564519116818
74.13783477424597
71.07960211360611
65.52527560619296
57.65486943033448
53.19372476564585
52.73305069321427
50.98082730095545
48.88052724656952
45.06484352402579
42.3877743952465
49.94138726889549
55.54476789384093
57.253833418732675
55.31417990419172
50.88058985029984
45.384273163149864
38.376873512620634
33.59662718591447
49.54961008085962
63.571365320979154
71.61680004855438
75.45172683733856
76.21809050728632
74.94233361483578
73.08102740879318
71.81182681657802
70.85920832513902
69.62141116672528
67.8434633829628
64.84280950118956
59.887374193782634
55.325595214997264
52.36503663272022
48.35197584636988
47.66449218271753
53.84366903980707
57.82787743808627
57.52908310052159
53.980664881531425
53.251493877565906
57.18378463075865
57.947857081660096
54.043189497149555
57.16667116595717
66.57730850822841
71.3304516690165
72.42387149300828
71.29859155965123
69.57870237048323
68.03372812410017
66.01035254130062
63.38089728050454
61.7531602572273
59.76174826106696
56.15485315864368
49.88322950010989
39.54353478186304
33.80655456872541
50.530127428518874
60.79034151919606
65.7238560799622
66.3983643128901
63.38216751942635
57.093201394294
50.50990610172555
48.18769850720364
47.260808211691085
58.061630238386726
65.92640481136486
69.35048762677178
69.48454693775088
67.94172226896086
66.04550050183222
63.719452330622836
59.81652425074914
53.36374648864328
44.5626505659928
34.07283107830176
24.656558604732265
22.962346627172998
25.598712916389132
27.94593900277433
29.294682810912715
29.923717661535335
30.696229497167735
31.254181025906878
30.491883658893375
28.220190021351815
25.288008746119935
22.568097623911942
30.30251095761177
48.16752296000104
60.17126545087423
67.3978772780413
71.27664085794729
73.20514626869158
73.58035273110653
71.90551830001144
68.03330908575171
61.79258285642976
54.88884455268731
55.410972517664796
55.34482592731173
53.687348168416456
50.51934620837479
44.83215905886204
43.092048947926145
50.32638206608641
54.41688908901007
55.021968244021224
52.66521538568908
48.480500044411045
43.54352447138723
36.58832371694182
35.42994644434192
54.08694351546063
65.78421170707034
72.12944428851603
74.3813449317509
73.71652202766698
71.88575267510447
70.24437760561716
68.98947524206157
68.11191641468798
66.82953162801192
64.26416538922483
59.74653770634178
54.11142217188495
50.163626046331515
45.27566153646302
38.05570881297423
43.46743301248579
52.768507903406984
57.08817869066561
57.02419316034052
54.0141098311168
54.501822672341575
57.61072753343755
56.934503083748936
55.47687731207152
63.31147615788986
68.5936753797847
70.42041027503979
69.85435646673666
68.43628454823025
67.69778999991866
66.72420049292998
64.03034560315702
59.196141881728835
51.59299316546955
42.000822276898816
35.23826944006604
30.13373768016974
44.44024644811289
56.976404794824916
64.05564170803622
66.80094437445388
65.88675352371647
61.760444734112696
55.542472024088994
50.97206241197769
48.776194275361114
58.143158340209254
65.73377234127885
69.08461189934083
69.49166003822292
67.98631759199358
65.16596107247716
61.54606939984688
56.65012341245462
49.19212713866407
37.76936350869307
27.613157720361578
30.370211682618624
32.02837748517625
32.309395396050704
32.38965125507108
32.888926985810954
33.361162220921315
32.96504180037796
31.381915160735716
28.672000102942835
25.180185885987292
22.350832163585363
36.006119891409114
50.961868758938536
61.15000270920342
67.12181253329617
69.80746617573269
70.8923522485351
71.78401663273492
71.37394042870294
68.45390124629998
62.86237629809694
55.24183105066122
54.69603887857695
56.43110146669157
54.53006743806992
50.38625643258204
46.19216062885715
43.02510756677332
48.288749721760986
53.03890984908128
54.03147006516178
51.85750941821371
47.578407567489066
41.71443750888812
33.84456268354798
38.01711572806059
54.80881976171891
65.68155870262419
71.56214705561771
73.62058549388217
72.9791971801325
70.97858621641996
68.46003542745794
66.45734155796696
65.94109814557436
64.30070342999153
60.12213618261676
54.051946640283376
49.437058956017566
45.80173183707015
40.00671344740149
42.61534618653654
50.851325595579624
54.13111360482981
53.515305994314275
52.57983174382864
55.215747246310556
56.111447998906684
52.63936441097903
56.22026192150634
64.93484109052446
69.34514107078356
70.8500696669473
70.75247711289873
69.46308134553571
67.63058265697876
65.60875237990804
63.881137222202035
63.73946590978291
62.171812540012965
56.906287302949664
46.8756153355092
38.799207689928046
51.828448035197226
60.887900441441744
64.96652987171386
64.99839286530317
61.480150359104606
54.832601665401285
49.065341808675484
46.95068627328229
51.81104474106252
60.78019280166966
65.9232046062624
67.93600279223584
67.49700199280915
65.22693007789047
61.98077325668204
57.95548056520457
52.6869253025946
45.18061201465209
33.8849482750542
27.630179414240004
30.65669838514724
32.48816116024736
33.23728249381129
32.6615282542817
30.650986063108192
27.532585863356175
24.25897138547006
22.23666681428258
33.16525251884165
52.665436520631076
64.76195935295714
71.76489472395518
75.30444924608393
76.65244631615556
76.12056756685918
73.06741207142979
66.92018239768112
59.370589901465635
57.55956517012346
56.12041693193916
53.53935996565666
49.69220584417293
47.255782496640165
52.31534737221054
55.79653087261008
56.478246101671814
54.74729839373333
50.83911266895932
44.6848955015076
41.84331469742521
56.93179693904611
67.50932561778843
73.12616426993924
75.13720737188847
74.7659564263922
73.35194971531907
72.00517770755596
71.06817109529713
69.96213760744527
67.2702097775942
61.878698544320976
57.765307987691344
61.57913188199245
63.187125573579465
60.85101811889778
57.565520142579004
59.98288827124139
60.14060888505168
57.05782220746664
63.77052588809111
69.88522409615841
72.16784207850492
72.08632910407883
71.35424438764821
70.33864389094913
68.34099737160251
64.18762900872434
56.57400232875712
47.309453497286455
54.15246387966556
61.331920652239305
64.21996907075341
63.5138358855048
59.79467743733059
53.77973152101458
48.73454199432289
48.87974822413477
59.83704583430658
67.47579466474063
70.94414253192741
71.3348579128545
69.74115784139988
66.72519368071869
61.967963210454286
54.64483540997604
44.132056319818574
31.011862333722743
28.549519866674732
31.13551879616324
32.055126315172664
31.0940821334472
28.37275000662935
25.04619992336293
35.20117007112536
50.24633098566578
61.9538336721422
69.36926040331917
73.11170478546126
73.67528968806637
71.11762035900038
65.09215672971547
57.40452296932757
56.34600116005686
54.58313146819044
50.83696151280038
46.01391705617776
46.93235577684519
53.03935319194445
56.18326367112206
56.40101734403573
54.066335435470265
49.283780129305335
42.929136432305064
55.65692681757753
66.86284806595621
73.00407586460425
75.56679841851769
75.57052562882313
73.89679265767994
71.85903714644294
69.69895639458257
66.0919641038463
60.28910651737034
54.09329071221396
52.81318845280758
56.096285377236185
57.18301485419271
55.45753036892415
55.3413113444282
56.881103864637325
55.26065736260268
59.027021986987684
66.72652568775209
70.57762931168419
71.50942451179148
70.78238288949002
69.72053148944602
68.2809171617363
65.2038337248131
59.441058030554714
51.39712069935178
55.680109316387735
64.15648854670576
68.11942549447758
68.32578026263363
65.32606250261529
59.20670386346202
51.71568700690081
54.03753466954061
63.34360977811947
68.75731812882566
70.8880871094807
70.64845124605724
68.36510688569997
63.76719828384271
56.3845831989518
45.991592361214096
34.10888083148129
30.971701938590947
32.15060712875932
32.47191281689992
32.62617584251332
32.16071883756855
30.595532417692016
27.769990893468947
30.10097891495716
45.38855866584113
57.21218026516091
65.19202552621154
69.51236364472915
70.77020232397197
69.63595018488519
66.06117130215577
59.324336146821715
53.946823167176746
55.06295796814425
53.594921522234884
49.46741286795225
44.806775682815456
47.21508302232168
51.84824993131662
53.782511370039515
52.61025922753027
48.51472664888642
41.648776064742506
46.33121135992327
61.16947246517243
69.98769391086591
74.39591453807658
75.42974237836266
74.14289274760377
72.39504985475355
71.37230662720378
69.77019537976004
66.05714562634988
59.575624923856395
52.82286527700614
56.892002719320914
60.24385914605233
58.99200139867615
54.14892715674262
51.69452761876795
52.49799386817848
50.96586322902034
56.578549415606396
63.862640944828726
67.51562234941679
68.5019853358484
67.94301846250161
66.71845916953187
64.7719662577734
61.198676429568025
55.08371890342282
47.50230497395512
43.1953173888354
50.96448997689832
58.68775507237299
62.02718663325925
61.515533245359826
57.55391985957704
51.531938855510816
47.3095325252024
54.16561901687927
61.56628355390132
64.8206586333423
64.79857839438233
62.66832925709227
59.78885783363654
56.390468576974335
51.43042352262677
43.84099273679341
34.87618620782199
30.50593693912788
28.258883126392128
27.798383498436014
27.267076619384717
25.137953124239534
25.069602381716486
43.08181101435055
56.75416692305824
65.34236683383958
70.14750192951048
72.2134896542542
72.29899348645417
70.39576259143989
65.75840763459945
57.93717634376834
54.32914963791313
55.29692732370446
53.457493742603205
49.27709825730589
43.5001393925321
45.037734280038244
50.93591909031212
54.028958995881915
54.51549996750011
52.45812837389547
47.34776003271072
45.51513132567807
58.38678668748358
67.05861705779353
71.64572039200021
73.13226824376994
72.63576002664684
71.62229165094207
70.75023350033956
68.86165829822065
64.58680669871927
57.92907446300007
51.816784726600595
46.88839192510209
50.410805026521565
53.38620990027771
52.83374316708112
54.284319467803996
56.491764091032294
54.8932694534131
58.97216952716618
67.09592663727707
71.37337906021371
72.5293662427325
71.44987681123799
69.23859240242427
66.39752329563447
62.004841478954226
55.07130668645267
45.88305672343412
40.85534560145326
51.4345870849545
59.93370452752848
63.66824075642981
63.59215771135409
60.262411560656666
54.21062455898589
48.80511643771349
51.12004381066165
60.481654513198144
66.19551366054742
68.46454025855624
68.13977488111385
65.88241727675352
62.160637134035134
57.005104441886864
49.87209732004153
39.66223069710308
32.107309707171524
34.628123052948105
36.124138008459134
36.96219144640705
36.93444958867723
36.25061949830687
35.56296917665405
34.143445346413934
35.65973256103604
44.40045491948347
55.239075842576284
63.97343918390172
68.73549062633342
69.77472846456683
67.3914780775799
61.70283733013028
55.01596915005364
54.3242543131379
53.20859717605455
49.8703351485421
47.213344120396584
52.078503914962575
55.922612635743
56.435540775955786
53.955639803200825
48.978624351345275
41.57086120852048
47.22067168225446
60.494393475059944
68.12711274895179
71.41879711066119
71.62449515522707
70.54724816359892
69.38261732947225
67.66233474699295
64.69625390564752
59.57215338759455
52.93581721673141
53.72580976399676
57.32062797367543
57.09792229214804
55.388282930165076
58.75542349950278
59.987203545414246
57.04169530167942
61.653983823820546
68.25735171292271
70.95407378383834
70.88214627338253
69.57042582007625
68.00196609465722
65.64929292748029
61.279950183061196
53.68359594543862
47.902021599356075
57.91571321973174
63.55508465451406
64.82290466606365
62.33412019267023
56.36471732163784
48.53552660379215
48.23170364610106
57.666584240365914
64.04065012408496
66.41932724556492
65.34119191284967
61.24747303594704
55.50412982333219
50.74520015553538
44.9005953739716
35.31554489937961
29.03277287519498
31.70961572240713
33.5022935186944
32.97953326640212
30.518437081160776
26.49591348943122
34.547723859780696
55.12603832685279
67.74440642930443
75.18414464441788
78.95426023736627
79.80392145460374
77.75501093596435
72.37788742641963
65.67733894921815
63.384822756536266
60.8062123145238
57.162463462066135
52.15923277940672
52.061852423748675
55.78763343587372
56.82690264000013
55.15536194246294
51.804920237367
59.8964232188285
69.54423706970059
74.76618605885184
76.78497337291869
76.58928442000463
74.95140391345518
72.83645528910002
70.81359907250354
67.62442567766404
62.42238176316353
57.48364117519537
54.43580353497882
52.82171000737976
54.85226735755813
55.70409096491165
53.82303778481819
54.931670153004156
64.73065577719422
70.71477683045254
72.88181103941182
72.3618814614109
70.46721814492804
68.07251608287729
64.22387170872396
57.26389969239052
51.72048303095843
60.611313879025545
66.24750284108993
67.47392010674781
64.61551140909174
58.02082081715093
51.66175465377128
59.1037377233473
66.69163708468302
70.18383245587047
70.50668973980693
68.41665901273204
64.04686471698942
56.904773879636096
46.569324960440824
34.139671310943484
28.040965576808322
26.220601331386884
23.935754629605285
35.49671430969839
52.886612156919654
63.83230249161162
70.13959267704283
73.37928841388644
74.81488446169743
74.54336583300392
71.7987934486599
66.01856509454501
58.53943178708788
56.76588675295949
54.97839965346637
50.276885732079165
47.15821679618762
52.855360582318156
57.16830680241852
57.85856051964993
54.78913978625471
51.510640027813544
62.68976519209949
70.64196787731787
74.3554593586134
75.1584083439432
74.82223559659491
74.57692873546465
73.99345228074525
72.48350028592655
69.38221772509058
63.902649012110004
57.509460587776424
58.24286969217483
61.79203401916042
61.86238120202261
58.66152671460831
58.128979695462384
59.04147192720892
61.29268008576207
68.67422314123198
72.48727183296218
72.8839033765132
71.37994693875496
69.27274562911182
66.6246982300192
62.960204125199304
56.82420808761119
49.343571343733146
58.62142484113689
65.23582145576656
67.25743837638261
65.26987859984541
59.72361107212582
53.37716654784229
59.415246346806185
66.63415213556802
69.64094326096158
69.19457801760332
65.91015892616116
59.63644624355734
49.538426034648424
36.910936511679175
36.98761056751423
38.93531733965182
39.40356435123031
38.57224059460664
37.49135524905378
36.71494993905934
34.61808786307975
38.3065183017949
55.665120615728696
67.0021984891268
73.4871635354824
76.19878268397126
75.7916924235589
72.48613562278857
65.97475836541925
57.84037158236865
55.949219391345565
53.8340020215941
50.37221997413572
52.98638632121137
57.23144052180832
58.43936237287685
56.96392031970667
52.59945128887399
51.4653514659318
63.55090684798306
70.68937660240506
73.63998825912748
73.87002927040194
73.13863473235922
72.30523673133419
70.69312999670716
67.10158181938357
61.00816026450257
56.65778395361138
59.69882474713107
61.39394008662697
59.48993078799535
58.12114087784878
59.95158297127105
59.45065108726592
64.12620925556942
69.9046307222511
72.22025557559802
72.19872969453854
71.25270755214017
70.03037198067973
67.83105176651768
63.322961644945835
55.242192886834744
47.0836134824839
57.388381412771984
63.765456163467505
65.63091399734822
63.44519295028907
57.44123835155889
52.06341407740859
60.45570786828843
66.52938877106097
68.44531621792652
67.6106379946541
65.11191355548301
60.826886945099105
54.598914793186395
45.663648860026804
33.76052717783119
30.816143793110324
32.04627122663365
32.465184041137455
31.53612928131027
29.139214196042012
39.76682076487646
55.32701909280182
65.84925100306799
72.22143833414785
75.29238727885183
75.60394156317938
73.1283511842655
67.48857494661141
59.20195242400618
54.80489929746117
52.363232285926856
48.28453421690501
49.05898747077531
54.419608235271326
57.23921240869664
57.42177368744255
54.90609145712092
49.52682787850679
58.22363854047127
68.19526483935746
73.15239126243266
74.56217903612426
74.06431066661406
73.33675075228138
72.53987510864435
70.47647734647866
66.05549182030013
60.06691026650877
58.78272974920014
60.471457060503894
60.3403581357567
57.89715776753337
56.63100303168396
57.30055038436301
59.10649517519037
67.05632299319989
72.04409119728679
73.7115898047009
73.30629410731885
71.91252520139895
69.48797135989742
64.9661320279951
57.3727519915696
51.76961272428468
60.52094528118634
65.32890248816766
65.70579374630559
62.02677900608853
55.273080623821194
56.59398474104805
65.60364635924044
70.35336840781248
71.37835348024541
69.70711340195516
65.8548286352778
59.907781908628614
52.19915337655766
41.35811535814804
28.01978928627095
27.631397198881665
30.89560264785685
32.82776061158147
33.46972551955756
32.59807267099478
29.822626783243148
33.39349002333779
51.485315193842055
63.34324226483752
70.39838509569889
73.76762521931528
74.06480987824946
71.42997934543642
65.53963521630689
57.35156264293413
54.09436403903251
51.91650001386386
48.29566135779284
46.76479089025228
52.16214297417007
55.876187611860296
56.46875296963561
54.21759752430613
49.50477635030286
56.53617806261526
67.42428247370586
73.2544849568558
75.32688489924679
75.0295843546673
74.01102878458539
72.71646055060859
70.2124707310452
65.63110008111772
59.563687438493666
54.45653386141102
49.474736125438184
47.42696488259788
49.776286740375404
52.390125273944136
54.313602458646
56.50181489186429
57.07045136889513
58.79339567326645
66.30176199302174
71.0286252595613
73.0416477249223
73.416015718773
72.65738252256408
70.94038685818407
67.92783074945704
62.65585720560579
53.97468319586767
42.500831407617085
45.1851790155918
49.6950859210836
52.281562905957045
52.59367419619417
52.330218108346294
59.032143808319084
65.18772467176787
67.65693150105079
67.29103056318661
64.89699432101884
60.590053705544406
53.82340999633465
44.17795111258612
36.766749468569564
36.80997588835601
37.0511312283761
37.29436395047093
37.56948345309367
37.05863601910127
35.4797153796891
33.543408461807296
38.888346973950846
58.54506469340453
70.7954950134152
77.96614023493183
81.82742566316833
83.26041478681715
82.3160368823302
78.63870323182039
72.07522664650985
65.49020702967553
61.16477612567671
57.73667888707682
61.983968707682706
64.85625184857094
63.69948488019353
60.907491617146675
70.92551425618356
79.07711281339542
83.37117041856727
84.78166899688502
84.14349278986472
82.54620521541084
80.07830708231153
75.36229297474313
68.25430889715177
63.38998437696756
61.75187518284449
65.22380189527388
68.16727068629602
68.48565421497301
74.2734704097337
79.6831344551103
82.24778221077452
82.9159599500528
82.24045371997094
80.37227324462131
77.62557776265798
73.36422530889317
66.29543036795376
63.697874801506615
65.3247222314833
63.183214857476585
63.17342177519268
72.58785873934342
78.74224006177217
81.2189115089121
80.8237372217119
78.25479812502678
73.89993176718502
67.51941850188341
58.31360252062149
46.6768856527673
39.086974871191245
55.25176825856859
68.46584216572974
76.48246307011539
80.67776898930077
81.79009995319484
80.03072405354058
75.18986025863312
67.98132477699566
63.0972899016477
58.97559443866421
55.34150622070615
59.575576471398215
62.62286499514384
62.26638372972136
58.71694982429524
58.70907221605159
70.03286715525522
77.48960221246273
81.49628442336193
82.79853375066226
81.94216456679706
79.58308780177666
76.18842942722515
71.63818027697971
66.28866148153223
62.517863162894926
63.57133464348594
66.01317240543041
65.19537575538942
65.17494139478092
72.79865730936263
77.57788231809207
79.23426276403512
78.74380724219154
76.75721744200858
73.0349465255749
66.60337115402284
63.699082373767766
67.34086237220417
67.19694106959989
63.34540758859152
64.8706505465954
72.21419583831904
75.79404865482827
76.25427262199536
74.54909786466112
70.8524392374434
64.85136716267508
56.3382286177081
44.89888664192131
37.08046883178795
38.601438485669455
38.70625143695753
36.55657870403301
41.699336004376725
58.907313560767804
69.86672572750695
76.16626442001233
78.94828321702711
78.79407346285836
75.69023019653658
69.7479816356966
65.25047342839069
63.268928371120914
59.036032481665224
54.85828439042318
59.75818394787549
63.139229334992635
62.705430355410066
58.7064255661526
55.02665156803904
66.92486667533082
75.5584199796519
80.27604254216544
82.26953177445157
82.25814509610066
80.47498697569219
76.833359616067
71.1201219306818
66.03333325255663
64.62877274305497
62.17780433791529
58.40370463982343
59.77260277022529
66.7603227284597
72.53625124190563
75.66740590320347
76.92922097906055
76.21194551766149
74.38692457578378
72.60804275357951
68.61677433094884
62.368750363008076
66.62476338531832
72.21604057629102
74.29712979834551
72.38300969203758
66.30815766536716
62.823507584266636
71.36349237211763
76.61208515845594
78.2388633656672
76.62995021208621
71.78860026717585
63.46364380162191
51.7997268462597
41.38397924529766
38.91058905049522
40.79828833846729
40.91829536931405
38.89886389852303
35.50972728311994
50.354797474011875
64.96057935927168
73.48778655201032
77.56388773504693
78.30638307385443
76.8555249558561
73.96940791510231
69.23291546242945
62.42738885364321
58.34211442423626
57.01128820624451
54.23235903886409
56.988443673908556
61.9254377976671
63.04714998868938
60.70685134228217
66.25763265112116
75.49984858490147
80.80516324392805
83.06993991091403
83.02559341285664
81.00065982614224
76.84393378448624
70.71844025790243
67.28383792046996
65.72932476426783
62.0512520632354
60.58187496187575
69.82382491891215
76.80388685268471
79.99889837880338
79.89485638566056
77.02916755106809
72.34974550335498
66.53693122613942
65.62246076572399
71.6636635812615
74.12311756387086
73.07239494329436
69.2303030035989
63.38413427264729
64.88166144093435
72.83984969436361
77.11972505506974
78.01373693694708
75.99792523671012
71.28640170506546
63.77329445207078
53.18275632953916
41.7900859349748
40.38648321963819
42.7222757236233
42.95682297851747
40.877527945928875
37.588841935245995
38.7494414304591
56.582925866482654
68.5631391294595
75.39992891702715
78.37655184696948
78.38543795606981
75.80305479196174
70.35552358220112
62.36786334956341
58.17250859284751
57.22729973716298
54.8133413858648
57.16274620974158
59.74184091717482
59.339697643054905
56.7329176869518
63.660864316232015
74.09835755896683
80.03001962111586
82.36847814088087
82.1150045563691
80.2137407522079
76.69781169004159
71.05671122278797
65.61184614650541
62.458686989262375
61.32154514863019
70.34950687944513
77.1578323944861
80.04508834967312
79.82071853572094
77.30869842521629
73.1360485674846
66.85224304017396
58.08237014966038
56.76640680830579
59.49965425529473
59.18572654193916
56.600141541666275
62.46697310009839
71.14536904288472
75.81246957474795
77.27544817869537
76.25374633397277
73.11443574244437
68.07776466816604
61.04280967289253
52.05004340744218
49.773332341674944
49.016799927431904
45.278599776307836
40.49348823696188
36.44872476973033
32.07629649354209
26.726124856403107
37.48736994373951
56.86076814114494
68.6944213180455
75.37097056430886
78.46870459108853
79.26197789191508
78.2354907896204
74.92108877343657
69.23777478619758
64.47955144252885
63.05832303721712
60.1764253790876
54.22397022366226
51.63620858833785
56.97078414800592
60.048135460511205
60.289022073728056
58.03119126855015
53.89536167578163
48.53291522781205
42.118094108863914
49.2803314125354
61.29476763878927
67.69747207001369
69.8131732588716
69.21214507754668
70.6175975666045
74.09542973683797
76.07608834019143
76.5502582236039
75.67319915076335
72.80562036788805
67.24619205187705
61.24959938899372
60.80272042664325
62.08232033434485
61.20326692565434
60.43264851457878
60.796898600688614
62.82541231210192
71.35591472871263
76.53911440264808
78.45677094280612
78.536287226786
78.01859169764367
77.50941434692192
76.58452687823886
74.06281503710093
68.75179370333373
59.71970441673945
59.44210095776354
66.04205868742501
67.48371952996101
64.43991574569034
67.60421393110485
74.87208884654396
78.1974827194386
78.01327371224099
74.7933922174846
68.76820084870482
59.71407128454189
47.30363727541422
35.189494293911224
32.95033992896022
34.418061917947675
35.64788137747534
35.953044263289335
35.06312564207336
33.06993496997689
30.39934711098701
27.204234590444464
33.08450403337758
46.89808036214856
58.21228744809041
66.0657026540956
70.6341816686682
72.63821686464193
72.51002303580405
70.03420226092493
64.81733188372917
60.28849025863509
62.12124030009112
62.10704536879041
58.92879717004998
53.47071100071359
47.48464872692281
45.38377066462
50.521436342889416
53.262101291415945
52.55888727612736
49.151952881728036
43.80504398797066
37.20840544085113
32.68558337931536
28.77350015030099
42.61339588510383
58.696823660180684
68.29037072904553
73.37537129377355
75.25390059010252
74.9276682660554
73.11838727211543
71.0383025688593
69.71423406061945
67.47664243174349
63.166653231229034
57.98032518041115
51.68005683398015
44.885968253340245
50.962147148650736
55.1037209956721
56.30587037916605
57.53448439458449
59.08253989695042
57.47878593132752
53.27723500575744
60.35987503979019
66.65028380248822
69.54602295509575
70.10516967892303
69.50037072594951
68.59629885379742
66.9665356014597
64.40046333467804
61.083740876420066
58.212234280723656
57.14326803663937
54.31708384732856
47.8422282453529
37.97883122313208
47.92689384569463
57.617979660022904
62.15579007014696
62.389430910922606
58.86867976952854
53.973637355924524
52.8563247693906
51.587094323460015
55.273475172789965
64.34606933692186
69.30158831663617
70.46122482582828
68.84033168615166
66.4149218419583
63.91659723899881
59.71231410466225
52.25850836110386
39.91004921338359
30.106777485674712
32.805208425473936
35.606414260477294
37.423550362491945
37.536806823082415
37.06250959287121
36.361272634342605
34.2143652356591
30.970838292627747
27.139036540433782
33.05166397525302
50.39294648632148
62.252950331358214
69.38746060326022
72.96308474199124
73.89098484048168
72.50674469049056
68.3454431163236
61.041413638672736
55.98231514235684
54.73664707991729
52.06298442201444
48.10902759357883
42.59480407564088
47.056553679781
53.7138517462991
56.20497560953322
55.09075009069668
51.29283977506489
45.40035538831026
36.90480290374897
41.617198751942325
58.4144997668188
68.2206637734197
73.17676735270246
74.7382185001222
74.13740207175793
72.60974219758255
71.42082472317439
70.49876178294788
68.63532537303543
65.15665085537688
59.855051461968706
53.856379301098194
48.05780813579986
46.98914229625912
53.79914622237948
56.779046870807626
55.93374471973778
54.077646619850384
54.8874014961668
55.98722003468062
53.82512340722816
57.71893211218011
66.25019834447248
70.66668590598952
72.09836113601453
71.97198586200072
70.85662697343284
68.66080807106914
65.95574710792124
63.61371017075476
61.42441685378092
58.800232498200984
54.114878302519365
45.534289369559495
34.29299933471219
41.48062684474796
53.75374105340367
60.41418246513723
62.600506643491286
60.97980967716836
56.29061383252296
51.15355630843805
48.04233424066477
53.02427845445746
61.079070793614434
64.80636126863767
64.88150431465218
62.37561495585904
58.977372303768256
54.35982266185232
46.13325607214047
33.60202529367343
27.98198246389502
30.796519780192515
32.677834107007165
34.24377958531147
35.579627317631235
36.16847216323424
35.31233427286599
32.78548669619334
29.30295027399369
26.132304024354866
23.771961764174744
26.230117663681586
37.86001646492828
47.48618040419126
56.60207950865656
64.43789043683199
69.19656256668797
71.03206133912393
70.47479780655642
67.37314201533843
61.26306516622642
54.96713129817017
53.80634802800258
51.97310485521246
47.97807256361401
43.96255393784699
49.5224810300945
54.16693460753679
56.53545342059742
56.8986532678116
54.71271536391182
49.4512975144071
40.761323582538616
37.831934113318255
54.460462222048605
64.91181724460544
70.4464961065933
72.40021351967218
72.03027156162254
70.7237230662753
69.39748189626603
67.98389868802674
65.5192448219119
60.8623179562281
54.71879143544014
48.61512975459191
41.90694919008478
46.643629585570146
51.963737648094494
53.20514503509385
52.46843086358681
53.98158366061273
56.034392186709574
54.38508648561892
52.19147402844375
61.19822573970375
67.20033311573653
69.8653507807631
70.46008688289747
69.89222652656497
68.51880459617257
65.99636217490489
61.88217842422472
57.93205509827902
57.599298390731846
56.970973790472925
52.24480553982464
44.479580574255486
47.462253050925085
57.10094498415628
62.09398922241967
62.95967896925678
60.30137224772807
55.50570119531684
51.73438771691132
48.248561969498624
53.03830072489332
63.235402604659456
68.94296402727437
70.8936068634718
70.0027437618335
67.54461797310337
64.47374520546757
60.21435075263945
54.024918934518176
45.10062911674855
32.71126087027894
27.405007799510358
29.813843526802074
31.84908052057011
33.06977959109662
33.18445958107914
32.3349984053463
30.973857216632993
29.169096880416095
26.480356942355165
23.513465920105673
31.30865838659807
44.16883233997886
55.87820551655382
64.75648057178032
69.96975787100602
72.34550330609872
72.56860900259981
70.39583244724963
65.12601686961546
56.98797695835252
55.02060000371241
55.274928616164246
52.20147248210139
47.124325901037984
42.34794923147362
45.348486319659244
49.81852373235829
51.55206879257075
50.55106235430995
47.02195261841305
40.79160994455026
32.3079006762324
45.41795257935913
59.679609866123045
67.95131938620736
71.71590944413624
72.07313528696491
70.29401435769753
67.76271583748759
66.08865853696418
65.43742912657552
63.2679015409331
58.29727725486837
51.561248446020784
46.0570532585361
43.92754232211956
47.53102833515573
53.03187716195672
55.44832648501672
54.16388485912734
51.51518444168818
51.48055482680679
53.51261530296093
53.04780672058449
51.80978271974786
60.519429003711416
67.3113528339499
70.13640840317541
69.85490514985939
68.01616919292417
66.91709965820394
65.64564229190516
62.49778315537356
58.38055441764658
56.52572528963517
57.120792313879804
54.914197468861225
47.922722814660915
46.17773907822154
57.22566187641705
63.19439217387079
64.80524150845538
62.727433087423975
57.75720001161088
52.53005588795217
51.96192043037716
60.883152225054516
67.2188904963374
69.65129335019364
68.82409218062377
65.3639214478243
60.38090777147544
54.26061658076172
45.61946415986641
34.31288417525891
25.46797276975916
24.269111239393617
27.782652606960138
30.771275317521372
32.18132914032185
32.3262021338443
31.99390454678475
30.531632625448793
27.12551144767164
23.986258181340506
32.89351967482064
46.60026331617654
58.02483880944861
65.6864099712338
69.65011586436008
70.47829056850412
68.77785503408973
65.09019810179679
59.602472124000165
54.78801327999166
55.90799304435172
55.30784714535703
51.624273182359694
45.77089313377126
41.05756371329279
48.074835404402656
53.42595246208238
55.427635912250565
54.36253132573655
50.78263310388956
45.625709062113856
39.157536396896894
46.74327488929212
62.36849780343496
71.34001136249421
75.60934050203198
76.4041854677442
75.07239468138369
73.19907177946996
71.30437868501534
68.99420439008668
65.31323254416864
59.70309752604662
54.65898641931212
50.69800841822415
51.69183992084038
56.58844323100744
58.633537297769976
56.775591465094344
52.725000383281106
51.85650978686397
52.65688352533183
51.3923840297856
53.82114039200573
63.48248346376468
69.40324836721385
71.96411667898613
72.11846168246375
70.90497284657468
68.86004349764184
65.59365943211547
62.11722082130243
60.75497533083101
60.28823001908311
57.22371090048362
49.6137442531723
39.052866493527304
50.457290690914874
59.986167595998516
64.6054862038776
65.0210025332492
61.623698546049056
55.757266774761206
52.152366236659674
55.233252752749245
64.38490715309821
69.36286232485901
70.49329534855941
68.83902013246481
65.41408694745853
60.831945826219
55.269463737518365
48.769330387507985
51.31635894282468
57.35482340115455
59.15842672406069
57.77821965895861
54.665470081399796
52.002332309015685
52.81585112550257
54.53089367459079
53.55105967788263
49.38615248197705
42.88684468129918
36.245566820288396
44.54263215932184
57.280654683644826
65.98539573438502
70.81947312099948
72.39063438675176
71.12790734182684
67.13680137249763
60.681168332325306
57.96402800280836
58.49989769184268
56.12325914161168
51.90236115403533
47.28638673747321
42.0462960765357
46.671716859147374
53.286626547117265
56.7138784923838
56.78728253010033
53.72736676167732
48.46600144329513
41.291175236763266
32.13280605132238
43.87806171623468
59.732180058036136
68.8644638644573
73.23295552363113
74.19373783133233
73.17581850378562
71.696849901501
70.62567330394896
69.41161332166716
66.88827084486213
62.469910842509044
57.05378881074812
53.66122182604728
50.24325205870167
46.63414307682069
47.0509641713395
49.75566446615258
51.48662379826301
52.04659271140745
52.251254183884946
53.41959071728322
53.47245184435237
50.23156509664935
56.11658268850965
65.14460433751427
69.78403329639457
71.00211143395453
70.3062477583199
68.84996968927426
66.00116032534665
62.428939756911255
61.041862151804395
60.679367109281095
59.268876725287626
54.45434894457663
44.48902396693078
47.5889711996263
58.0792077481901
63.599160680100965
65.24752159907779
63.65265360386707
59.290763912866844
54.22419895597977
51.004855616916565
55.64596514565217
64.49117875134286
68.99702654396872
69.95093470173703
68.7721780652251
66.49927971842212
62.847781772197834
56.88056467240489
47.6369056751643
35.021541214140676
27.359993603284202
29.77694048688699
31.767242566590028
32.25787575105589
31.954991094637684
31.191200874876692
30.612113894478053
29.847122759116065
28.31990690090512
25.695789794333052
32.40310154155958
45.4197893092645
56.146276862218166
63.13364823061011
67.03872503338721
69.13299993084354
70.05400531540077
69.28037980885395
65.96859790844619
59.64691985718613
55.07013481628066
56.05559207402876
54.34737391842109
49.995283560978116
44.327885383660764
39.94300778687129
46.82848138827631
52.06410607951
53.50324407598477
51.699569058596225
47.41890530253607
41.40792836962174
34.55298963235441
33.58373344040761
53.40914344701346
65.85420390179522
72.6081783893456
75.28008869189745
75.07228996048929
73.27000057197809
71.26162555477721
69.2260629388294
66.70147882089961
63.5038689721639
59.09291730154921
55.2240583095557
52.67015075736531
49.773140822166944
49.2765933767759
52.96872330092085
55.78429931093482
55.09976343950608
51.96957320186335
51.34493017116519
54.99098213370107
56.3150769844647
53.822649960824364
58.880941249563946
66.35388346521155
70.32442890910917
71.62175215755063
70.97560028929544
69.44867686133756
68.08533535491922
66.51493963155657
63.1741571987792
56.430477155362404
46.71245627531184
42.44366637801642
54.41711021206767
62.63174553174725
66.25702375529335
66.3194478865275
63.558347342996704
58.50535391850641
53.65474630817225
51.61130175495067
50.3278744999525
58.97467896700477
65.88517541078271
68.47017588914571
67.4998042170328
64.09787536688046
59.65844621084452
54.423173296686606
47.21929721592376
37.00934871193396
28.221490311218254
24.19063443648989
24.57051185603378
24.624027727517557
24.48225072098157
24.974988227492403
25.70623514147207
26.299699942743864
25.83732937028045
24.644342262759494
22.787557176711843
20.88808025681451
20.666872445198877
21.908011765920158
38.59366969546087
53.86431255953827
63.31305687599533
68.29521928182604
70.05020118323552
70.54534529380435
71.27212509981322
70.86841183557621
68.29980617470733
63.39072298262025
56.179361781118985
53.408659086008115
54.99110588419941
53.70968809234584
50.886336486239074
47.70899336321074
43.13622044811612
36.80781284514908
32.43926780796733
40.00114157966873
46.46074823271621
51.585795928875164
54.31882539773291
54.2766583214275
52.596486926233695
50.37608149644022
47.18630290148842
42.45211213944899
35.884201947389556
33.18461249320325
36.4098388949826
37.679658580187755
41.52572004656102
53.27327252910493
63.86282886761242
69.87531148130606
72.01326982255756
71.14614819793393
68.73830499482752
67.06424004612435
66.66425213174504
66.0612177167889
64.29715223073114
60.541854250797385
55.55826589156767
52.81984184094486
50.175755392229306
45.417401107370125
38.252033246760995
28.51173839764099
34.56725726928804
47.53146565695373
54.63626180447449
57.11176193679215
55.723733276500894
51.90864274547225
49.539977811565535
49.42109898931442
49.687297501254534
47.32884648321174
41.05723744209463
35.97266940148778
50.53725398479989
61.35906642500569
67.28721987751825
70.11785183255732
71.13964627706595
70.75295026128926
69.58855336911395
68.15292603621403
65.71974401478022
63.13707472183022
61.573464502218975
59.24946956343768
56.67195062600787
58.04042546725478
58.818723778464815
55.79546267791797
48.95589163248647
41.262994535989435
35.25670319298673
29.51776227437618
40.66369131710211
54.269254715810796
62.60448007689004
66.68848353926516
67.38573966813755
65.24316366573595
60.25078367323283
53.28336471097235
49.647007583138304
47.404186682335435
44.969545548692125
55.421426773976386
64.49885542475718
69.19808709965017
70.74651893267966
70.31623220510414
68.45313726227347
65.22446646017012
61.833402262568654
58.696796958915094
53.66693310266954
45.21375846571377
33.407410199741584
28.304390252376766
31.698450563586142
34.0130581243094
35.18291899622938
36.08003805060456
36.98397420039665
38.54016334546892
39.62883091996696
38.922922958308746
37.18151848183676
35.49428423367515
33.62520323844889
30.245127230170297
25.732963335581474
22.671675671422324
23.51022801399369
37.9384239467651
52.8983141772472
63.916905098853306
70.33510086602155
72.98323473864085
73.08900048388968
72.79335316309977
72.77961232193727
71.75297852452948
69.28076159195585
64.34566326361247
56.21881493218423
55.291356825354974
57.526300760654195
56.17632424235253
52.245692437858075
48.34330485940532
44.84599736053294
39.232774691198095
38.47838880756987
47.323090480682424
53.41367759221064
56.139021183848364
55.538418749876
52.454702866725384
48.909687446379664
45.22735786527626
39.63743523308152
37.0418400420705
41.48698785686376
42.90949874163378
41.073055672213016
39.09116499943379
50.698741779110236
62.469878973290456
69.29016075276378
71.91861238421741
71.50733959583458
69.90129112937589
68.83644900851374
68.28361935405827
67.19293861480016
64.24275354933045
59.01644657931627
54.33612046981202
52.10907877207569
48.8618485067625
43.68120465339021
43.968712637313565
52.64246872081709
56.47316960644659
55.37685444233058
49.97207222710372
44.31579462747958
43.99891479480854
47.163928985029095
48.151871858788965
45.03286248274681
49.50869353262689
60.00239590479259
65.62606856332211
67.4976813874732
67.16033971641147
66.56649803466368
66.53758078703612
65.8633781934193
63.51455081067661
60.18100343092232
57.58031034504893
54.9524887149406
50.951856369251615
45.409494427084276
52.106999106736964
60.21020660538809
63.47409555850515
62.32242421855354
56.69216848235975
46.0307545239613
30.210307608143133
38.79641259946747
52.15002737202543
59.778656727072466
63.13707791800651
63.10139311803233
60.329396812096036
55.41143415617948
50.31443793420885
48.178093287637836
45.91529712862179
51.77925498643891
61.513779134591644
66.87563228702656
68.59544881197107
67.48968580332614
64.64168544430855
61.252784540196004
57.62157078481956
53.10993177526663
47.1121601399928
38.99733058845465
28.249421460577345
24.33453538117591
27.540704081073045
29.76804160848007
30.62336428920417
31.035346584916116
31.50500540211278
31.35825022379299
31.322473530422513
31.48904006023438
30.61373041792253
28.486148731585445
26.175324688115637
24.672638630491797
23.38963435044988
21.988925145796685
21.965115730363266
37.15058419296179
52.19998776241768
62.65307473121608
68.7304098400981
71.1936390695095
71.14835562075233
70.19613998776748
69.00825312390627
67.04143777653849
63.760542190763935
58.426984240093596
50.836391012157385
50.36228951322387
54.387283633669064
56.239970246393156
56.35278270877268
54.38429525642014
51.03273418217974
48.31002960346434
45.797333058560376
41.35796515447714
36.604310232355076
43.213395993579965
48.33326223799365
51.15818409322156
52.23009078370576
51.10602520360721
47.75520957121945
41.981862692730836
34.305069349038064
35.558847475953016
37.76926952854582
39.83165553775806
54.58408677851491
64.84150113613282
70.22996242635678
71.83660386502795
70.9109968003703
69.35571374168977
68.38557329818217
67.9408051369806
67.36654403142009
65.9350177030545
62.73005613195723
57.2524062507378
51.893175082468915
48.538054249837046
44.88008280858854
41.37713152032792
41.56358087458397
46.89212172362276
52.61565199175954
55.306899454776485
53.918570996193296
49.25497715049639
45.65304556721303
44.9991990093463
47.33733184998347
48.67848343589532
45.749554872493775
39.103443984498064
51.2606327531455
61.06072864213311
65.85103208883281
66.95792463175002
65.83589946729202
64.04415032931422
62.36098041879285
60.68884549767027
57.84588194854568
53.55142838729798
48.98472870916468
44.978541855875534
40.33601092832667
40.74201809045537
48.90035656529409
52.80462973459947
52.066079198635634
46.70369811636177
36.52649066121426
35.233542496470406
50.44685573723473
59.09667835932878
62.94263388500306
63.24128840986699
60.96138800570809
56.30887740603866
49.71195287045157
46.08330140394672
44.700367204045854
41.493266387891936
44.2956069061269
55.09712717400697
61.02999029625863
63.47226736986607
64.18374443665813
63.69587071693492
61.58003765718107
58.33909054322745
54.71735597638205
48.81412134413669
38.50285009429499
27.589132728602962
24.341646801427842
24.659319353730908
25.905180066212804
27.312999307545006
29.13172892254496
30.30350800979835
30.9009918319196
31.731621780248393
32.49733801377265
32.25577704572398
31.22434719396139
29.318273981870952
26.238664022975733
23.228942030289783
21.862302752508164
21.033895937456187
20.30404346153326
27.539749896469374
44.559584229560514
56.25910337326374
63.57427619137582
67.67595962447014
69.69739698615415
70.32756006973571
69.56093759965006
67.67584214678809
65.41130628120283
61.955724718512606
56.21749399763602
52.46707241906863
56.5033635294921
58.46688946561418
57.24656145950363
53.66551928245403
49.78525064457816
46.82302535965931
42.497037517577525
35.51632714662468
30.138503554951086
39.01618039145225
48.24929241690876
54.14053700040065
56.34397711316153
55.028301904268545
50.917599670781314
44.511378995653615
36.06663919894434
32.422388356633064
36.80196987438703
37.92482602655643
35.9019231642923
35.14990059455043
44.627002792413435
56.94058206909324
65.80907400233863
70.26175737832521
70.94680065058375
69.00366983992862
66.51413601754355
65.04289832739474
63.8247958016396
61.65464513223631
57.54375134013103
52.816870619753956
50.692759178121285
48.65169423769191
44.86573990950311
38.13135998803204
38.22417927946923
48.851961298341706
54.19979400340371
54.706976914198286
51.46009392252854
48.020814778495236
49.24499763410222
52.44192701243379
51.963742919140344
46.509539393091
36.65597309835427
47.51320091549515
57.46647562860793
62.67748805011955
64.72194013202179
64.838599794205
63.92593290791467
62.701774783994615
61.66544619667788
60.95968728204842
59.51673448289679
56.43941657713333
52.178014645117365
48.22807003909681
46.26175206844694
43.77448688286221
39.140410696545175
44.62961348166141
51.17859339667561
53.355065900671036
51.33376435776337
44.951573261091696
33.7161680492144
39.163711426431334
52.181330668491526
59.183711641452845
62.06166272624301
62.156503550108944
59.996021292582206
55.49612620105332
50.79593791490903
49.048161599851355
46.4527868953332
46.98431557988193
58.72688940071935
66.16035109320205
69.5395537158828
69.60271652453956
67.01134134519896
62.63561921070107
57.853193791387156
53.86198524908796
48.73006509403791
40.698478320031484
32.062778778073564
25.194765037614278
20.720824631168746
21.192970733478536
24.002702819288967
26.931763096012396
29.457288853342206
30.89544559098471
31.174763376928002
30.812181437901167
29.593355373336028
27.172489697144968
24.38701729202407
21.873119325377278
20.81045166547704
21.797262874379754
33.428114131109155
47.53019416122723
60.636947157577396
69.3308360056706
73.64951942705714
74.36781682831797
72.23515219461999
68.27851122303792
63.98782471045226
59.4980455372204
56.87149172856771
56.56495310423576
53.98408544486975
49.7022478410196
45.53614615708378
41.113748022539234
45.32363626898444
51.889302948045554
55.229389531620384
55.47828336664651
53.57963684528893
50.54422142064056
45.34813873973395
36.69331771331544
28.97651786776002
44.676625946054514
59.58242165511638
68.18740953063993
72.14407422665794
72.72754126663017
71.43503063157566
69.58959735956802
67.80155968907278
66.05533699894917
63.251323210317935
58.486801380573795
52.820033064548156
48.1012930745042
43.273944430240824
42.15388879062882
49.39574651817375
52.79374557417257
52.36443488929992
50.25993620244045
50.177801275275556
54.173746475262774
56.06006913663742
53.336830085444575
53.64183535949111
63.02755332361449
68.32721031668449
70.37761198154927
70.52462746710955
69.35049536571412
67.11998180892473
64.84238163822296
63.33983693928769
62.303704159443846
60.19108457978467
55.36458898251468
46.82041146655913
35.946801532509326
45.585265065254816
57.19629533925094
63.3054363781408
65.21190251958774
63.68157609361112
58.99850370234528
51.60105042163608
47.33355198039356
51.6991203890241
60.69731598553915
65.54956211592523
66.66076695291083
65.03660376980761
61.49652217473889
56.62791710378422
51.386349712505876
45.21194642040727
35.65727114481893
26.49011617593361
26.536204993056224
29.558013774342847
31.44991813583276
32.53799472243705
33.23792188371434
33.00277075863664
31.73084221969532
29.456419723149207
28.793702507946833
37.323950446568674
46.028773891951154
55.328172562329605
62.419280872472044
65.84823258852501
65.7249707772605
62.53164211061191
57.21188814308442
51.015819857149225
49.86318939432584
50.86820468458083
48.87698597985586
45.59094963179787
42.82497231898027
44.295601277943064
49.210892973767514
52.275300085844876
52.463030622624906
49.3176829757678
42.89140103818031
34.85592704603033
48.25377888922926
61.06423810914167
68.38321995830023
71.48662657072357
71.5709391802928
70.37244754746824
69.39269722446525
68.866074561
68.22093825849949
66.3419774533532
62.19748204105621
56.21753342534019
52.167576010678914
51.509609865183165
54.38056134882031
56.90449120575484
57.1168740228791
54.14307307161717
49.847304299517674
49.23120056031343
50.6184869822294
48.842049490526556
45.627266512983326
56.41967620379156
64.10318932806005
67.87777757197878
68.94388354415392
68.15227867192503
66.606717235614
65.45863037033149
64.1070031891063
61.50600299960189
56.18423656528526
46.70814754581036
33.43756240282572
36.23464463206339
51.42675723876415
60.123706420821804
63.91858734237271
63.65322480774139
59.6977514494134
52.70950709883341
46.41420067176041
46.943781670536595
57.61575008639139
64.19290256070789
66.74856636989085
66.58361287195388
64.83678553224968
61.603265943968005
56.457659749380944
49.326810738800035
40.728997037642415
31.137940750668708
27.072323603402193
30.491958687034753
32.91335701267031
34.4177459025585
35.35980782458195
35.15755651290848
34.01462197744122
31.91938048397536
28.80533622699911
26.64197017572091
32.71380160680414
39.471471163209884
45.6027416144545
55.43217649490469
62.32764189239494
65.62593283378898
66.20179704297365
64.31892339778905
59.71761143671884
54.065443922146855
54.4657710247182
54.10509831359021
51.07036380940235
46.44483273605025
44.716882908032424
50.841058660285896
55.0683438300409
56.18711424410522
54.12592403340306
49.49325442131246
43.3457500038703
36.43500514271154
48.46476178913487
60.610502830960435
67.30603493292466
70.00401334773197
70.09913586584716
69.18346457502587
68.29450397888758
67.42161721544419
66.06147628580092
63.235336103729125
58.099984078983894
52.67540544783684
48.659053450734916
48.43732157297715
54.2395931855361
55.98488905562646
53.62712174956038
50.251520813437544
51.32876984967635
54.34961021979162
53.8918620713595
50.41614031678485
58.4927755022474
65.57395190576759
68.8401019711817
69.65075891040644
69.02677841499845
66.97824972989872
63.658545091830554
60.57112087565671
59.40756002802405
57.95349993778582
54.49951389088266
48.37775103727143
40.54301755793608
42.405575391913814
54.294974989092744
60.93168118554968
63.118456314491354
61.563588566719304
56.60634496602111
49.54970167043218
46.67189219013218
55.74790874669742
63.85228122194471
67.59440728252318
67.92031064612532
66.25906870858967
63.907554207699526
60.20108838699863
54.031746980876825
45.143021037574194
34.7081493800194
26.77775080363198
26.711301918729966
29.47956605592449
30.673576979765485
30.773354250396263
30.64930754670018
30.135162486256995
28.311773900878663
25.168579984222678
22.7842836941279
27.694461089767643
42.32769969995955
54.551540364567934
62.633882949629516
67.04686363280123
68.63917295667272
68.48658621227534
67.1305780467104
63.764181909456354
57.653253039880276
53.09357858809
52.878925245667226
50.80767760136886
46.7418036433923
44.03412750969409
49.54492047855369
53.77930310844886
54.69859187743266
52.54266102655393
47.96993538092834
41.1716560858754
34.68091539609468
50.3356742591271
61.8355767872196
68.16621457221561
70.54800429583939
70.32178618669079
69.40610072700031
68.70607998958462
68.09076614593913
67.19336812418366
64.8556914298628
59.91138705098337
53.08762852112728
47.67324984864315
47.291506338613836
50.74840921984203
51.398120935686855
49.83958542113098
50.43805357403474
53.50659663617872
53.866234109046886
51.30245261975696
58.52095333703239
65.70139072852938
69.21763892196326
70.02591328592497
68.923192131339
66.34674705099795
62.344225173022785
57.49184198118962
56.163422753857226
56.771010196810565
54.56522246705887
48.70249873892546
41.257893491438004
51.77674876645631
60.11549798683798
63.47941356880448
62.92722059057539
59.417170753120885
53.92930436491565
48.83285423032894
49.289254890887875
58.762084502402594
64.69085964949761
66.46479567377837
64.96048814670475
60.93052753075134
55.01590024030509
48.756520426618835
42.04989898091077
31.791277884957864
25.854996190858458
27.864171381428335
29.265262375552936
30.160009525161637
30.371417243914753
29.99172392957266
28.780646490025088
26.45782495766575
23.87960144343633
21.560343388759833
20.654102751844334
31.561944445667585
47.94819102864138
59.042561750183566
65.79850172365627
68.96049683781052
69.2738951781422
67.53835563779882
64.27090567771766
59.183700672708675
52.38807770055611
51.88221627257622
52.294203107869336
49.969297574864655
45.627736264031384
40.505500595145136
45.06057430097763
50.01819271678747
51.922318381464486
51.423679152070946
48.9419071031483
44.41247054392513
36.90320331617243
44.744105618769666
58.79131745594349
66.93281424299983
70.69962865783845
71.26593820559944
70.17152711006385
68.96596299842693
67.96224804623576
66.85755177323301
64.94674027278249
61.18304153906155
55.800020256524164
50.75543436677495
45.590634430111294
48.87374967938422
54.3060006553969
55.42613279852577
53.02654707883245
51.06424809029588
52.676292145786114
52.82469657499555
52.309483325432176
60.29315253712256
66.79133069854987
69.74679737173587
70.25179914077147
69.15624859043018
66.4680458161221
62.439721073024195
59.35952624492349
58.60960486260068
57.26514627933339
52.89208871622564
44.636645243658954
47.968879229283814
57.937435821181936
62.888874211033794
64.05785204343546
62.50371747158104
58.64287285089521
52.88855996433213
49.03438911511412
54.69655467701593
62.935422379827884
66.768080851145
66.87941522663385
64.08400523422091
59.080042612957726
52.46532500831309
44.635238925643606
36.03618014861012
26.717437084374957
26.5308901867802
28.39289213351946
29.47935000762438
29.994214399709797
29.913052154168835
29.160214970574522
27.29718285844301
24.447566848717827
21.666938366897547
20.82398291997194
27.265613888909467
39.845020842879514
51.49797353861429
59.89903784334452
64.72127668175263
66.5767519783401
66.03098837508178
63.18378619877982
57.798189845356475
51.16854278666759
50.92493797514835
51.10084917661446
48.875835204544124
44.97955512569077
39.378551739881814
41.179999359866876
46.96130245574413
50.1922236597943
50.73516844972132
48.33151626163084
43.91844498029268
38.36906575275161
36.04795798723308
51.14796103514189
61.3215217922079
66.64131551032378
68.42226677446061
67.96172935857473
66.9857282683186
66.50734833834477
65.69984966668221
63.41718735805518
58.42759587938774
50.678642581144004
43.80978132146204
40.773707449542414
47.99061460856997
52.44158439369308
52.17922000255239
48.64896004097869
47.613425960902475
49.053072137263804
48.097508467755546
54.179497182256796
62.61129601217668
67.00121358227679
68.39698767324087
67.70733242680167
65.35910385161535
61.53544397392032
56.55027046590099
53.71374731690472
54.273898829113534
53.76114590454105
50.984766038214396
45.97137635250374
39.98947642657139
46.729313202435435
55.79955834034432
59.66522397371161
59.03280864558511
54.667103550584386
49.35962003533512
46.43732581303602
53.407657390907055
60.86106578328628
64.03516989765825
64.19970984654842
62.704415776163806
59.46224583231266
53.56821512407127
44.40337757361485
32.256214489834164
27.61861841202442
30.02689544501614
31.681761484901266
32.02594416210207
30.94936307240544
28.57264026308853
25.42912927542128
22.77968137758272
20.87306669429346
35.25729168972735
53.4211891138505
64.73497903709269
71.29823574612166
74.51980442100117
75.41177908795466
74.18444630241643
70.42733622264007
63.807530910522644
56.69576671632801
55.729935138840425
53.78741919525892
49.930104034242255
44.8154804936692
45.36469055697302
52.46130654540059
56.30982714068977
56.48524198837275
52.954079900667125
45.97196704081181
54.94530614513935
66.51069677707008
72.74272189004225
75.04072276129875
74.68861148751769
73.41196401839156
72.39014555019958
71.17825774545472
68.44074377866355
63.385038686038286
57.489692096341116
55.479101926893364
59.0344766404845
60.50006761254393
58.730200590236834
57.10927535978007
56.28405173892541
60.132337598204664
68.56075213862967
73.14547432621042
74.77054817033975
74.60156661721273
73.1315368767263
70.68797450502169
67.8197496537719
64.75487726422641
61.92712343446587
59.2166096290519
53.57699822158517
50.085492911214885
59.957819976037555
65.41196417822425
66.43442718776677
63.5297362159237
57.28061557726623
52.03397298529299
61.04331038822336
68.13907152444587
70.90493874367864
70.16590641988573
67.10318297516477
62.93364189660157
57.83208901920406
50.69900258546664
39.92727759056389
33.05632035994863
34.09931952473502
33.577245889420965
32.14298972638707
29.616222934794326
32.59922141641986
50.69123295668744
62.70053003767936
69.95981456475687
73.78941504292249
75.1137730165865
74.08199145141988
70.10295331417285
63.214795671258564
58.76366019959572
56.22409909553675
51.903928657348416
47.46381084840114
50.470668059231144
55.65823696393522
57.12822042296586
55.13357529887195
50.00070837591707
47.3121500326463
60.94516210630337
69.57549055398891
73.75288502897291
74.76949638105289
74.13134296418433
73.26898685547886
72.31501379994276
70.77305245067403
67.79114137264412
62.47036797310944
56.682882767461855
57.013272171299896
58.28087117470699
57.15404809923267
57.8336328450512
59.10468198120958
57.65272709226194
63.957354705204466
70.31119218858235
72.98091344078287
73.1013739228871
71.70789142001482
69.88635309523583
68.55536439311139
67.10452997863123
63.746150712577446
56.919755435109806
48.754900557303785
57.80677285872234
64.54258720853726
66.84192950029515
65.37983300221201
60.41080864112296
53.02003853137778
55.447507382622554
64.71169347469173
69.62514728721513
70.5249426511834
68.07162729582286
62.734050134141214
54.484713891497314
42.604387475770736
31.882356803437336
32.56059269520026
33.45294420004891
34.09745244493861
33.721439166517975
32.46131515078834
30.851181495602212
28.25594720213633
30.749084324102334
49.68397234999104
62.38847861361307
70.02748713539934
73.90373522247798
74.8757352138462
73.47367715762252
69.40347386903767
62.461798552111105
59.269341073639254
59.02583852000927
55.914186682425814
50.03272081229193
48.28224171201648
55.08578274595591
58.54076927659899
58.1652699086291
54.49329723577904
47.82319484549042
49.24325340183244
62.47566555440081
70.24821183083029
73.92784545570908
74.67635410754434
73.76064626454814
72.46207827037475
70.56709633798269
66.6964487489995
60.433208286080465
55.673162247943075
56.947441164561425
57.99573002546852
56.94395696793299
56.12132889543739
57.943999438953895
57.90995090989129
59.967983016818
67.6971601607602
72.21396490490653
73.71563039336849
73.0959938735255
71.38461500205747
69.22185829313295
65.88399362684795
59.95056054863282
51.03921859166421
50.20570536509975
59.92676997287961
65.04166811077444
65.79590240377202
62.52074418377626
55.59208758524581
56.281867828528476
64.55369147608866
68.76887091048072
69.60405883657391
67.93000309926187
64.21571246335061
58.19937842783516
49.00865310949914
35.81469044477573
25.230144528173387
24.379626952756134
24.058119441752794
23.383514391148474
22.67107342085406
22.51310239556603
22.586719605405
22.479878554986882
22.440221767129046
22.978639361661134
23.717488559034617
24.49121533256085
24.72504318677054
23.875611106607415
22.757921043247983
