File type = "ooTextFile"
Object class = "Intensity 2"

0
146.097052154195
4558
0.032
0.13652607709750875
1
1
1
1
1
35.398525031518645
33.48364519910365
32.207951597129096
31.130670871747405
29.862945984808444
30.103248466074113
30.23454307294882
30.137169627590424
32.455976836724
38.08017121505525
41.19339386357106
39.82578007273056
34.585215264243885
29.809565835190224
29.198270415780318
33.42284185823877
42.49138876031611
48.25107405994271
52.02100916262616
55.06791376173752
56.56575796467521
56.64488342067833
56.343088046016604
54.822507485220655
50.73727016441335
44.26568850671661
37.00718063684049
30.498192734665075
26.510318946862856
25.48514045619553
27.75264897251739
33.644117522110506
37.94442326177824
39.26250778128035
37.50131770392739
32.901562933913766
27.62800582085488
26.947563375715823
43.132917083727264
56.378506468724304
65.02254971204067
69.98197700470192
71.36710914581062
69.01271330965808
62.56089931303119
51.29433209207242
35.31442878990984
32.69126465908212
31.76591942155518
28.55341041866148
26.08026374783277
25.807958280845178
26.092398558191956
25.480266776331682
24.5340196426289
24.336400817763245
23.90515112451296
23.467265335195087
28.047952662673584
36.66385451794992
42.17967738578012
44.14780321419314
42.71964649544033
38.74737939502608
34.11526526400059
29.514352722118396
30.2376157838682
35.59237892793513
38.52243154932708
38.616286547602925
36.048922397970365
32.00269806927339
30.986197991966545
33.93052026904241
35.667681597676214
34.65820010516587
31.702650845205408
32.09465972914769
33.709874501465
33.384331465474816
35.27294989150829
37.29446216142846
40.424053439280875
43.36495855648696
44.73614649524893
48.69633215912109
51.96974940759722
51.05691220072724
45.45023376641324
34.84156568585044
25.759947772442796
25.373571168705613
25.621893029329957
25.903280797130193
27.781617606039827
33.27386207105939
38.52767467451304
44.99256830957759
55.285953735459984
61.637575245544596
63.43161439203599
61.92723825166203
61.03856159350676
66.58387366918852
73.49128625262092
77.17382328567724
78.56622392158012
78.82552641211181
77.42898943877628
73.79733910946447
68.20437365446944
61.13733692071334
55.12808910961597
63.087921292680036
70.18336654448336
73.86446143580866
74.45582947774808
71.8154453717674
65.46882993722133
55.99911509421914
52.301610747398925
60.563619559142346
69.18441541584456
73.92430603568067
75.81746426758826
75.94280246290653
73.88587572222019
68.72563856810861
60.209349408529334
48.60266342669297
38.28514699041549
34.87053675759644
34.01570772942882
39.627790326828354
43.12186272638701
42.26493846557172
37.402338917844546
30.65991611086281
27.099411905963095
26.170114501107335
26.014017210656665
26.433187847422133
26.880757793235333
27.049921826801086
27.148644241490008
26.955368836128514
26.515255286589504
27.090589332888424
28.065798134227336
28.35834578939261
28.028434864449657
27.756785486020444
27.533853280638986
27.080174178868642
26.818210379548987
27.02170542348833
27.150254732629215
26.97837847676729
26.80867882104497
26.579661313345937
26.479043537553608
26.331965102430598
26.456318293205424
26.510849584298526
26.277560844028663
26.066044115697466
25.904003198386224
27.94467622897372
35.189414001526615
40.096249151370344
40.42240201919809
36.34641234124954
30.357441734367185
28.286889274691568
28.6506865867282
29.46966732439347
29.233579409873514
28.921976679929887
29.39174425670847
30.498152554654524
33.24303747229487
34.096225088408715
31.707082512250455
32.06817207755329
45.27022428478954
52.97067470949432
54.98125542351034
51.67721140210435
42.58154814391987
30.562679234020464
28.86792895505762
28.462524308551217
29.893013702813104
37.80853847774929
45.40452887557704
49.79865307883819
51.6147040936118
51.044994367446826
47.856419775573
42.76606032237791
38.885373750429736
41.99569041710218
44.07141679775098
41.52346234017636
35.49191613808548
32.26182078843111
31.963565473784147
32.34922165153669
41.20693732411469
49.786608426901154
54.40496270976382
55.449461893279434
53.08521495277975
51.035566895221116
61.26183876847203
69.55840553724461
73.55880400305944
74.422180432605
73.8403355225534
72.8937813104851
70.99267721135668
67.02601570301015
62.547294145611474
62.37627259845663
60.45983703531043
55.98551426842295
59.133189131832715
63.17576164202609
62.505070184609295
59.544714421531424
67.29488386032146
72.90226200757786
74.93969601730703
74.77766859507283
73.54002458643537
71.8882951578287
70.26418922798273
69.10111952966122
69.59167483300105
70.94854282513283
71.27779686247935
69.8291622054803
66.10097024719289
59.52255388776365
56.397380115720836
65.26053587845175
69.9521014121645
70.5336017727883
67.77678409690164
61.96534254589903
53.70993543925073
60.512260967148904
68.24973677190144
71.57414965997913
71.7223375830755
69.75005453761729
65.50709142598058
57.9002717391564
45.9873565911479
36.98867399026146
37.525062343676645
37.0696100496223
35.379162740381226
32.364893037063375
29.08345100930152
27.43309107504016
30.52943046133707
49.81667373530871
63.03862998689948
71.04735564622796
75.12928096901219
76.17959942192408
75.3359418030906
73.29343927306873
69.54345837842374
63.464351215940525
57.14219283793733
58.35355300790987
58.14995715381568
54.67210063567711
50.481534077721804
46.50518340674114
44.62630890450072
51.11176066606398
55.423502921374265
56.32923310953654
54.26664658356293
49.24377095595433
41.258142264910305
50.06240659157611
60.14301093723192
65.27277369470846
66.72899331138349
66.60883918832982
66.51247960889111
65.7337967081824
64.2161171112851
62.453734059883665
59.831428565218005
56.44296473037171
57.367167334789414
58.80963608421246
57.02626519427863
54.17018573856225
57.47694156116787
61.69603699014687
61.87953785409895
62.982016732788615
70.51004737374143
74.66226266905944
75.51216777117871
74.35454241127306
72.7889357365638
71.37378704858264
70.10360099725956
69.70840614066229
70.36626447566877
71.34099643867575
71.21596033406613
68.79192293562986
62.97263042136652
57.612656308460515
66.5103770590839
71.50893421434009
72.32286096329428
70.07905322179057
65.15753281216456
56.725157973624086
54.34181685658453
64.62911809336154
70.12340174951619
71.72955786109382
71.233544692066
69.77520679764632
66.4277989662574
59.897982810110875
49.097529104821206
37.0007805988781
38.53467955778868
39.86457925359881
40.3134478162545
39.52690260559806
36.73941446941312
32.65985997357563
29.695637258072747
33.19490534021722
50.34363304864422
62.25622403898819
69.15051527835695
72.43703122170439
73.30191486458278
72.42535079005722
69.45232253049869
63.553480753437995
57.615196140572806
56.43494575527705
53.87034792619717
52.721332079341565
51.07123015822666
46.427940732469054
44.3397923528633
50.93048319572786
55.1813044598331
56.18417443566565
54.799482934907786
51.489235449425344
45.219580437954505
45.521080479808056
55.80667080376473
62.3843478106155
65.24743167986475
65.24758582858192
64.11740459581928
63.37346986716062
62.5683225119337
60.79507530626778
57.78308890013154
57.10372553008647
57.293343833022654
54.66122900006588
50.95399668299616
54.52748001510496
60.06086025958599
61.20986434413573
57.484336206674314
58.20844883855791
66.66595307673391
70.96021934572991
72.11139040517321
71.74676296585457
71.47376280882868
71.31327304074833
70.62193864183168
69.82600151348224
69.60891285158975
69.87216813000413
69.65579420006164
67.02534008794038
60.51069452265473
56.095342077041536
64.58896161611713
68.81181819341605
68.86076042337463
65.60617350084414
59.754259404879804
51.40135312349973
53.85323024776385
63.11894991629273
67.58259636056741
68.4894538507095
67.36129951353236
64.74753663565562
59.87756681260427
51.816432812980096
40.201003535504
30.676127281570793
32.63055088539021
35.0574061910237
35.82655858944777
34.97421987575546
32.86357662974389
29.936644939049476
31.408569399599333
48.30431573663492
61.36871759852009
69.26514034807603
73.3317043462166
74.72738898931911
74.14360594871432
71.6037655661879
66.61454359419766
59.86101443191692
59.9447254207186
60.159678047405734
57.38483037778532
53.7404164057067
50.08229854941676
45.232188432292105
49.817969281675836
56.49004979075079
59.19740341294109
58.22410648379021
54.31076373559048
47.793770165555514
38.242652892433306
47.34848506371399
58.89104832967051
65.52615847215745
68.41974417189138
68.85064076917202
68.0858193100698
66.8281571689688
65.06859485192027
61.94940703667026
57.09569830231164
55.31198642470399
54.637972011633806
51.04361579381755
48.60663355295948
53.980151979648824
57.34612946887001
56.0029202141401
54.057474077073486
63.63534657438954
69.45911042096783
71.41747088189503
71.13984370114468
70.19814014758762
69.34574035758972
68.77721792532618
68.28535769514535
68.37596460142217
69.19821092444296
69.74806508016266
68.99235684010978
65.83062488639642
59.08824720555784
57.24035227955924
68.1337927766153
73.95782049890721
75.43545671547636
73.18209117181762
67.35366361993654
57.54555396627065
53.89163639844632
62.70737964509262
67.02882417226593
67.17887592992321
64.13177897043242
59.464113184239395
54.03135460256277
46.698672929979246
37.11381867815088
29.962860405070614
28.165264166547264
30.711104085622047
33.85469146506714
35.22861004382675
34.39490311137478
32.0174648972434
29.877070297148908
39.743836610161615
55.48557007203944
65.26056641058123
70.40092595129582
72.03599343168784
71.34847894375226
69.53689671560872
66.86511728896623
62.45454430503671
58.89001259908855
60.79521475028162
59.89278885655424
55.205767132937815
50.70206501625908
47.378140928152305
42.40149047459725
47.31177476338907
53.23644865041838
55.29125625958389
54.145858465824325
50.7558328113944
44.998376735777185
38.14308366037142
50.82074206710899
60.81129722772196
66.02900774889562
67.93881047046996
68.08519158257799
67.23924299937538
65.57652572661442
63.14292241942593
59.08736813714333
53.196682580647554
49.22588687320535
47.738454956006024
45.857151960894136
48.40945820288688
54.492864868894024
56.7099179818117
54.26981682766086
56.57788324832091
64.18424880351617
67.8657698443859
68.76830213916813
68.59998015938001
68.50089157217707
68.45514253676141
68.15337146757346
67.72595186067252
66.75968223545385
64.5792869389002
61.74764566130814
61.43172012444458
61.85553366171861
58.84865260018876
51.15447528506528
51.734506113231504
61.362540655393936
66.2692477103693
67.14423713560875
64.62970755129003
58.78306481667241
53.431742311914874
61.568194368798245
66.47234122398628
67.26651667685866
64.94963808171488
60.212926686412935
52.88917082062681
42.25630722408936
32.015598443369015
34.735836641830986
38.35111866632314
39.925092530354334
39.29165091214573
37.18912234013795
34.27475029468709
30.992457045158616
33.681661600466484
51.46506057032507
64.22691333882491
71.92926077561154
75.74033459992359
76.53625869883605
75.07552372642083
71.56817740119496
65.32207399765827
57.769250764110886
55.76075276103538
53.30779585223908
50.119991927802786
45.58845340699234
45.43629286942412
52.655695840024485
56.422389545835756
56.48767722945586
53.47275312433071
48.33425020555052
46.971993994801196
52.351620761972875
59.99163170880843
64.68997936159636
66.196676090949
65.87500546345514
64.88884280239333
62.88383734456172
59.002156079643214
56.417610403030984
56.070690197804566
58.11954918941983
61.23276456614839
60.631358890820415
56.73525514603476
63.95578811537068
70.74195615623968
73.51489373610282
73.82595311185737
73.20500589851594
72.03177433167784
70.7440466787778
70.19276312951223
70.52651243482848
70.60528852506609
68.88800678112382
64.15419944173843
55.16694885413023
45.48666270397937
55.35270887172159
62.945859602975595
66.40038485980237
66.41318973974343
62.91455556920504
55.66101875669912
55.26356937629988
63.32771629694271
66.7465901055601
65.76078374026923
61.14378692928294
53.62037260116555
42.948361169667905
35.33503612809261
35.9633141910253
35.21173913442464
33.25710540510426
30.80513767305434
28.66496826593305
40.156732737878414
56.69181428147524
66.70495576514645
71.7868855340147
73.24802135789221
72.50234777008336
70.3141843720992
65.79053077143412
59.111402748132626
55.7552468373322
53.14393125798844
50.11860784106979
46.02815061491344
48.93403752966119
56.233241426151196
59.33135446923114
58.193371162945404
52.869635725810426
45.43908846927316
52.32993231710709
61.92013850886212
67.28945774986558
69.33670601533031
69.62650935732457
69.05621092388239
67.63575351448043
64.76242120846626
60.27041620037969
58.20534896891879
56.8849218221697
53.108543619076045
50.32716555111699
50.604606544137745
49.23809747529034
52.7530539250916
64.40017438296837
71.07061380667757
73.95193266970883
74.365348308736
73.49559464093576
72.49097809850406
72.28772950672045
72.2928161226431
72.00645258125023
71.60091138154627
70.05532449563171
65.59443724570252
57.00596099085455
54.97870796672164
60.35942583969312
61.8493845726739
59.78973673310933
54.5862002039744
48.636897797029626
54.97650646803563
62.23894087624983
65.19736439638483
64.6601121611091
61.08970057439343
53.94763484644595
42.2129869074357
32.20281735269409
34.463176359925725
35.618126290315246
34.888385995351186
32.8945533324097
31.27565011364169
35.35517205447365
52.61861960255479
64.11069260406445
70.54482276714163
73.16175970658561
72.97943640920539
70.93024438723579
67.23637778427383
61.61884540291701
59.36640640776914
59.87891846311597
57.34977892202215
53.48302586341291
49.94374567912782
47.83496250745506
52.83397494661496
56.4753271751045
57.12201982237805
54.98679043427117
49.85421212364922
48.10886426557108
60.62592902621043
68.48487383767579
72.0161529744398
72.40606917249329
71.10112865511091
69.19656751418057
66.36014395518194
61.51909163853219
55.66340093695626
53.784282254286325
51.60770552618101
51.19223641185776
56.361464746234724
58.56500364704609
56.86286839163442
62.4702093920072
69.43457353193689
72.71455970059749
73.5295346225434
73.08251197254901
72.23226948858834
71.22939379757403
70.73955857809912
71.5787145401487
71.8560727175598
70.12297023835025
65.5505834804718
59.148331683286926
63.50222653925478
66.46973555766947
64.77861312142284
59.09057996062519
51.1721107930714
46.199546081130975
55.69134539971596
62.30504338395946
65.26080070546706
65.67021985187797
63.45378979788248
57.858408208164704
48.60024491093127
36.96069289026066
31.259116252634055
34.016977723312074
35.03772741973251
34.00325598944096
31.895399992472505
29.535015491463867
27.943956352409227
42.45081579400068
58.558159419421315
68.41813732786275
73.94307349738402
76.31247658194188
76.27171265131507
74.21882248833315
70.0851863029625
63.29357685073021
58.52318570393059
58.69864033686924
56.13849308304835
52.111054333946186
47.553371501502745
48.48798612145458
55.21533504706223
58.030712558045906
56.967154417302595
52.5808859054096
45.04423824990737
45.91984645719755
57.00459906105647
63.32606340562325
66.1046054812725
67.0319752713686
66.96237350719855
65.94307064324896
64.31243823914493
61.28578208822793
56.40725557419078
54.52511334260508
53.88207469020476
51.765081657631065
54.49712946686678
58.22825203138073
58.436543314349095
63.16510344553664
69.44673381907482
71.80272659507824
71.3948678966911
69.90414608674624
68.63814237727786
68.17506085250838
68.21623960878598
68.77806962372442
68.96783614253776
67.1435771880326
62.170362108590176
53.216403744833805
52.91707123091609
60.650686364261915
63.88443927293657
62.91549289974736
57.853375305350035
49.87206976213205
55.746714094338536
62.49899703751815
64.64990702159975
62.963686744921894
58.14779860387301
50.21327172687458
38.70265737414811
32.99898480779909
35.51516996905881
37.26840385314456
37.53907696917832
35.98474862538167
33.09722026602449
30.055512640596234
38.10377170382975
53.40295025617528
63.32609413668869
68.75726056853182
71.00458317024769
71.34826069800246
70.44259354443291
67.67120743407463
62.39878008659204
59.65488574839505
59.25691694349471
55.66331042142542
51.28455591183431
48.50943332896318
45.82240529897739
49.91231168639452
53.91078761577433
54.83915130330609
52.481625040408716
46.49053233423503
46.55814966166904
57.9112297774048
64.2787414311722
66.69931505265896
66.64964913542788
65.58689982586057
64.26075401629507
62.25554080807636
58.877552749909384
57.56046764032856
57.43180595588578
54.21755409341983
49.509429355078176
51.27480205910045
54.29397797422218
53.05039745437199
55.55435515361193
64.84635307581732
69.77743975830327
71.36310616875821
71.04211784092584
70.20460352334621
69.68092237708491
69.38796150160131
69.42665884583383
69.32303752579718
67.34327411426192
62.176407898150316
52.944488522448424
45.33390943374766
54.31166591558296
59.501694976068784
60.61780439227317
58.500734668309526
53.172192649033995
45.950530950778045
53.31197126644183
60.367921576125944
63.03109310584043
62.01262745532727
57.86413898259147
50.54889942876039
39.40805971969215
33.891341336366054
36.623971855073364
37.984947746378054
38.29460035019601
37.205476907919405
34.50049132645084
31.38796702503498
30.039612740354013
42.72614165569926
59.1228682949629
69.22961901554405
74.69325138702467
76.47418441060664
75.58524994627602
73.23888518824933
69.31678359403013
64.18730124912534
63.68247574147949
62.208245221286724
56.98411629940732
51.17385417325298
47.18552636801388
52.1015667364274
58.5274586705339
60.853839512500095
59.24501381354358
54.10735498802999
46.907097113442944
51.44932241758517
64.53063829396304
72.44304541003571
76.227519155695
76.97576210968086
75.78045707084999
73.15122306433767
68.40874306389827
63.49566690723371
64.06233626094941
62.42996331860909
58.775605946827405
65.73774597398071
71.66793530580117
74.43248393203545
74.7596037952641
73.50969074555584
71.27613694511889
67.15273815277517
62.273661267872
65.62507033261109
67.0075793039037
64.07342356865998
56.82772942390492
54.340601774213084
62.68927438550753
66.36435308236241
65.67978110416468
61.02614432718034
52.416135637054786
40.377878896586054
35.56645648511185
35.70928799578455
34.92680756280534
32.979953227641964
30.11016011969405
27.806195199696084
41.93286872458587
58.47856520682619
68.52683616822159
74.04078879412278
76.23177068712542
76.1013984484565
74.27437501136059
70.4422039707802
65.09247336791214
63.01658776584156
60.312257919805
54.445992887896224
49.01579265767603
49.933808070813726
56.55127606785484
59.65792449965786
58.745438223333764
54.376304748431785
50.12479343458249
56.23891588761047
63.3448759495294
67.22492063614811
69.03706342227102
69.37020412164694
68.07216355911068
65.41673828662822
61.90689322999092
58.0088487234509
60.030129437328554
61.71379175860408
60.73108615970583
66.96030315460425
71.9497997185758
73.23980930244568
72.24574810824996
70.58057739788067
69.52514706932239
69.45058291106672
68.68580344918607
65.65935443375551
59.39642937627116
56.03847353663835
63.515362496047025
67.1684767803865
66.96584846253072
63.10171923711494
55.17236388565717
46.42881085814796
53.88398071550954
59.22172011316843
60.30327419997973
57.76137687070367
52.09773370652023
43.557088796006866
33.89989350323368
30.596419789466182
32.99474480241147
34.00906405067474
33.291155898768224
31.019231120015146
27.964339691908396
33.62765063824123
51.13231120586049
62.71464033354741
69.35276659617516
72.43423798679983
73.18813266138206
72.31947885667023
69.42399322657532
63.64273194543188
55.70587032943804
52.390279794837866
50.56316700246731
47.005629112959625
48.58861848539742
54.7910767689979
57.05340668440296
55.49307151477259
50.65957455234575
45.69955459701794
58.15757549869129
67.03742890953903
71.2955679325208
72.19695388231534
71.5055948583368
71.01934948584282
69.92148684774448
66.79705993403373
62.43122838557234
59.942159785625066
56.62413391291177
56.061147932266515
58.93243967154845
58.20825317200766
61.387293612512075
69.46385797510986
73.55199852197778
74.55147846080473
73.90222769569914
73.04099187827866
72.46212252573638
71.5615991751384
68.82144897199746
62.65042949799081
58.95137283881921
64.40670599828255
65.69164982946732
62.54325978451348
55.15096360682334
46.58270265401279
55.77172159987001
62.64148044020709
65.34944164939587
64.69805276225623
60.97545574253719
53.893898062469546
43.06897387303681
32.916413905748854
34.09095300468855
35.37084614385152
35.23873717089775
33.647663569812025
30.973293580744922
31.331428128969208
46.33058804252741
59.834174160051944
68.08669640081057
72.19324181082315
73.15266313594152
71.59356324928476
67.36037940868307
60.92450198403882
59.00397622575993
57.231218909773
52.61456330792352
47.65639801180343
46.28717688248375
52.01648984692771
55.53235692290677
55.65274764701023
52.45823272628735
45.64946315292775
48.110863601426466
58.44408201732601
63.88632769242505
65.73478412507525
66.57446872018835
67.72731673400344
67.32008654631045
64.10274449350987
59.63185520996349
60.357354687078775
60.04383043424008
56.21912896690007
55.05177145578113
57.66520236770825
57.10559002234709
62.79458325367297
69.8675505617797
72.9678345432715
73.3347196701522
72.36446271540348
70.96629016393071
70.25042594085001
70.62352427625118
69.91043060901815
66.17266268705643
58.362121238256854
55.92832231053067
61.299923218944556
62.83025331691634
60.72968370632313
54.93530664770894
48.91398618326001
56.16958611682453
61.08537100187689
62.06136882785577
59.894826077249775
54.703001951320395
46.04824001880584
36.00394832723608
36.634027301472535
38.9061735841894
39.14958569971563
38.16112726860525
35.89579197705905
32.75794148576987
30.76176039961959
40.64485394352691
56.4505658849225
66.46967639193183
72.16040779961821
74.45000371293611
73.81758878432578
70.47323310688198
64.17755797340105
57.79810623751785
57.54237239602744
55.247510582165646
50.392261501033005
48.18925687829049
54.30408539516228
57.89503486530649
57.97588919423613
54.92239994305268
48.484519372824835
43.72229704835729
57.30285687094674
66.27411715013503
70.690912089193
71.92088552227379
71.69203415100087
70.86631337907622
68.83314642377691
65.05354093829484
61.65966986707339
60.608777669047306
57.49887167182783
58.55668322996193
62.511620673666066
63.15765468395572
66.82711891967122
72.14460158013681
74.4478480376377
74.36413898762228
72.89448124903522
71.14337460175682
70.10908754942994
69.96110393034604
69.29013232389602
66.46432916638175
60.41638875876053
55.29740048486683
61.66930517014023
64.69623656926105
63.74680755270884
59.06532778579722
50.502961670535285
47.459152309050516
52.5816091131029
54.41641648334304
52.735044269017834
47.79510678898575
39.86162232781159
31.533678512742576
32.17420454649132
35.304282479627
37.63507057830524
38.1552110172172
36.91530513411617
34.190705647755784
30.75845438746669
28.02881905130381
28.31470505443535
44.799395290497216
58.64524563350052
66.76355752350587
70.47272465801967
70.91976334977657
69.70319237806939
68.17945464140385
65.42357298409672
60.05052225014374
58.433347630803766
60.40576491351159
58.31691209122661
51.871847040013925
44.12476396976487
40.56674823307796
40.84675617068079
47.08986942041416
52.00878710998694
53.91668309753744
52.686530604856486
48.731336853170205
42.567087439846915
34.33446301162691
28.811092478813414
38.986486891805924
52.96458174385368
61.552435398712255
65.8467247746894
67.02753688606433
66.32687372992992
65.50563246513745
65.6357904228027
65.45438272096975
64.04592095441741
61.394361909507545
57.31213756815358
51.37380851277409
46.57724685024814
43.322092745007524
37.04340876721534
36.41271853558314
40.8029774914148
43.62103114153078
44.74310123841836
48.358347811935985
53.57798509226076
54.79517302709556
51.06892632355783
44.40458446273743
52.57559310432092
58.50525128379756
61.01095403860583
62.216531578930294
62.485939874749725
62.01487236055784
61.65171922960112
61.48731060670336
61.06244403528894
59.38130200676568
56.27183955060992
53.45012291985511
54.71527727723747
61.12809095040225
65.96260632529118
67.17620681918884
64.41577789200306
57.31171253795186
45.38681581447209
35.67856809783489
44.22007580104487
54.53452424387936
60.19485304780108
61.66756534653109
60.361791432350095
58.34657471360913
56.82304964889697
57.644749565017115
57.70132867806317
61.54858776835609
65.1429647969385
65.11761391769772
61.95160605218976
55.87630925763126
46.596278504079635
36.27875315014803
30.92268455120366
27.575836386615823
26.753352249021496
26.850905375812467
27.114438671229628
27.38822358353265
27.837156968692206
28.759822440191122
28.88382225289593
28.87087182635409
30.635362309184103
32.22349166014205
32.96674900652831
32.37324201183805
31.369214206058736
44.12038913847705
58.69466366909699
67.61811498139761
72.0740806639023
72.94508042352825
71.86423079284222
71.0907496694762
69.87309820894757
66.72878749605204
61.26642414362487
55.6417740544903
57.45353964045043
57.711570514740664
54.405273370768754
50.395376628760715
46.57815931652047
41.07205151305038
43.74639365535815
49.66666604794742
52.46853811334694
52.49568644915279
50.767728667630664
47.788048866227825
41.959277425227405
32.76172997688129
45.576022907102995
58.307227863978504
65.40979466704906
68.41966110562723
68.4419167670323
66.95425736920323
66.02992958514953
65.7848765844684
65.18051847047339
63.7315666536398
60.57832988000258
54.756974466601164
46.18990949164694
40.946679377326205
44.566876117726466
48.6255319557897
48.801810926726006
46.68404996859806
46.4897251893462
48.087211413473526
52.51252196041054
55.68612520858194
54.63303470194547
48.96908435430299
55.15855748797135
64.95147639973936
69.77376157282482
71.08301273563126
70.44189954568122
69.39052187841341
68.54327259609075
67.76652653172114
66.80349591781257
64.82702796800703
62.25813832968833
63.06410677377595
64.88670667469042
64.1491818615588
59.82768616798461
51.365644658539715
39.367621237888216
40.206796279111316
51.63283454854668
58.99800185419156
62.254428295663224
62.12571238966845
58.96642600243563
52.55421514162711
43.99515710848711
43.92666291932002
53.16424957446906
58.52933991082074
59.70997178848836
58.35088588973122
57.238563435640444
56.00295289323826
52.05617699048741
44.14533005304119
33.19308269735752
30.381294691498898
33.725837470462864
36.436200545231564
39.12121817647531
42.85706905120211
44.376603232951226
42.340027735849326
39.15636677459986
37.54223086133471
36.45509377141536
35.05496602498846
33.44375241202226
33.51762806187185
34.42423388305872
42.09507862353105
55.907647420473666
64.50315128611214
69.05174367054484
70.69890712396588
70.6504874263642
69.98569980033098
68.84890158562818
66.21349890065352
61.301141398366035
58.815199980075064
60.99284902097403
59.660976212782685
54.50002849736394
49.048899049283996
44.961041740873455
39.1088701696346
36.710512695511795
46.85946172874253
54.18723333365665
57.74164673575116
57.92497463815658
55.05115516772613
49.25768080096036
40.513130211075826
49.50799112959469
60.76072949979799
66.53373588778779
68.19942127922127
67.10632982220007
65.41279641075096
65.17779756312557
65.06199943852725
63.69284766232215
61.3474974775282
57.85356899099084
53.2386656319034
51.62234828961438
52.208897336909104
50.827329042130444
46.0265329767865
41.40217529477574
42.76531340161084
46.442283234791134
49.18348413481159
47.78886229618045
42.8205337301744
52.20576988213921
60.875364633266
65.20303029125707
66.83224671873853
67.25981574601923
66.98033801797361
66.2385405729443
65.80245117908231
65.02846484721113
63.25508600204784
60.78892763845367
59.441184837270804
59.902637912653276
58.6590641802698
55.73742916787025
52.10986911732665
46.37434766749308
38.42766549035056
40.1776157955096
52.840546781969444
60.264451280754436
63.42152024679736
63.16162687002461
59.69510059774359
52.47034087423678
42.13037360811461
44.697189694370024
54.65417674937442
59.850269104120706
60.93573660750036
58.72216562273162
54.588107294170676
51.2921273426059
48.055341996105206
42.74873851559239
35.392584853094505
28.636723770517442
27.549462246652116
30.117440529318916
32.936556502638766
34.81109383467436
36.14945785495152
36.335658832932495
34.99845754114751
33.75524224649892
32.70035511689767
30.641708062385405
28.612093931066156
27.701385644094813
38.00266427597049
53.991543484767476
63.45011818589754
68.2086464989589
69.82945081357892
69.7743434760819
68.87700732335298
67.2306993161118
64.23951440383553
59.15311232654875
57.43200798767194
59.969164768452345
58.77834857312482
53.45810557536985
47.22063406058287
43.597508160925926
40.00351770832304
44.883559822377734
50.46729709150577
52.873591017581695
52.6896892340494
50.43697073548132
45.55148397303241
37.00734402062953
29.629501433420778
41.23211636274306
51.58188690101159
57.889277643083794
60.92843787216874
61.888793228912576
61.7769255944429
61.248579502071095
60.99552049624586
61.02262042230946
60.34119660946697
57.53541857312685
53.46497439472604
53.05634652348168
52.25449821158793
50.11143995063144
49.28306141365418
47.09494145151002
43.4994487268975
46.31324896573065
53.18730479460231
56.21290947063757
54.34806543348198
53.441841222571654
63.63890908731224
69.44854226461767
71.36972048108484
71.4430191926981
71.64956320987973
71.66317580767644
70.574027695346
68.11882358905544
65.02173244610208
63.47722927470773
63.60243700275872
62.88148379067267
60.32750234724033
55.1700804124245
46.19587783583291
38.288312096070506
50.31850268534395
57.825594307363815
60.880087265599876
60.758043161756845
58.3130564372305
53.2602390822888
45.74878150997865
40.658072293942034
47.155628323390374
57.1020613160878
61.849188194552376
62.463984237463904
60.71326904530668
58.40842340969413
54.8049696007486
48.689143836580485
40.383330281656015
32.1271170398014
27.184306756967782
28.060305968959426
31.20508459135973
33.95700306050473
35.36499833659906
35.448558873670024
34.50115702788839
32.456750809159345
29.951216843462454
28.044784187793226
26.58016293363909
25.968949344888944
26.453000394955165
35.626069675460634
48.59368353158382
57.63495600033096
62.886369100897525
65.31776917202842
65.84773591448513
64.822925752302
62.132563204736435
57.36568609588933
54.23679936335262
56.29677793597278
55.280267544104234
51.058681028410135
47.461911618525335
44.528523849474894
39.41898347324201
32.79962669422539
35.32893664170662
42.402910062574016
46.20220158739757
47.783918734215376
47.85306262965452
46.02775656604357
41.2944952708682
35.10402272316882
47.24839262417761
58.243329627276964
64.47620428642038
66.6833557386323
66.01696439888457
64.44889639864584
63.2607394891344
61.95954271168807
60.76688335622076
59.1043637049916
54.849790983053154
47.57646585177913
44.40242035085171
48.5874781891119
50.175068524806306
47.71548304893426
43.584200145888516
43.74845133922424
48.57446398374251
51.34333157277814
49.614589018475556
45.08553070896607
57.29437945126675
66.68297279700579
71.48498370020265
72.77928349401958
71.60181899966624
69.80815082092023
68.83651639877917
68.27132902758166
66.52596261435915
62.57006163426057
57.13161190288233
53.3448042617387
56.124833242110626
58.028050271045856
55.5956968452939
48.3040805625607
39.910514458391035
46.671789631563456
56.34065160081114
61.68704141123429
62.904598043315815
60.06117597518862
52.74712311715754
43.99233835010389
50.566296493690245
56.32364285018451
58.16127488848387
56.95395973195752
54.341250881715254
50.45230797798528
43.69472794370215
34.26827221081466
29.345263529001244
32.141973967659176
34.34855239252885
35.59355874135909
36.48969169401734
36.763649841851404
36.05457982924402
35.02110210475951
34.35542906892948
33.33366079806598
31.222097153015227
28.944840481449454
33.32820428986043
41.75012210313571
52.59021754306164
64.24619535990235
71.47752986340629
74.75310048422546
74.98897692208973
73.01419062682528
69.07115816244523
64.10013099496678
63.03529197540872
60.9842266065815
55.81872819223256
51.005577553437305
46.672112924559855
43.77040121386937
50.014302268250496
55.70665867246446
58.01221455098095
57.03235284588067
52.60915896195925
46.53953973944115
56.67468909948295
65.06086754844293
68.78271518823571
69.00906468229312
67.8522132855265
66.96346280657755
64.95325761315492
60.46121687545191
56.071459496476876
55.29987643519098
52.343415448855936
48.87258749742119
53.38446189917598
58.00830364124796
58.24458538145194
57.012263666810426
65.07245306854703
69.99916305675635
70.64769035914031
68.95871201445696
67.9957579408198
67.39180148137736
66.3053500362772
65.30856254817249
65.13932543249359
65.2251456216053
63.5207668889377
58.47457479494714
54.45677535613199
59.61295000655943
63.74059095674333
64.69090691359477
62.516708832599974
57.09323210906045
50.101703258951424
57.20689878531115
62.586879674162844
63.88668738666779
61.973474541028004
57.49791023896219
50.46419458035616
41.14475263868463
33.19043464885455
34.17056944557147
37.17645740064093
37.24324125448233
35.18760078954239
32.3985013367909
29.36650351750417
27.6256220697912
42.31299566084013
57.403738795816174
66.04167866923909
70.17223864019744
71.17072248776032
70.47044105209108
68.96667409220504
66.15722852961564
61.290199565671614
59.97193054025206
61.0106644560819
58.199687997742195
52.350695397262726
47.85147474011958
44.66186218011457
48.90348593714311
54.96782069001753
57.52633872368715
56.594921502171395
52.31258754874332
44.55500700583484
50.48803343379841
62.020438383013364
67.90552018125663
69.58735515853816
68.90654715481465
68.03210022384722
66.91554513348672
65.13006864134476
62.053415802436675
57.05659711370741
54.919964993864156
55.60834886079934
53.34565055148252
49.03143526141164
52.52777510571746
58.79611720905385
60.49961463186423
58.24796954648928
64.32978742054617
70.94545380717902
73.69738305758551
73.69447346282894
72.11725781985503
70.05974496284676
68.64956968471989
69.09312379761761
69.88630740527904
68.83754185705959
64.53569046995284
56.26710506755415
57.22314937924479
62.047038540350314
63.03068994226013
60.59670246927837
54.62811381435782
47.477175875531
55.23008913986242
61.22288217610357
63.094919317028285
61.56789298710643
57.130456158357646
50.165908562700835
42.12639405492809
33.965461502889966
31.488598500999395
34.25754719782892
35.32882584048335
34.86774189105349
33.55688477917974
31.393676341173013
28.504240578238097
28.739715161773315
43.043880493487464
54.54419271328486
61.93032280486012
65.5396216818719
65.8846886946908
63.96759582915708
61.52068585762744
58.53810029339466
53.12448163704987
51.68992226258496
53.508610936676135
51.762077345828466
47.91581058128586
44.89003561853333
41.005454250885045
42.40744865043901
50.84646915722102
55.96356271227721
57.352027070439455
55.25853805302383
49.69473781875603
44.73319360606217
55.81294701395735
62.74391042308644
65.34076322875607
65.00165746625368
63.80514743298163
63.19966587616023
62.45887087240441
60.04544572663867
55.02748940432872
50.92599379005702
50.41649277767383
47.948826741752484
44.86752805760112
48.422100776009216
55.789231764308894
59.73717856887362
58.99843723404818
59.46322789414313
66.06199959721376
69.05210680535805
69.32974608982933
69.49810224830198
69.81517043142658
69.43575252679663
68.83475929928822
68.20523439932488
66.34563432182861
61.525031003279665
53.27031794967703
56.96680619980086
61.932084240713664
62.77269305938263
60.25894454890728
54.77918013472606
46.75985891887308
49.77325817865133
58.82462397002008
63.31853164173032
63.79793539209321
60.92956579380997
55.228931074710275
46.984861601303294
37.168048268165016
32.91182501780576
37.05005263691377
39.22265932544933
39.17381211499897
37.93826075795596
35.66756328702442
31.844615397569243
28.099785729145683
28.660940986023903
40.036288636108644
51.58224798721658
60.223700434902334
65.20960128341943
66.93936747581923
66.334418839223
64.20976189112169
60.01557039313277
53.44475127551224
50.37439941463254
48.549989033375994
45.9896471966091
43.009282761740614
43.77181519788829
51.43956755716704
56.31872633794575
57.72465876992442
55.82613735139962
50.53237255306938
41.55983708865135
49.84872053163371
61.240454987302606
67.03158079343973
68.5198318480649
67.14395340459737
65.33764486336638
64.52659046421813
63.455186270088085
60.89959033138286
56.16603754882861
52.18302840525068
51.395848807492
48.87517821153625
43.734868152501875
38.93519457206084
44.73883140761555
51.47901437958816
53.63955890117963
52.456266097479855
60.152132997670165
66.95009659778197
69.67821222687077
69.47833774640688
67.55734267433456
65.31038761243507
64.17793374165045
64.0662658509743
63.34189365554443
60.41401492466868
54.14157641468428
56.33753123622114
62.28240205075052
63.96454461694
61.68326685233713
55.498350416448964
46.41878991296879
47.53277050938734
55.114846114211375
58.86715817558209
58.88761733837042
55.73862624510262
50.036097885369664
43.1943352257055
36.94151457448615
34.2863527652688
36.66841719461188
37.441342295278595
36.83519598303975
36.27691957708049
34.43942851902929
31.184458638387326
28.328306051274694
30.767009512269333
47.19843453060307
59.776570128326924
67.18649029179159
70.60133638053476
71.03651043902373
69.58204973860542
67.25226046616756
63.71971977205409
58.32536792024757
54.73766993828334
51.8147281205766
48.29940218961397
45.964772204498374
43.225639018395285
48.97713210815202
54.721200927571516
56.69545437344673
54.86961434368085
49.27807871185114
40.588553063221
49.25505754051078
58.852053062373656
63.65267396038182
65.26781683057018
65.14022486450526
63.87481785946918
62.189019514013026
60.52435363299467
57.444220329809774
52.355933702343656
50.63650991937653
50.867681615774416
48.49093132090145
46.73741265885621
51.4149418398671
55.72439009674344
56.66831949115942
62.57369682310339
68.87139380775099
71.02804153011529
70.1580750045595
68.31062418329185
66.58826655265789
65.02535702125714
64.35322363998212
63.51758298528361
60.419723635528506
53.741381678441435
50.97051444847446
57.57415108200632
60.419105618980076
59.774252783122975
55.85167075021129
48.455275803577294
42.25958717546529
51.297441748762644
58.70394571669979
62.1520494750809
62.378413248337374
59.665370183285745
53.670825903716626
43.90253784592347
34.483580668454714
36.83679133063821
39.25565766754136
40.21889105947259
40.103960755330235
39.2349655721678
37.87896264619191
35.84916776782369
33.33522585686378
31.162538860115447
45.60125406485205
60.96561258193394
70.49726060843486
75.59598394925455
77.27263738119629
76.79442556446082
75.4453260732054
72.4609232406615
67.8781040337948
66.25302619031315
63.53948969805185
57.59319702218731
51.30364666838688
49.30262475793627
54.99327198823812
59.17649270052452
60.072485739944284
57.23920196061087
51.12206204953707
54.71545996953335
64.73618529608947
70.84017831510992
73.58014909897466
74.09329908116635
73.35084613089317
71.38227825121606
67.36286234699429
61.16327133594889
57.35251157254173
56.825238217838326
60.52705422439178
62.340561356899016
60.5465240600134
65.53111717689454
70.88982094635114
72.8603189720185
72.92679722569244
72.02397273844692
71.05207401555299
71.29808115210301
71.9641742751313
71.06451336701603
67.0320831621927
59.548301887965415
61.63510778232662
65.87266387501755
66.54058425149674
64.0184551154697
57.93843427108804
50.68861022728005
59.65410100702151
66.06814558651033
67.92292835624052
65.85903938222806
60.129512150793744
50.42884132002875
37.251865590612546
35.44410451043981
37.15829237522744
36.59181728145592
34.55328582339641
34.6425736005646
39.17052936142125
55.9671386602338
67.34517825646188
73.75962541922124
76.23787295236001
75.44069892833208
72.03711754589114
66.50533080071118
59.860226744309244
57.11589148459061
54.744874550656384
50.197512848921434
45.23456871044271
50.24446705272106
56.87126270866103
60.14876995399854
60.023112192670354
56.42476333384948
49.15988691842437
48.777950846560174
59.17587103022045
66.37270459195847
70.0444381446788
71.29255060788066
71.0496093189351
69.36882408653909
65.8827252038211
60.53583674104192
57.37596739130485
56.52938665680219
55.05372253172759
59.218774404918534
61.638135210954665
59.6511412345632
62.66415658903048
69.05912817962704
71.50699679918273
71.27816300452925
70.09185478479577
68.87318110563656
67.99317190647152
67.49578640308273
65.90251511468505
61.33369240119312
53.02822694575508
55.426767275815735
61.38065322624806
62.86621651595902
60.366295832848124
54.162246854198855
47.25456045265045
55.58759486025739
62.62015116729738
65.08801840253581
63.543872130308124
58.18153910117231
48.78543651393904
35.69287552802798
32.68426242003753
34.857510457345576
35.34667273419934
34.155110846787764
31.541356244856786
28.41435706306236
26.420153810561956
38.30507053032229
54.8821867563708
65.00257917369511
70.22204599264958
71.82682190074017
71.2394383695213
69.19557435199008
64.75321465138426
59.176601888373526
59.54468700555135
58.71672256595094
54.9324713732457
49.742247427356205
51.58060738360806
57.21776170802724
59.23338750155618
57.81433553817547
53.04411543698153
47.39082152751887
59.070233320512955
67.51179928001045
71.43982655962924
72.09144398305264
71.15007915609748
70.02998724149838
68.47261612515312
65.65189470551718
60.777064297493794
57.470358193928575
57.75448229610226
55.90539056242518
56.82269120003354
59.87551100299936
59.31349587728579
61.644956426384795
68.03469333734049
70.9155481501856
71.1678609822651
70.32006823693178
69.34874678978407
68.73507954464242
67.47083361379093
63.37885507952454
57.63100799475819
62.93116114648787
66.36068426566395
65.7567413058569
61.48288059683079
53.48137723174958
45.92901511171139
55.43815856733385
62.34671341602528
64.91521524382608
63.997522851061824
59.97486372509475
52.6218267548596
41.58155383841621
32.42171387643391
34.92382754412287
37.27457869761892
37.359794449058484
35.81219597527002
33.31077163168757
30.09632960252286
45.63435051707499
60.44807255497487
69.06290071954676
73.15120723220599
73.79900756115787
71.98412624249114
68.18174620169651
61.92816559372628
56.94154729995791
58.14155850508512
56.44103921404852
51.910401002931785
46.95160424217047
47.69543428055116
53.52597635542692
55.77672364543395
54.32434730183549
49.255570615850274
40.22753942193215
41.41139880306163
56.250485745006486
66.06956514822278
71.1412356500532
72.83541234618102
72.6706228360053
71.61867940606395
69.52203472836487
65.88363427963776
60.84155869572492
58.782508481176976
57.69573722033989
57.43605093673686
58.68588260145621
59.43084557261564
66.23285625049388
70.37796989165688
71.20338988948726
70.5600866475186
70.22459039647433
70.82934269534987
71.4734560553923
70.79484554075171
67.75994266413618
62.254939186082325
55.61333704113632
50.22872290539305
58.383832433094184
64.16689094828219
65.3645100148847
62.792018403972534
57.03881394478678
50.6369301402653
57.441123912758684
62.40002803331266
63.04572912443605
59.891552545224556
53.15530573992676
42.63155905246339
33.13564122531585
35.63628886279875
38.10606782364114
38.32741471952834
36.13085012603155
33.523091462284434
33.45341532486371
40.19149836478733
56.15878592313148
66.40536218678635
72.25794721763856
74.96433243032256
75.4908781769681
74.18399898084026
70.77865911631392
65.45752351777155
60.05934537328951
58.643342890852914
57.343234525272734
52.67612968575712
46.18766751454822
41.38255311299303
39.28459886569083
43.24670679643554
48.27008718140007
51.38393440721131
52.96258848363901
51.87151351806765
48.194879734504994
53.74456771284223
63.74688306477214
69.09704921571631
70.76857886958553
70.1448062193586
68.40342508432516
65.72819417395093
62.47894217693175
60.175520910550176
57.708016687878576
53.289843032377064
49.87361660989359
55.32025767920135
63.999488915529625
68.14375386400565
68.63270512313491
67.40982004207879
66.37562673699834
66.14162383417278
67.29393967605726
68.55018752185517
67.6170032885173
63.203641334540414
57.2854887120561
64.4977263910098
69.43730304510022
70.41980417798526
68.17220887922647
62.6416575156479
53.17342198843292
53.795389240400624
61.0457802270968
63.45809064175781
61.72829213297318
56.78841108599229
49.55121324991702
40.806968154063405
35.27712080698486
36.79413165166202
38.59207150864546
39.51816590710018
39.455067948994106
38.33784574911022
36.901884759418216
35.509746554446956
34.37444365330556
39.599627872976015
59.322127537299295
71.89900556108442
79.09385851233238
82.3678364637257
82.93250644947393
81.76565750930477
78.91769420223677
73.67280170675242
67.35672853662484
67.06803321873487
65.51739117518316
60.19300839673765
56.019117283147175
63.87862740781796
69.02423022911275
69.69580233027953
66.07425839598834
59.146676242651665
66.58537358654098
77.27499554876809
83.51498564224062
86.37695961945406
86.76851016232743
85.40095769038095
82.58465071494501
77.79248195056134
72.27415202769693
70.18840230446682
72.3422772354442
74.66833300139598
79.63603503570589
83.18276920705623
83.99497623493899
83.66830431989142
83.79817803025264
83.9279947011565
82.1290533174057
77.01146928854709
73.79745108412817
77.74998452945582
78.28888503671738
75.13450521968017
68.55023345774009
63.95213781963047
72.50439779270057
77.44053583070843
78.30786661680135
75.73572869133447
70.15711087999925
61.30249657063942
48.18172962317873
40.16901598369111
41.243118222699486
42.61995053705549
56.80431012758242
69.98947927068603
78.1011194546675
82.27592766896987
83.31643503101125
81.41502790392245
76.1558062016745
68.31126846044187
64.42942018951327
60.52550032905017
57.60681580672917
66.09398856279867
71.78272010458285
73.11286949375251
70.35874912907741
63.862959769883574
69.21478452709881
78.44810973040256
83.4312540996124
85.3554340704445
85.16590358657119
83.2194380949988
79.08051205553461
72.67716320958127
69.95699376087725
72.26725984748073
74.92120531380594
79.40401688829694
82.31082333576262
82.37898835194483
81.5607170848719
82.01908173813138
82.78738899833697
81.66103860400703
77.24575907639581
74.67688528940673
79.75511064648612
81.32473694711533
79.26789149760084
74.41284693624185
66.7615307979411
64.97763228207214
72.82146194084349
76.43016980484055
76.13689434611777
72.3830771126979
65.07567538373222
53.234008041001886
39.25750002465311
38.480640777429244
37.82571597984714
35.674470519353235
32.81673924133763
40.31358103040051
58.96238694762222
71.13374671949882
78.42435398067376
81.98640818216747
82.57202328777899
80.53036371019394
75.63919414224966
68.93950185292763
66.14313922411212
62.76213655218717
57.02713127894761
58.23874161571947
64.50456841353758
67.21190730929807
66.33314377763598
61.78466106570602
54.389777777098985
64.95656041268803
75.00057161240906
80.54849779195052
82.76315652769034
82.56237082044665
80.8441347203805
78.02856575349077
73.38715287791082
68.22077328161653
65.51752286661002
64.57453909176466
68.20457487549652
69.4520433199761
73.92129345747489
78.7480985708156
80.72858672704528
80.90294775206115
80.03000719061804
78.7944283373911
77.58628069962418
74.96938454727685
69.6043780391496
71.19656000930145
75.22088771331805
75.27543421165356
72.01990054893597
65.68400231671211
56.671682985415686
64.32052396511736
72.65463133160297
76.07695420196816
75.05859212331805
69.54548033961858
58.967468000414655
45.814947297837904
45.08183697440672
45.385074420550325
49.98410865445807
52.477483908716884
49.994319908089615
43.07841579709063
54.45739872959762
68.3293106504281
77.16341262864465
81.99497252712138
83.49279727782695
82.20128561230332
78.25927607695782
71.43366528753157
66.23104801096471
63.66281489786458
57.704414614074
54.32279026204819
61.4491035203423
66.05394614534201
66.87966902617278
63.91837944104945
57.93373959585775
64.24521086172587
74.44548327150868
80.23749934889605
82.52724550345862
82.25775783657029
80.11116590782648
76.47333786736398
72.27230067505698
68.48909827549912
68.75724977406514
69.8495079779146
71.47726558327688
76.02800908102387
77.90866513499827
77.59915188798759
77.07173235660905
76.77453216567776
75.65053788649533
72.42476150005612
71.07092992845396
76.42765677205
78.29335095543473
75.98104776475084
69.51966271851919
60.48483293492048
67.64348909652233
73.76600371834998
75.30821513417752
72.85350910178386
66.76301902725156
56.99597600239115
43.55209430506393
39.770929785921666
39.38094205141483
37.13348236557764
34.01640090242427
30.67643170790342
40.75426118109253
61.40470602991137
73.81440036854538
80.92201995306368
84.14050308482173
84.38777500491665
82.479722634492
78.69932564768479
72.35159158717971
64.93283523804901
62.045983291473455
58.178200290229746
53.54750295443893
56.599861722296396
62.428849873119475
64.4471107685562
62.598985109998004
57.609856999924304
60.402436938985396
67.7292140001361
72.21537341432735
74.46163334427924
75.006046778509
74.03071208755556
71.30772967575024
67.72753868677447
65.86723199100393
62.93334769343077
63.1003107930048
64.24907556946195
64.35245178805688
71.30109258351442
75.90781772791439
77.50396726515777
77.53359910014395
76.87471581982538
75.72629843489938
73.13559255571109
67.61737164323036
60.933776177361
67.36614057570948
71.45432753239693
71.43370305930228
67.7000221403958
60.26859776410667
63.54351073008427
71.6998952859476
74.80712352348246
73.49084512369578
68.08878802747127
58.72111355456322
45.1819974710439
36.80418915492353
38.907676573656445
39.61148379411585
39.150313504412885
40.57565949156402
45.60807063567062
49.07570808621317
51.61307698714473
61.20092207365647
70.09797122913574
75.05325498510462
76.38956632094646
74.27429331478005
68.68442247665094
62.734559133753706
61.427976434199394
57.467213134722584
51.27107498275632
49.57823076442267
55.89079424221718
61.415169916223206
63.22558172852578
61.09413352134365
54.70707681830444
49.74831612608304
62.75208151860336
70.52344850382306
73.63368651796276
73.62636337731034
73.03636585369449
73.12896501775016
72.62487442182344
70.68272133708638
67.3913228993936
63.14017675935717
62.68913368550399
64.59333096863283
64.59075264091693
62.763052958857784
58.91886315219342
57.79877471023555
60.466593525721706
60.01926485347589
65.55499033208409
72.8328706424845
76.1738461890866
76.76369053843914
76.24806367013113
75.977068567629
75.53349257764401
73.24456864923707
68.68697436174128
72.51844152812409
77.63971962490759
79.02960276313355
77.01747565806531
71.38517522518349
61.65052772158147
62.50009979861787
70.05875247654183
72.97597330509453
71.89552447107995
67.35132948373722
59.24729272682168
46.47233692934218
38.63505702773784
40.124791088947724
40.17223627873477
39.33497292030581
37.61377579831209
35.16609111829539
32.17867348974928
29.171695358574638
28.627047596910323
28.878406024012044
30.237173136083904
40.08314586246959
53.31318570328708
62.41197639397414
67.24641960918493
68.51421982149114
67.19051348477892
64.33480297822642
59.66616496853319
53.65038202543037
53.47644193096947
52.9261467251723
50.287485892121296
47.34259357320174
43.74069232564966
45.24902715907483
52.28893355027643
56.800357824928646
58.323996606749695
57.000454426482634
53.08349187039799
46.169452343503
42.295588474573705
54.78320180838671
63.00716538534901
67.11348976050397
68.1031577817902
67.26901453403666
66.1461215194297
65.21431734978438
64.20080592569555
62.83285814974407
59.978004306393274
54.60764694908791
47.647983026192406
45.48820216344061
50.385986679873184
52.863050783943706
51.897558991086655
49.636983045620006
50.05624255789328
53.76279640027562
55.28544690454699
52.250715820824794
54.48816260359016
63.36643981897501
67.7051043796408
68.94585636566151
69.15465564958059
69.26854097612758
68.6023032168006
67.19405953583109
65.5530064266459
63.39470769006597
61.22038781250947
57.811404685484995
50.89810069881783
51.08805874071333
58.78593193083968
61.83576969708908
61.54109240492594
58.86360579342522
53.29575678162145
44.7829664535016
40.69380462814457
51.568205458464206
59.357689180527096
62.60973667772631
62.87041077777181
61.56499129005384
58.588244176309765
53.17689022938305
45.20581092702336
35.86496353845108
33.39069093552704
37.71560512020698
39.90687155527094
39.789120135729554
38.45804352080933
36.816204990637935
34.5409056587774
31.410927499138207
28.587953174158095
28.170284376947432
37.960032858719856
49.182253130103305
57.38277116132803
62.03128915417702
63.455761831457984
63.55268067955493
63.650486155938815
62.79277717712528
60.107037236513854
55.93405598925607
55.966450541113716
57.31926436878321
54.90979527209304
49.44614121634248
44.77919657000753
41.87944507254944
47.227945976691075
52.67371387583922
54.805669357700666
53.458269621316035
48.797557884684906
42.28382009933179
35.892307787193246
43.5725268036719
54.626576979468396
61.07123571226114
63.70201355966918
63.66620506206971
62.70221302779156
61.89894340689503
60.81242588158494
59.43358136967003
57.363117351553186
53.3522476988139
48.7008329283679
48.67915814187515
49.85104922491476
49.51115845846252
46.909690534901074
44.956888070172816
44.784902137161275
44.43864545796697
45.54954650923545
45.264795274261296
41.83649293725702
51.26384187234257
60.40173226495887
64.82402506805677
66.01326495364663
66.4404759994223
67.77944162115998
68.88318736402167
69.11528907717623
68.84227717510348
67.69641362089197
64.44618361791895
57.86404417408158
47.695001461852804
52.24914601126428
58.10069563447684
59.53114862681322
57.54760576761989
53.0653669533666
46.01519949732622
38.37569707784363
40.766891743758826
50.707395953182285
57.47823236485954
60.604720002974446
60.433335400654585
57.35598263932343
52.647583528213566
47.39127782042424
40.990682344506
38.621751767579525
43.18703887584502
43.893568903214
40.522466114011266
35.91744637451341
34.447069277721944
33.91928293782603
32.462949918984364
29.526726020340533
27.471725132618655
31.98933930229623
37.82614505556272
47.59680737144991
59.55855192482151
66.72801743204546
69.96399835470963
70.6851004854708
70.35570399325847
69.15700287500908
66.37187266616282
61.59148478378533
58.10351561243677
58.18417883858367
55.64533010418238
50.49814506996558
46.934734470862416
53.47901678405243
58.48409728853884
58.85143703069545
57.00061461554493
55.90264673876115
53.254805888958494
47.51139154528961
38.235174758610455
38.923635697463446
54.546565520867595
64.16911297462036
69.09194151737763
70.7786583831138
70.69391793804894
69.63335934819084
67.83414249303674
66.08742375145479
64.73663142428859
62.57102034638927
58.02761199460227
51.83752602872676
54.03311241843929
57.535074616159775
57.341454487708916
53.66957829333032
50.75362636306
54.89946507738939
57.77598849047121
55.9051436377444
52.80562995379747
61.414064274786014
67.13321817664318
69.30017458337603
68.87176821682863
67.01910013295172
65.1874868820572
63.21140619263451
61.06737844786977
59.62239849010163
61.63783037794807
65.79624510600979
67.7324984539439
66.14501083773635
60.59719419975736
50.75520043843159
55.11609173814317
64.80807791121481
69.49478146690572
70.37433199997689
68.06519120836295
62.39413051255063
52.74165333545064
45.62580320547685
55.48077349105262
62.75920849120948
65.80379710796804
65.56897862704281
62.55706414566416
56.528298717143244
46.814667516824414
34.52301664258256
30.922581518161603
34.475078311012304
37.489095817132934
39.02513908132918
39.440520769733574
38.69860399769995
37.06524541564315
34.6019413919585
31.702313671366188
29.469340936449015
38.62354735709031
52.35334542686765
61.85535942060077
67.38630532612717
69.8651402176467
70.49331671566267
70.14402057355406
68.70446038282894
65.41717634052448
59.55219619017598
55.71804591976664
56.04124896076819
53.54266891915682
49.8682014355169
46.40716749942794
41.190020335678774
44.87745621263827
52.4601788060898
56.473107278898844
57.079115685752065
54.68765007413539
49.564061334419506
41.21830171712283
42.499623491776354
56.686887496394476
65.14197507663367
68.91250781532594
68.94144967741545
66.6770599721501
64.26647698828734
62.322781282049164
60.40548605347303
57.647982241723135
52.80196929133793
46.77251254525285
46.506113460176614
46.941688221255724
44.399189605935376
42.79996344663609
50.48267710673289
55.69300937457126
56.229734333419245
54.05782506212212
61.684221920800255
67.68090990631784
69.87195265179724
69.92442630877176
69.2818306827722
68.47786944375679
67.26097522634645
65.10271421449941
62.73806745850632
62.73763389477829
64.05364982638078
64.49512839066175
62.88632241189194
58.036687120666606
49.07743827275179
53.86068036884687
63.075548731869226
66.97188981385541
66.79676672436489
63.82145042959777
58.595700693000154
50.477911036831806
42.688765289708066
54.46576288738296
65.1793339625723
70.2144380262959
70.79347212394296
67.8301229906165
62.25792693386899
54.54059935464371
45.050000650584806
37.19321366424546
33.29307899372695
29.63297632295914
30.85609527975194
34.790309784907556
37.01700080131799
37.62479372204436
37.026241897332184
34.793362156623836
31.980095002286788
30.889002741820207
43.31816831447149
56.29369755324773
64.53508919164182
68.66837576565163
69.64175674591168
68.98767815538112
67.81460095192543
65.30280484577453
60.44468057070035
56.37991843740966
55.69335787209539
52.72502916465196
49.2831677251625
46.996163384086316
42.43527306160216
38.410813834844134
46.63654122561542
53.260268939395615
56.650376750545064
56.790542713314395
53.75520171699762
47.592306225637884
38.21101431551226
44.30256931839722
55.86019479984071
62.431362092532524
65.02965287745641
64.73657555596526
63.02677507991092
61.6250698326446
60.94886834306202
59.80203636288819
56.76161100883256
51.52544231997854
47.645763329011956
46.71345275840757
45.767074367628396
45.08976338714099
46.69388978103258
48.812599228024695
53.22721006282041
56.09923364091741
55.60174218662738
61.33112404917405
67.22967262809573
69.24044379719005
68.92986470130762
68.38058939955488
67.93732287740747
67.03597583023776
65.99079043582749
65.21408159547886
64.60524649500368
65.83593753109207
67.45919010664952
66.40662174022678
61.42426103136024
59.36839529919328
66.72106919241848
69.51394048556226
68.20487213546278
64.26329800964493
58.6926891256161
50.65279361205454
41.40119949796965
49.56907296419259
59.585045987600765
65.13653684191631
67.03261422738903
65.58728860597073
60.694229890394894
52.3748728676436
42.47597944603629
43.3417663427878
54.4037913254442
60.001147070807576
61.05885873659779
58.5434588626661
54.31812936380271
53.334164198497504
56.64639350405178
57.44192029254019
54.13346315770294
47.49042115528048
41.92151854084058
53.07080560325129
62.40764418781431
67.22314947081433
68.85911231386385
69.29866184597107
69.54893169589329
68.49137680933713
65.349197269951
59.612166288380735
56.05596243602106
59.513380283487145
59.46893938855658
55.282901279733764
48.9552691424538
44.14929618539701
38.67272744585034
42.92137661152786
51.49354833683909
56.44556528369277
58.13067455211069
56.89097250669482
52.89937517645528
45.796494123072684
43.32754580114333
55.189133029255935
61.951252051402705
64.51548404839819
64.76034723698724
65.30643598816769
66.31368401656373
66.2027675873477
64.67427604245162
62.48584620687808
59.591254473157925
54.67738097086007
48.59016700945482
46.01759439235221
45.09833043404946
45.50393425869021
46.06411421203643
46.35848702917633
51.28365212675013
55.77491703997259
55.641854401090086
55.657026833017504
65.61413263459352
71.3280962102042
72.95415520522545
72.32858605202031
71.36055263800077
69.92115753325913
67.92961207823156
66.41692146942863
66.45028940572304
66.88314558414979
65.60859972767449
61.27032250712048
53.13076024130623
48.13583846429421
53.31795020197927
55.770765339648776
57.330464028130585
57.688138096367396
54.48290738533296
47.93423369568433
46.387220871725845
56.01538860861655
61.31985268946602
62.06144112727574
59.50920012513285
55.776772488846724
51.27115003560288
45.839059503295225
41.12281248318784
36.05942414426875
30.936906479057388
30.977069829818387
34.42544652863288
37.16202151729975
38.32683793871113
38.418416219942955
37.86549136527613
36.49180381026212
34.58938938093528
31.648951007929522
28.086279473904938
26.3164726458978
39.35470374724372
55.687687138526314
65.404492239667
70.06180878739299
70.83350277854214
69.4113347689096
68.1285168323033
66.78351069653944
63.80121570400729
59.12218125621798
58.790350656744636
59.448798547455795
56.31870233941494
51.395165080014365
47.94285872850387
43.438349571011656
39.91386369664458
49.35398084610697
57.17325172259751
60.941419911477496
61.016776656064565
57.93746991261082
52.247766612289965
44.4042324701784
53.10751180239561
62.42709392380148
67.1308277733122
68.20306305241788
67.29422909723729
66.46514002105121
65.97879921704387
65.0239599201558
62.96695145409116
59.49001740085027
54.51675300138892
51.855433030654474
52.03924892007319
50.2930741565912
47.19404570123345
46.73226693594983
47.04309399526906
47.67527195096222
47.50761336947172
46.08106062777458
56.82959251463611
64.34085950364812
67.4233906423698
68.20040007320942
68.10718861149275
67.6054381413418
68.23251624455504
68.93748742678459
69.10286486245352
69.65404172536874
70.40845892052836
70.38437853661603
68.62885971919532
64.19474034982514
55.97823249057999
43.17859838524691
47.370043148315865
58.65532782970938
64.57089893338639
66.52688125144775
65.41686748644757
61.18577535151481
53.07118038415265
45.22970126260229
55.69176417804763
63.14206325172704
65.94355496892118
65.29405248963047
62.38943428654586
57.281476875744275
48.91169936037021
38.64049771601629
32.19228730825302
27.958024734488443
28.784882857143046
31.232494405760193
33.289759500729296
34.62496961916766
35.19529348898032
34.879021474239266
34.07163651470981
33.31716405927969
34.39457213327232
37.91779399398826
40.79168792986856
42.0743420650016
44.289545887055375
48.41241696589796
51.16769182977393
57.57053777506056
64.83572494432147
68.11922127383153
68.07390706883811
66.85825713400813
66.15268060533536
64.73864166370649
61.71058229977707
56.4778426893312
52.55415094158578
55.49471301360732
55.47673026850228
51.33516545034516
45.722583170914895
42.475664532109924
38.39237622243512
33.624458349314914
32.966920044228004
41.70138294440239
47.51060319020653
50.11040068899433
49.78350830044547
46.39525638436982
40.42915028082723
34.149232592451405
30.15733329064528
32.93097609069552
40.68544869769286
50.077723634812585
57.657428565233076
62.359416882221396
64.31850930425759
64.65991294661764
64.68652002672408
64.46089191454922
63.81887668133616
63.196500769310894
63.04681668913861
62.867948395262594
62.27456027448112
61.71456723495815
61.31723889354778
60.20984264635445
57.16110289896606
51.35666527583197
43.3204470377797
35.741850226723535
36.82023757855138
44.05591767922044
48.40583416023412
49.57893047297412
47.5849217587197
44.51731535958245
43.438556934988966
42.70601064565824
42.57738843851197
49.7600339777983
56.63119944829827
58.680819405687
55.800319414422276
47.792884768227104
54.09140857632714
63.92361147472984
68.66552686661666
69.54471943487025
67.8873527485155
66.1804383966929
65.48173748231649
64.41068620248232
62.440212611537014
59.54923516632518
55.52568688085372
51.6703721105783
56.85633036844478
63.72993900093089
67.08752524072233
66.52849689825015
62.000579389076535
53.70525225596709
42.46815224684592
45.589238613186154
56.272412860446074
62.20856383953106
64.40050225389895
63.87157892315478
62.038684657145986
58.881272921239955
52.52076300835966
43.295097137700765
38.15924303139886
36.46142257288364
46.896076012340295
54.91314363704505
58.28382142211712
58.548396951371046
58.13388851718703
57.55723696768372
55.440249770592274
51.01466958467496
43.768715354177424
36.034933300851215
34.761882539247864
37.723685362690276
37.72112497420657
35.40082538602115
34.57117468447094
34.22556578996597
33.19776413118058
32.6637269051331
33.72531378169014
36.217801807324705
36.103468423371126
32.283394509032
28.147610715664
27.01184781188459
26.346923935645577
26.572458528231987
26.62786283066115
26.16501959542164
29.74194738904727
44.05501432515385
54.493865729238955
60.74329478304196
63.608931306936974
64.18138660409036
64.08737677335749
63.876351486952984
62.45307093726918
59.16878313313117
53.75568243654942
52.142171910469514
58.410237325588255
61.18371345921955
59.70391339490622
54.274780100263335
48.23067627079731
46.11347019025435
42.54150211569893
35.8968007313774
29.01310195713005
31.2213062086441
40.605559250026445
47.26598820096146
50.68196724901257
51.79186791972232
50.87816806074852
47.5397029946138
40.8310027312719
31.53545906890585
34.59405781889263
47.9737607012695
58.95510300122559
65.28501916634842
67.72660514865463
67.53839609449354
66.20604627318886
64.35160424496982
62.35066128874182
61.26141447852908
61.34354247829737
60.831882354560356
58.6719081089393
54.36572575901951
48.02614549114469
40.79748476628923
33.161959493545105
34.28240096338
43.69816083386454
48.50838320046198
49.267761577955056
47.50371961596707
45.40445544617935
44.63682606483026
43.54842058298355
44.97814520509067
52.294710074029716
56.663287228969715
56.603114743543614
51.74416837668841
45.27783084082402
56.47470959685916
64.3478806111286
68.20931235373257
69.6988554371743
69.98552022573813
69.54013689724859
68.8457323358715
67.73876871215141
65.04649379528892
60.08788771967333
55.62555302840268
58.189575302639184
61.526188077996274
61.03759657393244
55.70192951096451
45.0918908977092
34.596283401646566
34.41786610942869
50.02435201771519
59.52987928100862
64.11465836180307
65.14654558913703
63.638868872402554
59.851453333696256
53.459638895362815
44.711303111354546
38.33348988817483
36.51633508733521
39.4360073107364
49.85418136359464
57.77624094458392
61.14537121151664
60.66186233003633
57.45235570434894
53.15711279315184
49.31817993197875
45.64468060977794
40.21607732174057
33.519356002979826
28.68741168792386
27.007368526928328
30.163912622979336
34.36630125329167
37.523660317809906
39.41780361273497
40.66205730109347
41.19935253824791
40.545212020666106
39.20044410375641
38.213943611561106
36.66980227140395
33.68727422932561
30.19921205992427
28.17462388579336
27.615071504911256
26.674929585504486
26.165184943648413
27.400855214778478
33.80750967879807
39.90410297533965
42.76831625344578
47.29598017998529
55.42986739191092
60.5146276973927
62.416327127305024
62.90938169487962
63.46769697766842
62.99927665160375
59.986262923446425
55.979877877538314
57.946631897664965
58.098393898799486
53.90657428753535
47.82948433946806
45.25732920928573
41.74943112977998
36.12255797975071
34.686379463169985
43.344685591473905
48.68084720471464
51.1271739823395
51.364950912046
49.651272176113885
46.24673459558201
40.616008864887114
32.50045985790952
34.10721971294962
40.289231755731656
43.314931250020535
53.19254779561315
61.83615028129476
65.87772834525731
66.16086293560373
64.14916846839137
61.90061127514951
60.36809814481445
59.933270372675935
60.80371716315799
61.68314611735374
61.704441470145674
60.59816611492331
57.61540698743318
51.88785960655173
44.36256549477196
43.21809689795907
44.07415158489657
42.687664930882676
41.06356991388907
41.88238429821293
43.08401686125009
42.798189829409125
44.39054015077269
52.174027385464335
56.80969475643873
56.61295441352034
51.301674164697204
47.26322123929648
59.67619207277082
66.92441781965228
70.13952397861863
71.1955355502011
71.3071522174249
70.60961428188433
69.41231388627094
68.31308129123953
67.22083942567315
64.74574116411696
60.47872824005722
55.69511484358128
55.862378474742286
60.579406533787875
62.77334116443733
61.467830796441156
56.525133740677035
48.15441021254693
40.07403484979764
42.65141041100462
51.573413091918674
57.277724747279215
59.84292563288065
60.21816231100409
59.195944301687234
56.05983348692927
49.564950268435425
41.57388532711348
39.398406480787024
39.38519740772055
51.010066410747044
59.777043538309485
64.1645695466287
65.27931472812918
64.0597869158252
60.79161218580742
55.313745308325736
48.02693958656345
41.312411922790815
38.548255188128124
36.84207248966396
33.24812859783086
29.102703954785003
29.684420228573543
30.94560734438252
32.19518155554322
33.01680098126154
32.92373122115938
32.56163277186954
33.5734151168594
35.68364412007107
35.36016231957441
32.135210248948354
28.50329343575656
27.32104367763427
28.955062247159287
29.70437527738481
28.10903367883355
27.421109741768383
35.00403563389315
41.84646932973833
50.5232914906124
60.16985830649566
65.15426229927752
66.20788117543127
65.16842276805109
64.67835458149938
64.50111370830587
63.10252487561392
59.86596863791802
54.367600000778786
53.41875230798047
56.52725470299909
55.98413134169338
52.070969673305065
47.10506674216438
43.22529474433245
38.62030545599046
32.55060407300813
27.555216296453636
34.33262570509952
43.943956569653785
48.9157013036798
50.57439293663713
50.188767993256455
48.48632500185704
45.44790125781806
39.91546005757414
31.622177773915855
32.77935957464939
40.653949148096764
43.634856487600075
46.52672318843972
56.93201580462552
64.21686334231191
67.53052553869928
67.9216017264747
66.74285483634725
65.0687888622603
63.494388770577956
62.436925732226534
62.29263130345377
62.39319929147163
61.331384977600564
58.64106411550563
54.35468012066429
47.8493075883268
39.12827653364138
37.71730634323147
45.362688555776664
50.86046817488853
53.025361049981754
51.781478664478286
47.62128154541208
42.99399214038432
40.48477788989104
42.953812397765205
51.75123109232509
56.436884808249104
56.25658931474813
51.06174044659389
40.10828031665115
32.11224559002152
44.17190234070354
57.163808512153615
64.88441913005539
68.5053598353384
69.57733676972259
69.53848424938441
69.08638187658109
68.48282438636824
66.60757081957782
61.90096625030607
54.80136884906705
50.83418134425385
55.776127782772036
59.070879671544965
60.25226743368081
60.31526367032416
57.61406167432
50.90282125290629
39.863991491055884
29.57880650049528
42.66745886134936
56.119991361526786
63.40136316058012
65.93895481158921
64.78186246935964
61.34765345131977
56.96937148026768
50.92087576115914
42.94335897015627
39.28501025383195
40.13555250896398
48.118064846565474
53.3181993337608
54.21803380560456
52.31213966168671
50.72112083089583
48.89505007306498
44.9339983054496
39.233947933397786
34.01597014155807
29.535242918888343
26.63681642459113
26.000400722320585
26.69427073431972
28.897879850980267
31.924503724815164
34.62029233785566
41.747435128863614
50.94295446255493
55.113308815838344
54.060689787602215
47.69181321034974
36.878477962039746
30.518449983625146
27.937718601522626
27.240615963699625
41.140130577699836
57.59616490688029
67.45247462839635
72.34548037795794
73.29388059188972
71.77705453115414
70.37829538365551
69.03665165362429
66.37333749997241
62.22737258831765
59.188008515824954
61.190425207984646
60.58554429721518
55.742073986000655
49.35218291049996
46.125322047455334
41.226484794955034
41.32017493148794
49.4720061694186
54.57635183695693
56.64112938448069
55.86231643729235
52.48252127223104
46.44527821763249
37.4519111259403
36.49903024780886
47.728600591492295
57.9323439412473
63.42147412309363
65.10878865716757
64.51595586822633
63.56905552861101
62.80324336197198
61.82862707157333
60.61688697918245
58.85393606877167
55.73291040213866
50.57123449838059
46.264231631639774
46.81645712387991
47.73237898714002
46.035909085499966
40.85198440258971
36.222367761592224
41.95573738322572
45.15438734577949
43.6302632681211
42.61328860273862
56.6637057540007
65.37123288480947
69.09378855327732
69.12192113060094
67.9659115954172
68.76442653288605
70.21254015216347
70.9867301447007
71.37494751435989
71.66736094325876
71.71383179109279
70.8280794677467
67.54967439795126
60.637318025970536
49.97854943429451
54.01678688997566
61.03131958857436
63.86026798116881
63.37879246743753
59.96213563977436
53.3141045126942
43.819418554802596
39.4673927849862
50.762632366732994
58.239279373136
60.9886972402857
60.31309269227455
57.76001793233025
53.28237430219089
45.44356165998156
35.8022041651506
35.0615163171621
35.054676192846074
34.108304517536
33.734543077793695
33.47537549605396
33.384095223545614
32.78377828363489
31.110656338859464
32.418123864371125
32.92918472003143
35.758671689417724
51.54214094272237
62.25235302581932
67.992553258531
69.86032466220122
69.00269341215409
67.19437579897534
65.40678871228607
62.34188692198557
56.93767729793855
54.72961045602212
56.436881418360024
54.309992935360455
48.76499503152523
44.11370065058896
40.084876326479076
37.44214269640744
45.51723268122127
52.08271485375148
55.13887858965043
54.68413049900781
50.802923192160556
43.396848102155474
35.99528238763191
49.85816892764539
60.128439044502755
65.22590021525119
66.53661965890822
65.80588965162498
65.00556917596026
64.84585122057149
64.93209548303986
64.04399981166483
60.881273022035465
54.594327339184105
48.21178209126526
50.79434995772953
52.04239309043512
50.24144354805509
47.44606829293314
47.5952373958181
50.0432370914914
49.19168608571746
43.919182492142205
50.09315363115009
58.80143109355764
63.39144779229754
65.67191186427084
67.30802490725027
68.18760259919121
67.8668752234549
67.14262014020639
66.96649429645804
66.73762862705607
65.68699300584714
63.14315782167596
58.36589315616146
50.74181148622195
43.239865593159436
52.89316383513138
59.172414144904614
61.06838001127038
59.99519812726665
56.874351813763965
50.8203713966526
42.456951031657226
40.91370347490753
50.82932089059605
57.53532340685331
59.55029619380271
57.6409469670414
54.37731010565401
51.6735639402836
47.10659260347174
40.77203747354049
33.91178642509573
30.634973243105925
33.809967425262904
36.65927335055327
38.30589850920154
38.11938472484356
36.04293077863299
33.23395335341124
30.55095165942067
28.03883007012475
31.60607354809164
46.18121593542526
57.34128625190142
63.629471961475666
65.85951149087093
65.56956083681419
64.6368490055651
63.183516182937964
60.60021389043658
58.088503843775136
58.16644331732661
56.98816642005363
52.71897208119554
49.38803861348862
47.947007082949575
44.005512664285376
43.579617219974665
50.717512092038405
54.94670710577529
55.94651427978819
54.13777383705022
49.8241136274727
42.56030411959721
36.897160430886004
47.31107758249321
58.50454941311441
64.80811796803137
67.32790454973454
67.56875690535084
67.0727740001011
66.51291177739297
65.98615844752584
65.03719168955448
62.73123459711619
58.26041807290994
52.0376837294744
48.74039095412532
46.9327243211583
45.88087363508986
46.39949156758274
46.30271991976164
48.606363729710125
52.32891363436196
51.89787372250794
50.60175781452315
61.07981254193747
67.70395663988691
70.30879038157667
70.45276955615321
69.71938352059851
68.84269438476602
67.93758003084506
66.21888990080396
62.843965879895734
58.460456118530914
54.924348706420574
56.77093832354038
61.07748656933251
61.13572595686524
56.2400354172674
47.983141948116824
56.648904484669266
63.03973940058897
64.89688899853766
63.201634460249814
58.685738033443045
51.17949781164334
41.36114370861554
46.67394392700591
55.460860861021985
59.42835873170946
59.5852230128671
57.049503577515765
52.37718917413751
46.38547445504521
39.90079770560491
32.7886612514192
34.61101411752185
37.25308161341455
36.37787323406898
37.49806203744887
46.09476735238932
50.18988788353339
48.997159293959214
42.307814389278704
30.56862957329499
35.23447206637452
51.59256633173981
62.85706755186027
69.42993146999517
72.3902073823694
72.87009783064566
71.88307448686821
69.42562470397027
64.61188671939333
57.949197073465754
56.55084083838509
55.43562563597996
51.77311955923948
49.26472740022882
46.042054419452974
41.3670319618216
46.92248888331913
53.063541965796254
55.979530497749714
55.917949077324906
53.282357222595074
48.15902114692779
40.993952739749574
52.08512813195054
63.29037866783577
69.30693449154768
71.51190758430174
71.36648250056302
70.39009354836743
68.94364105983212
66.88016412651783
64.08312722835142
59.792924598650444
52.772561968507794
44.05425728316849
48.476702955225484
52.05033149703054
51.59757204259866
50.98471425991274
57.084740207378374
60.536520401139846
59.215074211560434
59.39201648131971
66.21592618818018
69.7936507740368
70.70683458144697
70.60839614751122
70.0156908098814
68.97023838638998
67.12644555140079
63.60733972501906
59.174386599872626
58.46816142691835
64.0238241312283
66.93773608436617
65.32299933200639
58.734011398811894
48.490582011954984
53.475389262918995
58.591110160170736
60.488882986817
59.06032663205933
53.93985281522154
44.798840980579826
38.339636218758
49.312962434292594
57.18581202707565
60.28236740934413
59.27364873444113
55.22706509764518
50.700311263176786
46.388996374612084
40.360278793239004
32.55686480715522
29.691572634935635
34.42693801803375
37.80731731912043
39.24968721437732
39.71768393736861
39.374274067874836
38.92750845505459
40.202296099614756
39.46163325685878
34.4783623162179
32.73355250509471
48.700409530398936
60.84017528761247
68.03456121767934
71.4281293772323
72.15897970432532
71.53226738454852
70.13940759028384
67.04252142517743
61.850339956837516
58.66447090270353
57.413323080059875
53.566940690502484
49.37777667220863
45.620198977274924
40.41128310475422
45.42540123133507
53.067116470328145
57.07101190958489
57.26874844530006
54.12380691268602
48.39289321905831
39.75896413224943
39.899942403402235
54.09995224786826
63.15085055440779
67.94241231380552
69.8967215818208
70.23572336089734
69.40791380531788
67.61410555423655
65.47601558797263
62.75290161135231
57.88512763673036
50.61802861322423
49.7524765877326
50.801788447495284
49.663757142844894
51.96606382760067
58.24939871632437
60.405413079931016
58.22426820417269
63.4788725631703
70.58116946502322
73.62333247777596
73.9205184990203
73.21411547103949
72.28791282356978
70.69926741518846
67.71661982923762
63.282117137497174
58.938788696731415
61.51758728480047
66.65966575398919
68.55099084164502
66.34167214555674
59.506013302188194
47.383643820227796
41.082069217235365
51.75070200094895
57.24890862203794
58.4143917595111
56.03600026913433
50.5098681842674
42.21070568029244
41.180347983118786
50.23363681653863
55.815266842571624
58.34347658486723
58.448318338163396
56.15307999520571
51.332392376000314
44.52379542649713
36.723877753297366
35.76428474248913
40.57643065862276
44.33862044282316
45.82249045238595
44.75735022150009
41.811455892207775
38.13917535478633
34.32800968007438
29.99088055244234
27.12269732653375
36.87914020090625
52.989561976337065
63.52988159376315
69.52985304669664
72.28551709352763
72.8830007245539
71.84515732078583
69.21954498067352
64.6655934799057
59.47085161111917
60.75122811018537
60.81146467239462
56.86892048627075
49.869279716747045
43.27958913797019
38.84058314455265
43.423971484060935
50.00951862598328
54.29091633794002
55.73487794131946
54.16906553027094
49.79074614679257
42.577060987071775
35.7962904139947
48.58291963625958
59.923757739235015
66.54012558179855
69.37224913927099
69.2735499698388
67.1935799610114
64.33668101327567
61.855920515952086
58.94567600214139
53.571153474501116
47.1414532973795
48.3749235929936
50.01286239643594
48.81852900222238
45.63074057686855
47.435031687704985
54.85378608110476
57.78805725199376
55.71073943022215
56.86237314764018
65.31492288284277
69.52953079023166
70.45718100377246
70.2073978984075
69.80533255376474
68.48560939489742
66.33875111217012
63.11138719842031
58.934749343690605
60.8499860756661
65.51186326505969
67.27847201587218
65.55646487339823
60.23042402833446
51.107774647922625
44.63075117916638
55.195429898078
61.0179398003808
62.984929610577794
62.45748123344562
59.27599807673837
52.33473439398888
46.02712373496061
55.18087257555518
61.04583588886485
62.51733974183229
60.18124796513054
54.72858020580623
47.631461161138006
39.76308500726185
35.05565582419798
38.30212856464001
40.70323864535882
41.63633071948069
40.93852057211051
38.8854904820936
36.50473182840663
33.90639390356628
30.63778970915017
27.94601846708979
35.01494708075776
53.726658965432044
66.2033241533612
73.67346428356433
77.35597889349759
78.151863540059
77.0180116638393
74.41464782550985
69.66235112618726
63.89416406494141
60.36668039024063
56.20017158967273
52.70013296701929
48.592874387767054
47.58096051545796
54.22539890891014
58.823583197656944
60.29714657012049
58.630692907712074
53.456000091552376
47.905826284209965
60.03256841043953
68.7781741598062
73.00727880386562
73.87137912695688
73.04772401356414
72.10010215988257
70.73082276782445
67.74423340272622
62.60365984046268
59.32843403038313
58.16389411746879
54.39978334996013
55.823169931030975
61.25953261995518
62.33505741379504
59.6086919737532
64.98225516058503
71.02201085798717
73.40343416214532
73.8048982329355
73.71438463336831
73.48790122058387
73.31712913275854
73.4601729156935
73.45102884323744
71.42898762077857
65.76003328058086
57.364855840452115
63.34594143251252
67.73941690658862
67.97607155927389
65.01778953976574
59.10073625605766
49.674058091768536
50.78337168638384
59.248090030037545
63.18041051456519
62.98296278689144
58.9342613446408
51.17978518877905
41.1254889327106
34.947636778666826
36.64786705217213
37.69269029062616
37.23646207623871
35.051281945550045
31.691761969008454
29.855556195223624
45.61367668815461
61.06747195119119
70.56664629176596
75.63531807012693
77.23768710098823
76.32651497904702
73.60993625292105
68.8130760054432
63.21566732547179
61.196752788428135
58.59987728043165
54.99250353359151
51.03161970710727
48.113132567444346
53.881458173224786
58.897157848378
60.514419786294965
59.09204080315091
54.493393072990095
49.60730728747534
61.92193179638384
70.3891074657829
74.46390175427365
75.5838295602833
75.27340200041776
74.28649696588498
72.55573223132211
69.4611914920566
63.97440987236196
58.67789870042578
57.74770841081251
55.22291227924942
56.73188840799092
62.372166823264656
64.17733025621403
61.83637722020896
65.04550625941891
71.6698211978497
74.68134188157585
75.14945178625807
74.13978433661876
72.36861883352775
71.15141830745361
71.53587937051307
71.96221516758828
70.24991427040979
65.09238712917743
63.29962871457247
69.32864254867121
71.26264625313095
69.47494354720904
64.74055984409606
57.110966841916245
47.74112632991436
51.5121116858238
58.6925183793214
61.46740689349766
60.11833072907932
54.88462826119282
46.425859565668944
37.82762203397484
34.00081008719851
37.12142646065017
40.189243257092464
41.29128276367035
40.393819170850406
37.73715433163209
34.14546503177593
31.54997273033858
46.05261158724237
61.12945504850961
70.35553278838849
75.4711995347584
77.61873440305831
77.53092981892496
75.54419184967641
72.03104734004468
67.36862274019147
62.961722664746645
60.3010122997189
56.42105919892291
52.133152318809536
48.360745884689806
50.368539931966545
55.84671440518042
58.87464465166224
58.87050982167965
55.30820659379423
49.35148290491873
59.988265057732626
68.71083138554917
72.92094777817556
74.04326420663476
73.64085045692902
72.5262191060491
70.31330870193649
66.1698807947171
60.601194354161194
58.09705922745529
55.103142361225615
50.33324367128316
53.274796344120226
57.01317470757562
56.38649609591955
61.284909238376684
70.45720478307739
75.26096147808246
76.82717238094666
76.70929260563212
75.9160580425816
74.34068565556943
73.02749884697663
72.89674913866068
71.99691605079192
68.620299093476
61.69759014955623
53.21408533669281
56.476512543333335
58.17647179779104
55.938446753966716
49.747520135567
44.904447216512004
55.009808933498554
61.33564586337294
63.76388321129429
63.55457417041829
60.90047702056025
54.9522552570718
45.36613186753539
35.114752286404006
32.84919007072404
35.482028071630396
36.732089137879676
36.71831790532048
35.81951719805077
34.30715917060171
32.159747789331426
29.829466755978626
27.664905722416066
26.58393491760854
26.88278127601445
26.999452625677435
26.881022114834927
26.73975528723746
26.532428212691972
