File type = "ooTextFile"
Object class = "Intensity 2"

0
149.6845351473923
4670
0.032
0.13826757369614917
1
1
1
1
1
60.54873273086861
52.575493667393395
48.50267558118731
45.20743205331945
42.22152591889427
44.84082733069982
44.562812507822485
39.361785120610975
30.342744931377084
27.942964535362258
27.897941590552904
27.00133739599615
25.552099053036113
24.455043415275625
23.842121493902823
24.388607864354288
25.77036107879493
25.773257763734946
26.02184003910455
28.04753868861061
28.4022708555394
28.295063580347474
30.71007860771666
31.779359734417298
29.945830401745305
26.65460981163445
24.90756063457471
25.851609200016753
26.395800682597542
25.279539897639552
24.3557956282784
27.95245972099757
31.96546545688383
32.9796147104288
31.185698163058436
28.7726915799622
27.51123898543066
26.00725762656781
27.26597010065603
32.26280208392363
35.327338159356884
37.00552538792904
38.73591016378726
39.264114912408054
38.26402283836805
37.48317122293327
38.24872743528466
38.14432946990625
36.92262959006885
35.4201691669151
33.95491336747717
33.182334624201665
31.973492204509448
31.552263488038527
31.67606590865423
30.343173542950193
28.198974011578798
26.82102186136691
26.17664046485395
25.659702791146813
25.407879973333504
25.63564206158862
25.406453061906454
25.31602987780297
25.439834200096236
26.52640986851995
34.137602851077496
40.11462646173864
41.66660565866667
39.52980639765846
36.43493242036628
35.94077521028836
34.96883068528173
36.490661022890635
39.439888309793204
39.3059424375527
35.69817423235121
29.778163900694082
24.71730782861107
22.54080480619748
21.902005715178575
21.5436938484774
22.27333834210196
23.643187719318934
23.20653477155775
21.742003413790396
21.327249157312295
21.395185108515854
21.26222678734317
20.943778936299083
20.71809959416364
20.76493076978589
20.84043400228209
21.14297310762487
21.43404669267103
21.78365171406726
24.784453542002147
28.82452731781622
29.10565506114779
25.187765605041406
21.5588390010408
22.3707128415723
22.945067032692137
22.374699504939016
22.477008736185937
24.331984975521756
25.821303275692816
24.873729003134244
22.735621066980755
21.95534706197598
21.75520336714106
21.169242493731602
20.977159710262715
21.61564338175569
24.24375808477947
31.53879395308845
36.511358126062554
37.06863948174238
33.40428474582288
27.185417382519134
24.364655209952808
25.538681235539862
28.172485972785513
32.698498664784815
41.732862219566115
47.97658349518681
49.4254388237512
47.07282707119373
43.4970738189194
41.091146739851
39.92208620436691
39.00030113208502
37.04068204936215
33.742123785863534
29.967556927922658
30.167902054908225
33.582369521193485
34.149444905247975
35.32509196966604
48.31897449400354
59.36894369279479
66.74487753100948
71.26932376647669
73.44635753484499
73.51813451553605
71.81840426606337
68.48945152068336
63.15535241852177
59.73912423878587
62.16143251806575
62.98679914823359
61.60682891236851
58.701548523808455
54.839354249699355
49.861287523221975
45.98125827489938
49.939132540310034
52.072890536516894
52.16808864853337
52.52201743305547
52.84136070668595
51.99490790730006
49.14210968057983
44.063129785562495
38.09419767524569
32.35047479444876
27.325192601681376
41.70535945263316
56.12422643606722
65.62355226750792
70.47522327534166
71.86065689028779
72.2508478228906
73.40367714378185
74.00182781314925
73.01264337745086
70.16025786994062
65.47148128831302
59.112678323140756
55.15667563869315
58.420514198947984
61.05944907678206
60.450341211241465
59.492588413176215
63.62572908270998
65.30722255304936
62.388465697216176
57.99015856654258
66.96991149327536
72.9103361504362
74.99009754029854
74.48101821290447
73.00243279777749
72.21823347466211
72.2882068855563
72.74978344688492
73.09861159119203
72.58511830322088
70.24706256248888
64.97678732660671
55.645366440800466
50.373930521103894
63.604044769877476
71.3035263020158
74.645508276229
74.98847326155138
73.74408245344743
71.74417797723633
68.7189110156981
63.51743470418345
55.697190810599395
59.623418031686896
68.89866123039099
73.64830127576143
74.8502568439471
73.45622627121914
70.52447724179805
67.21783155306049
63.69683608142558
58.47419795788398
50.05588885865775
39.478990105982234
40.59475221458768
43.84116626941414
45.174010567592305
45.1706689822645
44.51041795163189
42.53869983745906
39.55676926696601
35.35643388477065
29.403076498501655
31.622545813155526
49.72254602233599
63.28661196612017
72.07719367707752
76.60064400716524
77.71948799974442
76.75576557135153
75.2025778510481
72.6916698643494
67.58387064379211
61.32987623306751
62.99318317216468
64.06134477326805
62.587409598454514
59.35589262550497
55.20354449702312
50.995371539408545
52.62847470926573
57.162975526555115
59.3920044874518
59.16660079690547
56.72087795048967
52.35249207961385
45.545978647126724
37.09214861293668
51.07907509067236
63.84199859708733
71.38352470244863
74.69397691416602
75.13449509775617
74.48337265731487
73.88596652306583
73.56997009788327
73.03882698724313
71.70814564185746
69.25521799343316
65.41814659381092
59.963666688286935
53.060362239384006
46.698619740124265
50.04328148885009
56.43239092870043
58.34608629029563
57.33608320673163
58.87660717940703
61.09886323661277
59.58325688504115
55.48117647102147
63.488054094396205
70.20403504876046
73.24477568278569
73.79432022354823
73.04553212792033
72.01779830735852
71.31499931988029
70.7863610050015
70.11205707401035
68.61574931138473
65.43759779606235
60.18037137050126
52.36314028485114
43.093152483673634
42.936107817139984
58.888211989809804
68.43609584919697
73.1133249267705
74.28413322974379
73.38231533733267
71.60225717584336
68.62728190481869
63.22761865242583
54.93702327288422
57.19802542043848
66.01525546953099
70.4030836865899
71.44632200467979
70.44770585424628
68.43792618733387
65.73594482198098
62.05957434003588
56.60947067770045
48.300538384035434
37.0460649927922
37.02846972647411
40.555537847084295
42.85530268185443
43.63413773321669
42.322478932144215
40.3120167499852
39.492247171581496
38.64394113268067
36.371390861299126
32.64431211597926
28.026735498797642
38.18283019981549
56.2565417787319
67.65620418037338
74.08976517893385
76.86302843701472
77.05207886337692
75.79784574663476
73.87838697344235
71.15324598079201
67.7946481494101
65.88621238854205
64.73093707071749
62.563970245592564
59.11701649499857
53.41810290223671
45.737327544087066
47.52518832836599
51.52924329304202
54.16223816607983
54.767810304864895
53.374290542551336
50.41261520690629
45.52702220998096
37.53724047237806
39.93554810683632
57.14721301744504
67.91748582212566
73.53606001473189
75.361569978678
75.03423441325647
74.10154450932915
73.14492334882159
72.1932975966426
70.90602463219906
69.07066138519443
66.33880058771523
62.45818309278168
57.15291383415828
53.63009901534085
56.82778757090301
60.68381491538346
62.178851728767846
60.369215039184844
57.777409109711044
61.48399027363078
63.422430973113954
60.84846048737312
54.305086763139926
61.87495468782763
69.51116500657497
72.84164613973896
73.05522460625518
71.46805711342053
69.74681583622089
69.49851573761023
69.9042332423218
69.79162855713012
69.5085427301042
68.97146478459561
67.11229685196135
62.800886398021085
54.96364712807641
42.78919629911976
41.971728475665145
56.179623993955516
64.25053357470895
67.49938201316499
67.25470878052019
66.03628802220396
65.30674275833704
62.88152225096103
57.46042151159057
49.80080837256337
50.59348959461991
60.77767488220271
66.70887708113419
68.916066598018
68.35517153355202
66.1683771155027
63.00286193218472
58.25047283501159
51.517354827425464
43.8353788918006
35.19397343395034
34.14590511353949
37.54567298291931
39.536932778894545
40.720523302850715
40.62175155037163
39.28714055533588
37.228941570401645
34.009789743140274
29.777885783855666
25.720994295178027
30.116705995033822
48.852140651385724
61.91589777719977
69.66399766724439
73.36789510688783
74.12554506409828
73.12700972919562
71.32498241508866
68.18071305199675
62.416272664329085
59.94606063177119
63.260472564094876
63.68079952984783
61.29862737156171
57.01901515920527
50.836510441582554
44.26085697832383
48.56205255777195
53.24694091302944
54.99303275892278
53.93810678776552
51.11612511157314
47.444554340676376
42.47524656195707
34.79038083570127
31.35456937418875
50.32972092292737
63.2308960412816
70.35038428422936
73.24160742155306
73.42841739219344
73.01563594488269
73.1404427969113
72.84914066060358
71.45447566176084
68.94086255717127
65.16505254642313
59.566995552046805
52.89658164754486
48.89687667614831
47.00034068470919
51.16168157441244
54.95224873711234
54.430299117168566
51.656909853795455
51.82950413486553
51.23112771790352
48.278121181990024
58.509909655335335
66.78375561817835
70.77042215918888
71.77244319114075
71.2111361887493
70.54247739346951
70.37762858824513
70.2040580337131
69.16844449315992
66.86689853541095
62.8322464831546
55.97629871382396
45.4522772101315
34.69735343881259
47.67509924416882
59.45693189561149
65.67575023816858
67.64749424954633
66.57479560021643
64.35592639344564
62.180811316489326
58.80934137699348
52.77779766569328
47.03739509749319
56.234620649897664
62.88664440354624
65.25668297696201
64.73143327631385
62.86984881806241
59.891061308828945
54.989493801582434
47.898055171697884
39.02043911643926
34.10152512588107
37.12074089026598
38.87773127105351
38.88064892352401
37.95461019952414
37.29550114092743
35.77391084733136
32.14250275273786
27.481318307086838
23.946776548044472
23.743280368965426
28.170132950837328
40.81461022211184
56.539763384256204
66.81298009146163
72.39179892861965
74.3770249397898
73.68302407168525
70.88368815269166
65.71872362403478
58.88841363957873
59.029386672800506
59.682475480966744
57.667745469189384
53.562269159460996
47.667309275975654
42.33211782019161
46.94524958634855
53.14938310478246
57.664811443647544
60.14638745204937
60.6552500570304
58.69692830865766
53.6521438809165
44.82582027605932
41.21749384508837
56.157260194999346
66.0394219194671
71.14410756276278
72.88222363066836
72.96958370914197
72.56781772631288
71.88471312654419
70.74781329021705
68.98996847037043
66.67973469496968
63.93303802998339
60.25516746147224
55.248810114878125
51.28607655509104
54.87239829843438
58.66376013596468
59.68507442874263
57.83990917005083
54.90265759929141
54.82237627094284
53.683809709909774
48.5027754963885
53.853475890421684
63.8757955287895
69.03930236173066
70.78170744127267
70.68723193822687
70.2129316671367
69.96304382775398
69.52128546627003
68.29241575160218
66.50395453350073
64.85305108434093
62.68697809402231
58.5327870311243
51.2979264358076
40.455393130192796
38.3662325048431
55.1927872480218
64.68974853875919
69.08450798372536
69.97072802942343
69.09297543028812
67.62267099383743
65.03761308217594
60.041293992499874
53.071863924651055
58.133247898375856
63.53363255198659
64.92833812439821
63.41975556366887
60.68558422322674
57.92820634808712
54.44725170646214
48.674745604509596
40.157542550007044
30.9477885125318
30.028120600275376
34.611784304324516
36.40605661203064
36.22236225197124
35.75572588892163
34.702682139572396
32.88349201796664
30.646426820501503
26.967805358295806
23.00040060932798
22.679384550033134
35.68836246161343
54.16219769471145
65.422879597648
71.40238456771839
73.48114438423404
73.06028173433487
71.6920124211818
69.26202961222693
64.53131063948585
60.488568598007
60.52232399866679
58.873485595002784
54.86463034632128
49.33801678090721
44.02994479620759
46.05911939259865
49.29066103047509
50.79657587480273
51.19215757010298
49.70365387830547
46.2948265900312
40.6155885611614
32.229192885092566
43.24969023449648
57.23208369872552
65.60747094872515
69.72862474667902
70.8595313150048
70.24048062299471
69.24219124440376
68.55608894091526
67.9834494623014
67.29306176710375
65.56408323044992
61.926528247062
56.829337319925074
53.17209831204516
54.75986738416486
58.38383484646292
59.31175130313194
56.9397915706879
53.337238328285785
55.307282577943376
58.62437205728766
58.39057223076562
53.74205294977649
49.48917800270089
60.25574559916457
67.05323298185815
69.90225221458671
70.40931801295413
70.37070549838
70.32567651252154
69.82897213496176
68.52912385283571
65.86129145537942
61.0342235490646
53.10699135267461
42.41036580926028
48.613846729053634
60.05014548915243
66.32858923772857
68.81391187290363
68.72999932819717
67.06212726530625
63.86758907331226
58.524232577357864
51.616473816805865
57.40929987002304
64.63139876252042
67.90509834376022
68.43051488799797
67.48052038995343
65.64819714783718
62.38158820521237
56.67043721192583
47.605606016963975
36.78722675388313
38.17120684763077
41.710618794663986
43.030091178544154
42.389321463634715
40.66718833736303
37.98977660218447
34.10161481076558
29.48463550541511
24.501620971928126
34.98323897430163
53.85143196635503
65.30040842623772
71.84572218547194
74.95080796121057
75.56392957360588
74.54761957402282
72.25680136040472
67.97734997299261
63.65533552548021
63.48085498604142
62.479905982742196
59.64503412713451
55.62407480458066
51.07605302067016
45.95326117525211
43.506649001338005
48.25294926660304
51.83827167597208
52.83124716376186
51.49012121764266
48.35570593725788
43.274435580427934
35.34661675805616
39.626212984322194
55.633035062404005
65.70244753373385
70.81319835189656
72.44147608896992
72.69370151076036
72.99650023851092
72.94152269944583
72.00798512829387
69.90138660881102
66.63742880468472
62.72775345306876
58.82372671475479
58.77690810878644
59.541224765924824
57.06417495515485
54.18335114626189
59.527749294104744
63.12139690558876
62.227762982011384
56.62543929329435
57.28941357809433
66.27861610375565
70.82017646120129
72.1850266793395
71.92769613691617
71.37038419059573
71.09313953474592
71.11473581906708
71.46765994164808
71.32098000530718
69.66783549792258
65.5835198161796
58.127910504343994
49.3844426978411
60.54811148104122
68.74342725139667
72.7514256450182
73.92065746333125
73.0924266641334
70.51010924595744
65.76721121673191
58.37491337324895
58.402650269966614
65.53735755773167
68.79317428408571
69.01134381157812
67.38261067144941
64.55002506572714
59.75439898405498
51.51104875560863
40.92920360033904
41.46257842679233
42.92672424412608
42.54022643104719
40.565786419212266
37.57319268470575
33.82014703374732
28.673126123150645
24.374617648621665
21.74504656583311
28.34494865743279
51.06555952212611
64.84442587905316
72.81642167604315
76.63872415695563
77.38970697303655
76.21497838174678
74.06540248138813
70.67654410305752
66.13479798077039
64.2779694864086
63.293459055411475
60.288344489935504
55.37632203397908
49.314063385405774
47.23616094391878
51.38436333436789
54.86848709589854
55.8235627940358
54.07966507077013
49.680099866831775
42.30349111043138
32.76251071511139
47.6686682240777
61.39939974850912
68.8449706265716
71.68494445440527
71.83564785464952
72.14075970852683
72.88781693462482
72.92889172771314
71.9451182147303
70.23042086927289
68.54144775605909
66.6681770774482
63.12117195680449
58.00632694971241
58.148136720824766
58.99724736410505
56.47601706855231
53.14076709768629
57.88027430381064
62.124297389851975
61.865101735664894
56.66057988905254
51.138983648158145
62.11274075525268
68.91411441590515
71.5310308118154
71.45960294045165
70.66681900890946
70.15007700908923
69.69183363574689
68.69046144528588
66.17006296768632
60.859255425739505
51.69887530965721
50.78613502389001
62.84138492229591
69.75473178492683
72.72471794183109
72.88274925675937
71.25104820877198
67.83067249094151
61.85594086505917
53.75194707130049
55.33617035519622
64.53209417142932
69.39991744897927
70.73105087748199
69.79152116936002
67.57556134114185
63.8197515225194
57.55174968611777
48.3800648084612
37.893220279420824
36.618882434579255
40.1836736151116
42.47936260505608
42.93717759438547
41.286887912271425
37.82396678428516
33.358672497889096
28.768435474086832
24.132701665157693
22.2360746592333
41.11031978026556
56.93422164644972
66.65833097176409
72.15493989668393
74.44744216968738
74.33986402101547
72.6548058595079
69.75761030362156
64.92607866238002
59.05907709634795
60.74158417482097
62.20347186301582
60.85642507613221
57.69707244172715
53.980551911053354
49.796723315297825
46.844988245173276
50.1631334439795
53.294762525559534
54.422093070439075
53.28986885697202
49.129175354758765
41.274178327842286
49.34820649740595
62.37058930862997
69.53604752235167
72.16268301771082
71.98853351333553
71.5578748387562
71.48918509149111
71.3504309993231
71.09593858311477
70.18970916834816
68.1401829635801
64.84390801253872
60.29711300416562
54.728030860813426
53.78218000033796
59.21217884303576
62.3962672482838
61.83526894984635
59.10817874224854
62.21558586682136
65.40107876746605
64.38757426331651
58.94359205072539
61.06750210497445
68.94907506209563
72.45734820539167
72.71935702555909
71.54906943691842
70.56252249154109
69.86446934540673
69.42221566421931
68.62410178347199
65.85510870256489
59.77708842851284
49.44574682805295
50.97641635335319
62.373216081096615
68.67268898715922
71.21702537981913
71.0034030727384
68.48596234632905
63.33173054443411
55.56599546751133
55.05125773121776
64.48611403243908
70.0160435049664
72.05651298663842
71.56189950919142
69.16678100344095
65.23087972681299
59.89570476667641
52.584991973884826
42.17262371448378
34.912531673700435
37.423889347483936
38.76429134202369
38.8376471756341
38.21120443903797
37.864095679399064
37.00965700470195
34.39242511084235
30.643453539257077
27.418068267065454
32.41482450322564
52.5478539115861
65.07309962394038
72.13577521195826
75.17816079837557
75.0131007132308
72.52813187298582
68.88171176809172
64.22130723026811
60.437039340552516
61.28332931461799
61.188326834035564
58.92715663753204
54.81823891185161
49.10487491117195
49.55163801411935
54.67832093339068
56.8884353450845
56.15097168096585
52.943713196821555
47.828115867140326
40.44930193640319
33.644109557922526
50.53833836877401
62.69338223437167
69.31033355584815
71.82157750205477
71.74935384191667
70.63702540780065
69.29764853116663
68.17312076488099
66.95627464370918
64.81953098770052
60.97369519879466
55.177966099681996
53.47547085215364
59.5475854139747
63.267444660148335
62.98758263355473
59.30443743806275
56.94874432039883
61.165651698515006
63.75463585688515
62.17339691501547
55.98526358494112
55.045916594156836
64.73084963076897
69.83033267458741
71.42237911273219
71.32062133041872
70.94524782436422
70.45498611757704
69.79534783548752
68.02900752457649
63.84537508693849
56.33158479843083
45.60023710123649
36.45432808855614
31.59663113104616
49.4593516232143
61.750951498240845
68.84247298394827
72.21875296742388
72.84564866628384
71.36854305509574
67.72334811736316
61.55061830729117
61.74873871938285
67.44924161462654
69.51953038406559
68.7299539719829
66.797438925338
64.79094719682698
61.655199416499244
55.73026141307913
46.31833335793943
36.56997245925719
29.87385426920212
25.021839846132565
26.608587774243485
31.04905203230001
33.21516351162669
33.98862103456339
34.31703751758276
33.02406239692858
33.93745865487637
53.25904424149929
65.61206668792701
72.5029765690754
75.46542105023916
75.5630789822688
73.9271839124694
71.40140645073007
67.37491297633255
62.900850536361126
62.37207231300644
61.62880673646224
59.24911298332959
56.01016779068395
51.822742503611025
46.18102534101159
45.11823613022199
51.702712104367706
56.12428076861402
57.7583180260784
57.41048325723704
55.40463923177869
50.875088653512705
42.55306077577967
47.216793022806485
60.9987214770203
68.9246138334193
72.50954227116375
73.19591929192363
72.69349466275179
72.049101065772
71.15929623622998
69.85066455977017
68.24619905437133
66.11391018641922
62.54374591656798
56.353738580080844
49.68036566408369
53.76363622379199
56.70451468351004
55.93866331760711
53.541457512970524
56.581708054084345
58.569485470551754
55.9688630940061
49.43357209081182
59.24522053582681
68.065554720352
72.35303996849864
73.45105568862637
72.86605310294677
72.16656840927888
71.72414537061775
71.1918951654695
70.40697342364597
68.63967586383062
64.81244682663568
57.964818345109975
47.34244084742507
36.52411036780889
49.33699764100997
60.69533302666745
66.99881327550277
69.56423630045117
69.5288299639786
67.54050131602614
63.363172580942226
56.83582105543813
54.12728517706505
62.8109895733283
68.31766054211403
70.17240795837871
69.63437526677525
67.91748656775883
65.17371042750737
60.236078870419625
51.59043301373163
42.03117987038883
45.117569504988936
47.56003784283308
47.65430493824199
46.568640574313285
44.845451869312775
41.30010107068153
36.07195269821947
30.80768281532789
27.232476460500862
24.690377234117513
22.97227519204746
43.600117922779866
59.09217931259547
68.2360646678271
73.12847149451316
74.9799857914475
74.54002304787407
71.96712898086747
66.99640122454353
62.3655373863256
62.13963988610235
60.06866999811272
54.26513931226126
45.55742871202977
38.563346812965634
42.6579066186016
49.54673436305738
53.22415517111626
54.483445095873925
54.055813071227504
52.013613490252276
47.54159499052773
39.82092849659524
48.210960795587766
62.4058111485526
70.74834211232644
74.80505586494391
76.07884841325176
76.2578235844849
75.98934398963155
74.90000310855447
72.77676877703809
69.69819969442303
66.26851537966749
64.09259768401846
63.40584369223038
61.45735599167998
58.30133223674525
61.74986567953383
65.44439903654089
64.79612296510094
59.42476819443272
60.31998679862343
68.53271615625891
72.3570008558329
72.96666272470729
72.11741743068157
71.40332631332282
71.05435881148077
70.86083166556773
70.7244145920012
70.05640077657137
68.09623509003421
63.857912566311185
56.30909690033795
49.49055191292545
61.851714764105495
70.06671672088454
74.11826889963916
75.08019613847067
73.66211916783259
69.7143896734477
62.7220484887158
62.740152083583865
68.41907623855865
70.44602138571533
69.66986925938456
67.15790307724697
62.831798411055
55.366005954937165
43.336233387086594
34.79496104415427
37.334206837058545
37.904560981831416
36.53282854186678
33.9703597895489
30.684396863688846
27.072043680896165
24.846824124165884
24.119300165181773
36.38110588728199
54.10990124538732
64.74819822975232
70.5258612336927
72.90602742167363
73.11330138067913
71.91912346664688
69.01964710779163
64.25145161609193
62.3234998771984
62.737427514395236
61.171362495263324
57.13045307493093
50.61522975064693
44.661123410616675
47.54053134285925
51.43866244011825
53.48917375549234
52.806079237622534
49.12414773125579
42.143599176737894
47.07405435029226
61.63897474715515
70.24738722895968
74.30980750193115
75.03818437943393
74.1790274530906
73.2415080161286
72.07635213035107
70.29990468215513
67.76129360334537
65.09802768555036
63.91628298957202
63.41325947357814
60.90103985775515
56.19744899040956
58.692280194062654
62.95481398308199
62.94536803448779
58.44334689056491
60.47309576011046
68.7412410745261
72.98936916839318
74.37303475704022
74.08201630539206
72.98976765083361
72.25096679882778
71.97166158227992
70.27452091195002
65.84034097940454
57.99925461993644
46.14057556793326
50.033779523182545
62.96851482409242
70.42812351475743
74.12914075251207
74.80815493070914
72.46628794395667
66.66251408417742
60.43641862230807
66.54935810353632
70.21990800860424
70.22723658812633
67.33567974326411
61.96966250444592
54.06267734005016
43.55469769286003
33.29294488467517
33.83128580006176
36.44429822449566
37.388719309506115
36.68739191545216
34.702536053214644
31.728793887762063
27.730970057216982
24.559574455206985
23.479290167174376
34.65167136499079
53.639908075720875
65.10653649392792
71.42715844743685
73.95446676771718
73.68772509235174
71.40153317631837
67.08293983588104
61.44874221234084
60.6081865346372
60.40323008514519
57.22583727287419
51.54429340168252
51.589037465349115
55.69385108656305
57.188785504058146
56.237796571438274
52.950487629098184
46.4395612930695
35.907033581476824
48.99928384059352
62.81670218193867
70.42204499517376
73.44539848815973
73.42268782044016
72.45879446481186
71.59758966537802
70.31279794188292
67.98022849568368
64.95446336275317
63.82435066750463
63.24910872454048
60.140511339344215
54.97032426447105
56.618714102908385
58.762316001289285
56.33182935881685
52.69258300009571
62.97165682412967
69.53011920076155
72.05691448037173
72.38037712210783
72.16077314985847
71.42402122561035
70.46523620842325
70.33140516510818
69.56060618979181
66.20377361824421
59.157015621038596
54.7934809508893
64.1182186798384
69.27342181229098
70.71290704883782
69.20336156722996
64.94869459978979
57.69955417896645
57.60673394470445
65.13058435542254
68.79364966883007
69.58609061392805
68.66212952316184
66.43676705064553
62.30072862068312
55.0850003945223
43.77127296192535
33.960922297118934
36.767270577533445
39.48300360409513
40.78384143055172
39.56226811553621
35.99464278222309
32.147186482816224
28.44103440134643
25.880490703352464
40.07555977054898
54.543697729294905
64.29473496651306
70.13937880035616
72.81102869781657
72.98320626925727
71.39874528022375
68.32972209882978
64.05440857204953
62.07807331869652
61.42840210163485
58.71277521721087
53.69096961273732
49.687488701654274
51.718778566759966
53.504860491983266
52.60227660836339
48.533537413646556
40.66928617453199
38.27754330561171
56.536943275037
67.14957327094822
72.30333883362496
73.51068929167448
72.61693595639427
71.64495282162079
71.0116844395648
69.99501588297181
67.92415443276404
64.6808221460835
61.691057490296984
60.343991487135796
58.003019950466914
55.06264995400585
58.31699709768587
60.670063543241085
58.43673724651129
53.64711149808425
61.838869363015505
67.65029794335307
69.3962513829803
68.75243116820185
67.66503672842907
67.05135144289486
66.74291134702345
65.42702666124472
61.40942692216905
53.766842177010396
57.03118769098836
64.25240171477046
67.27013434010014
67.14947472480218
64.66735056357626
59.60246433303052
52.64920963595567
57.2331578473521
62.68255824627852
64.70305001410372
64.72681031374813
63.56761395321701
60.62844837675382
54.943997785342766
46.04564968151089
35.412464809847705
34.067536278008006
37.185287770013744
37.94641081120262
37.17346190996507
35.118819178678685
31.171591024161867
26.54470859261005
24.204772096897766
28.321420603174463
47.407644572569126
60.174423737454106
67.53163212552339
71.04655065121659
72.01285266735479
71.19258995064728
68.32069660268796
62.85289515142218
59.02744658178677
59.70828014412202
57.56558980186608
51.269738299532705
44.51509453885612
48.49201501027039
51.43848242438098
51.38307507311655
48.02660800709653
40.94830244681424
37.13841976687703
53.873701398291736
64.05015045358444
68.99583668239656
70.27444266857479
69.67306364855729
68.39635641303599
66.5969589956761
64.42548871725944
62.19569291750087
60.76681800026045
59.24592116974203
55.773944367298036
52.66310710483839
54.1918746525209
53.487281909165965
49.02659376287397
57.820882978737195
67.09504477868755
71.5124518810236
72.40358169861904
71.37192181631382
70.41960304843076
70.11601990579945
69.81173426135837
68.93094711917742
66.32858465894367
60.775080023168556
51.25261887039124
53.14811897515569
63.413042229949006
68.56013567327021
69.82345190208802
68.21592553076269
64.18256887221281
57.666765470757035
59.59241471439283
65.55988341925482
67.66413561302575
66.85182636217392
64.05014732142607
59.0764676525053
50.723171963514694
38.05367646217182
31.620387595986173
34.37061935920097
35.93778267543554
35.53564527938859
32.99302701308752
28.691277085076386
24.353653219567867
22.44568176888347
21.126834549643835
30.32504401627746
52.18114581550196
64.90492798092342
71.67518012516952
74.01816803489118
73.05037956359165
70.40344163021682
67.42576479402624
64.32841856559458
63.07081451553758
61.68113761098553
57.537743395249976
50.94343291617864
48.06391414727132
52.33497370351235
54.94424196177096
54.476281675376796
50.59475984867908
42.66753693312392
40.186911534806235
56.56427975107719
66.86173965957788
72.0592192079763
73.61315147127691
73.23288090100434
72.31258657361212
71.19439820389202
69.77193428518626
67.47638974034848
64.73836359419053
63.61734079766049
62.4100384015087
59.048489797860064
59.70674650256507
63.468427230429036
63.03231910652098
57.669632044017334
56.2709438522717
65.02538899538882
69.06890992687073
69.47148077875575
68.57192047341208
68.52017972507417
68.83723616073611
68.28306035613888
65.42002794533542
58.97677704393559
52.24090793587037
61.238524963641595
66.97540318827593
68.92740192954162
68.25379102896606
65.73410207377107
60.93456314541327
54.37904139636995
59.90593567213497
65.65813801385507
67.50871696459242
66.35504190627697
62.866915797587595
57.010684320476976
48.18433368902686
36.885083195741025
32.984542275470815
36.16132241506096
37.4688855141197
37.33207028228477
36.03631176014683
33.516954832103906
29.886481385475175
25.70410737454558
22.107104382201605
21.100550575135593
32.52766937443659
50.732933483895366
62.07371238989096
68.51172716618734
71.36821488800885
71.57626784097153
70.1761717108225
68.80081496704074
67.90535263527558
65.76363047817038
60.78643440872375
52.94782473955853
52.43018268812057
57.900895463088816
61.76452319757368
63.34448652567683
62.46959285648722
59.04402740945193
52.9150089577942
44.16752701462153
43.54286024011141
51.5629225532759
56.32607031995942
58.011978369904995
57.26189190633622
54.687216281088254
50.393470971286554
43.43820530871938
32.20655843336529
26.869133526892334
46.02042125473186
59.923107955621695
68.05193930308319
71.77155986182004
72.33106740578816
71.26156906146063
70.42991999817531
70.42232127801466
70.18261586705238
69.20380321719142
67.31766335664572
64.28585864820546
60.055935362627494
54.84023680696808
48.63921364611716
44.00096225258814
51.633775890079356
56.72781729400094
57.242790952404675
54.22771251789812
52.80491723220722
57.73992870833048
60.767504359991605
59.37738995734104
53.317718212244934
57.20886485642918
66.72659480362312
71.35332492294175
72.64445140041956
72.49005519268023
72.51035047147991
72.64559373918134
71.83903774385396
69.90449363642063
67.80454093201777
66.85779265821506
66.66516265406082
66.22608794667843
65.39160890457659
63.387795376136616
59.204607288818224
51.86841146882192
41.32724573281379
49.18247888029001
60.270646222237374
66.39556385006681
68.9562546943402
69.80438387246
69.77558384524352
67.85313224131981
62.94926736675001
55.799783182865355
60.24887237765548
66.04500681986912
67.85408794472443
66.56005196563159
63.42764424535004
59.30521425338937
53.8013744347261
46.39535924784696
38.07086870724044
33.46953774021451
36.48861085453482
38.830443408150316
39.38362285511172
38.46301206469035
36.566996408361
35.05064194661222
34.003458406061206
32.60898116295689
30.04014601273191
25.9769097237931
22.900369237936644
21.880160106632097
22.494540963953064
44.55185068661025
60.45499817015734
69.87202097552685
74.82475800060516
76.3031842796016
75.13701170013803
72.77853835005924
70.49921084463185
67.34481937998895
62.45677138932911
60.616961993524676
62.776640803762206
62.85232257884954
60.681015493900205
57.172444203863925
52.84335715519206
47.46727424141831
43.5781439356644
50.28319860285448
56.26745654662487
58.72177288862174
58.16106364265696
55.39269954206936
50.50071614937756
42.324622153240846
30.73996010543217
46.121102652985456
60.57020493561696
68.83024511151976
72.40947412614236
72.76926395311742
71.81135857529398
70.84671850731934
70.26738145599447
69.55046556069199
68.03052622258187
65.3866525628804
60.94382240524431
53.62489745780842
43.35808762657947
44.247355124867724
50.1310778417933
52.47818755382931
55.57479671989812
57.415294230212304
55.27852078032875
52.03331212475121
56.44152735288736
60.05160929968699
59.45654052767473
54.33922684254266
48.85230889579732
60.980455572646626
68.57053452831836
71.8220763014956
72.30376266225483
71.82811862306575
71.51581515945532
71.28368408823589
70.24665569096885
67.04039712915653
60.51449529897843
51.312616438256114
51.250804411691306
56.84203595274497
61.6009721768911
63.38278007801101
61.04000167141227
54.05459170854976
48.402437721644674
60.19677573462249
67.43030272350259
70.254543277576
70.0775323181394
68.51903788473697
65.67030770746922
60.38891854716131
53.74440652010483
58.69657779683252
65.53683560379011
68.74569711116034
69.51467498454528
68.71775637676122
66.85476430862411
64.40421182163068
60.80955797679459
54.533089358515106
44.33044514424782
33.122152467953846
31.576097819398502
34.00152963593377
35.721889195069856
36.46013563841514
35.96824733413102
34.37358896953141
32.625531168780775
30.756647970725226
28.26742666133905
24.6842512937782
23.271203805286675
25.650923279009582
32.449839129115
50.287522708729526
61.802391139903825
68.24000439714807
70.96421669516603
71.13728235147953
70.257831417124
69.40671102045661
67.90936423021493
64.49041606658321
61.187458976247996
62.56064831041851
62.965448410212936
61.052390948940726
57.128561672715364
51.018282383143834
44.66905173822994
47.64617370864038
51.98337269294083
54.89376688627737
55.471267330051774
53.85211241922677
50.782681652995706
46.00055171787611
38.13803236961397
28.504980512859195
43.12509478225459
56.992762997306656
65.39802125044103
69.55484686395994
70.77205300454193
70.4431079861788
69.48534899292503
67.95453514853242
65.39877719481615
61.03398714399474
53.95125855519189
43.43739252250693
34.52083019444634
38.08639468423988
45.12179439783867
52.52228749509939
56.902304070540964
57.42221495453965
56.92799331864538
61.128937463820506
63.40319112334562
61.371333858639744
54.711041031571085
57.74012871317779
66.74950774406747
70.92205743004905
71.70763427597417
71.04221178249924
70.4922936382826
70.11640832472472
69.74493288715115
68.24765267286439
64.16414965171964
56.97469266878285
51.513704026616296
54.607537851557275
58.650225346897884
60.51562245483433
59.26004039120258
54.150522331370105
46.04562353313781
56.69776889060822
65.78866760999001
70.20145976690027
71.17107808111479
69.61268443189232
65.51969353258477
58.09200831222487
54.57742098471124
63.61863825319375
68.48144090702763
69.58136486707784
68.18168553588316
65.6362665210548
62.62619936289881
58.649709528227014
52.37493402123096
43.10704857407144
33.640799382810044
34.67652285091329
37.01365628021388
37.99922018983448
37.652185436155335
36.44541854599948
34.82740911756458
32.94651897945399
30.56598677223477
27.629739385798477
24.27348603825568
22.243444127556455
28.44316049374523
47.36836956686699
59.83934599373521
67.50364211466105
71.76779339874057
73.41482393231686
73.00661598591245
71.4449952030808
69.88682322319406
67.47726480441168
63.035455635435284
62.811041247425756
64.97569691988717
64.34135328060775
61.2353306664123
56.277527191895246
49.277128289183565
41.41869577433167
45.54263078068489
51.395999055953816
55.00418200650742
55.88610549870802
54.27077600289218
50.51430895465057
44.20674689660886
34.54155859099081
47.89579068292754
61.65554663155149
69.22426048036257
72.33222805028598
72.58838713204555
71.9061557442155
71.14006158430068
70.30976651884267
69.17803832489798
67.1932315443654
63.67901338230809
57.93171106521168
49.667051784474296
45.220374750707784
47.44586038363981
52.22226846857238
55.58079596133734
57.2696593118798
56.60716269993992
55.68362270409025
58.41868124661257
58.546871819224634
54.158337863671164
56.79181227559862
65.8682969678229
70.39658547130317
71.52357848616313
70.74190208092884
69.49516166829022
68.07873022495625
65.75420859297734
61.317677306198
54.01767981427365
48.89775841695724
46.95716250710579
45.43536641319137
45.64331929651247
43.25579056418611
39.12857851142347
51.8676443054495
63.68340252416296
69.97130718706403
72.27323599433353
72.01944135133607
70.52710692800088
67.82854747117403
62.93845973149463
55.542161118459944
57.29836448604669
65.65515159202639
69.53683897062759
69.70584507651228
67.48706776940024
64.46798851991952
61.032643865130524
55.774341047525596
47.25755486648748
35.7694291459249
32.82236952009238
36.39259371145565
38.39947448856666
38.55960102187235
37.529491398799195
35.70368641413869
32.63983101717093
30.04418415335153
28.86789517540341
27.009594207380815
24.0413025101941
21.32790935731235
20.393085434680703
25.413168441540932
46.87465088402967
60.86631737477083
68.86810196257295
72.47194921691454
72.73041314763088
71.05634397105445
69.34231057451862
67.4902368736668
64.06769677937236
61.39553125170059
62.710641372147286
62.799274263459935
60.572826888615296
56.71924224339363
52.228166056852615
46.97628135413496
40.49721106326756
42.861720413718245
49.36992063509046
53.63348499281977
55.1216745685219
54.31560992200958
51.65076186232747
46.144547148938074
36.66158787708244
47.73215781157131
61.25892625110794
68.72126950476223
71.80038729977358
71.924820756787
70.86376442887462
69.9304292643139
69.04165556154135
67.40309745843148
64.4318751614812
59.742833918936256
53.82000846133711
50.01750789580467
48.517253422872486
52.50150877483868
55.95901453182931
55.35173520181199
51.71590623790429
52.15828918252537
57.335086649286566
59.38003329212304
57.373671772173694
52.5742281287075
60.76769655363462
68.01887190716406
71.0663388327739
71.39616614738654
70.98432245608196
70.79669047470077
70.38889062948074
69.29134493217009
66.8899417345442
62.208045507407306
54.60578821142488
51.497813095362595
55.23721578417448
55.584487615483454
51.284216252781256
42.344597016802425
42.211034756796565
57.45924200827098
66.66851139492152
71.04136837178038
71.8895855503827
70.6428653290794
68.96791644151102
66.89037490880945
62.678740095848994
55.72931489119165
53.80371019171082
62.372743235595394
67.36128861090802
68.42429383499876
66.46767397496232
62.65230731942964
58.19963023546478
52.858468631463104
44.80137331249895
33.154046701173066
27.672104630062336
32.5774413879494
35.305558754553196
36.56656472483545
37.35820410196935
37.085183541821365
35.329854512585214
32.218857557780815
29.01320279453448
26.976493786393778
27.39055137704041
48.5598875832541
62.96540860473758
71.39795862697424
75.71692104656906
77.12513188482232
76.52471015360045
74.61829813479805
71.68415571081972
66.82321217237937
60.29637868347697
60.7987130593704
62.74102215778218
61.987991525004354
58.60172599057161
52.615526443894886
45.77440224894509
50.592449200168076
56.309221308905876
58.68758825875012
57.7606702597003
53.29895034398527
45.245263762881606
38.079364829082884
33.4693878336296
27.71202299303582
42.14122324222594
59.80748217855711
69.90142790262945
74.82910052237321
76.129544115691
75.76330832543991
75.02666078246843
73.32300905034433
70.51710738256345
67.88041180583944
66.45005688127863
64.58452473293161
60.7171316770511
57.2793360663212
60.433747565508625
61.635149477754496
58.00676019189836
50.438050208451116
61.58981406406387
70.63606406297262
74.85826235384525
75.89654139469617
75.72263998305316
75.55678695614478
75.03521173471508
74.36759629042484
73.605448203909
71.29991065172638
66.15112552447084
58.49987672726576
65.18975926146257
72.3529913657774
75.69190060923643
75.99188369860195
73.54019040359817
67.97162946625205
63.14705664124044
69.86902426338145
73.79837630843609
74.3345269210583
72.29595020424306
68.01518493106657
61.14767536307137
51.48480472753779
42.149313222160444
34.652595567658224
27.49345477314367
22.348303216095715
20.669290053638374
20.303609800488125
20.370326589204282
27.799509663859006
50.31704842070628
64.42072179696551
72.63843862917612
76.77892245587535
77.95878309445031
76.8304009148052
73.56845172689765
68.5746997489358
65.75010834658073
64.9488882690166
61.69742659924044
55.344320629559434
49.01488556016162
51.8777056081699
55.235781276599084
56.20535593666409
54.14773889493189
48.35939613881565
45.310609471762305
61.34766042594548
70.8499454637707
75.34080674906922
76.3565370073841
75.63221231519853
74.40048824359994
72.84029712397876
71.04041982320385
68.49098987241227
64.1733960317316
59.814725721281604
63.89557219239404
66.48794365710972
64.37263514084972
57.47977047340946
62.12664832708946
70.46264642085995
74.32873882486686
74.91983531073446
73.82813384553886
72.94507007803867
72.54093202329905
72.00066139713775
70.6425197258004
67.33222394364924
60.80397408600141
59.4321215981827
68.63629661372863
73.5428598186782
75.02289345741077
73.95793559457599
70.43501235060295
63.81532117199732
58.90058643694915
66.3384427919964
70.49874760604
71.12754268875014
69.05228426195961
64.17406389860398
55.36844408482639
42.88457993361641
41.784312776122825
43.01380304524751
43.20454171628568
42.380185694142625
41.42995710197642
39.80024312709945
35.59373472387926
29.56906755110112
36.115305370205064
55.41959989985025
67.01404258573267
73.71126761665242
77.06041993646318
77.77533528000676
75.88533975997534
71.4986493519938
67.18044012704817
65.45806359367083
62.531914973354105
56.42346749031261
47.75945139760225
48.91179500504258
53.95127327809086
56.05386544563308
54.95855964618543
50.376787796280794
43.71003865280473
57.996655721339906
68.96630454876153
74.6121273768163
76.37165135449153
75.76798393218954
74.46147051185184
73.00946381785008
71.28377967937956
69.51187795378813
67.27694980493864
63.50522420379456
58.28449038994977
60.00045307302451
64.94008997895881
65.4410440608828
61.20337584528221
63.75382696690337
71.31388699322105
74.71842152003286
75.12304116924804
74.06540669243722
73.09539789271392
72.68688333877479
72.51960175479184
72.40175503318031
71.81593280255015
69.60664986508414
64.59316729014354
58.47840034824692
66.53788179753659
72.59177306597935
74.69700405563731
73.64876138489039
69.79129759728055
63.41099743215315
64.97058913995122
69.89737445106923
71.4196289955146
69.82271378112297
65.01514283988549
56.27507112688046
42.52383951165778
35.9687048710738
37.43548672134354
37.26115430651666
35.113571340393584
31.501185029774618
27.506254883561503
25.411686800640606
25.867862994432308
31.512498408460154
53.19777225896211
66.41598951809523
73.83764995130407
77.14661997059567
77.4613972174288
75.52950538903234
71.68125847534724
67.03312174368006
63.886751840651925
60.408952373427766
54.4554160150117
53.36789317142839
59.30887636853022
62.23532286810823
61.34890881330803
56.3958144317138
47.01564008067201
37.75144614014672
54.256348234632426
65.93292294492373
72.14856705225778
74.36454540849317
74.06134344682204
72.92096426456986
71.7459926264294
70.58416930747876
68.81360508385987
65.36402743996473
59.83248280696305
58.92005574639302
63.01465548314838
63.12434248255718
58.38404964705581
59.60533394313604
68.58862023603223
73.09554429913266
74.18723537760279
73.51611319039665
72.88658825697375
72.73768392507971
72.81193291418838
72.30302192044603
69.99685754848123
64.7643916112626
57.97746082821145
66.01155156691132
72.03997196909319
74.05966530939219
73.1338437287342
70.01441540770097
64.58006128640184
57.51727894544513
62.77679519609097
68.12849508826268
69.50657830601489
67.96610983080667
64.31742630694245
58.24601281675028
49.192608474555996
39.235841939573476
30.046616713878574
26.388336604251283
24.428378662743704
22.589114378075024
23.39624317792297
22.889561794945678
39.285499258259
58.411703557987224
69.45527482580945
75.40556954725031
77.81285663110934
77.56098350798698
74.79926908295643
69.45990951558105
64.8097493737018
63.824416930313234
61.1234246655884
55.51712792098827
49.491991313711445
51.37816686046254
54.41362379445189
54.385751640437114
50.8395998644326
43.782435966856056
53.46447282772094
64.75589399984958
70.91064339645246
73.262752807543
73.25360876305248
72.39446489043148
71.26776663716429
69.69692300277
67.17865195850267
63.083091152974205
57.86681419143629
54.838060495936475
57.440205169629905
60.513268019821204
59.65761598617358
57.63879928561074
65.81349800630856
71.08473986621993
72.80867187053205
72.8663390239623
72.76880870103904
72.56660098946956
71.73511646361163
69.15619821085545
63.4807459841476
60.53178991251428
68.12520903395647
72.0585582164314
72.71595518430245
70.8529552152669
66.2639400566926
58.572823116159256
60.60677843287608
67.21321258936688
69.82406375851875
69.36534923011504
66.47971873772966
60.741048832946205
50.984891160003166
36.595116575735815
31.443701299308135
34.008779574516865
34.73823930121491
34.31570063641211
33.03721671451796
30.890566619021538
28.68394087318425
31.01262307271383
40.978176544760316
52.98569227844972
63.482866456767894
70.1688026505051
73.11744874627533
72.62191231648973
69.0782450836962
64.68010628720455
62.02437311380685
58.258946779486216
52.344401407845076
51.52825537443963
53.660589020542886
53.74927172095623
51.253301954480875
45.5768042000998
52.44511939367452
64.50925494192826
70.86538744640797
73.26561928090277
73.60996896490241
73.42472449528003
72.80832370981149
71.48957063704745
69.33759386765036
65.71453001607634
60.5276720369004
59.14383262946658
61.63575471723662
60.763634418897176
55.77232130602696
62.46265243322691
70.16258571915535
73.45484976134871
73.56890234650044
72.34698851385801
71.69968120772452
71.48972075043454
70.68648045505705
67.96591804723883
62.26233907839817
64.10049337373877
71.09974720748569
73.99319595681051
73.29473969733377
69.26348030227783
62.81312883531298
66.25070507803045
71.02502881248766
72.15587625945501
70.00702127376728
64.42635945447852
54.58744809675529
43.22194017846182
43.20433309122664
43.2055958118154
42.041978201201644
40.091151293947426
36.738554384850296
33.59392163439536
54.03147377386535
67.82876897927618
75.69040586073827
79.4247631101774
80.02299249167285
77.86494141257865
73.22021718047553
69.57483715662758
69.24229926764721
66.87362913813207
60.61946628977614
53.83561813775265
57.49770715696431
59.36486911233268
57.489506574610246
52.92800674984293
63.703331551293076
73.47893297039204
78.55267800989404
80.48596697895393
80.80794016438878
80.24614802924326
78.73159599870421
76.25210147439498
72.37528371768379
68.07878425608963
68.19459362043
67.15796538280395
64.07279449576726
70.59475471995155
75.6773907395741
77.58148106445407
77.74269311326933
77.44331102352771
77.28177358540609
77.09118498194565
76.31527943147772
73.96643142561057
68.78890455018328
65.41197395230033
72.67486151077374
76.70159658775614
76.91684736622187
73.51227394996496
69.64264063622599
72.86571312389238
74.7461647524808
73.80118646797919
70.25664907948237
63.94944205859162
54.74852337258411
44.93917531815299
37.102601099706675
29.50301175794021
33.57797962325754
56.11387167225013
69.15914199295486
76.47925675654403
79.69136669366768
79.54391530299918
76.41587090076274
72.01436818598013
70.50825748725512
68.53136039175651
63.29274616189244
57.62401407967846
58.60502640464379
57.82182874418936
53.95506722051831
61.871217361442206
70.44652433633262
74.46420896482448
75.32868824638788
74.82953824350778
73.89697883708622
71.78533019358558
67.73690050861734
65.57644808317957
69.14641527975375
69.78942875650051
66.06248952654516
65.7973016251111
72.35441386911984
75.51573223794426
76.47718412397761
76.63081992909754
76.06792496633109
74.22054559036214
70.14622829171992
67.55384551643888
71.99194585066938
74.07985276092455
72.77882092090403
68.02949804463154
66.44488275326495
72.27946749894697
75.06160855922045
74.91647741989924
72.57084129417139
68.35877036502006
61.78835330915467
52.17672214411711
41.60976147551429
33.468852038487846
25.727682921736694
30.115467531420748
51.42388209547458
64.47045800158533
72.20381345239532
76.34702615006913
77.66952878991451
76.26658289746872
71.91167869876506
65.59606766456449
65.01019228810554
65.27423442756137
61.80863973772354
55.50546216814628
53.919320056143754
53.45574449545257
49.91942082516687
58.27810021079718
68.68261518472843
74.07017313442123
75.87329312366384
75.74182405965753
75.0787672843079
73.5695594723648
70.25203322451824
66.14970754390443
67.18679482327912
67.90415245131464
64.41487583852197
62.496483761453526
69.66095121392628
73.2970831142311
73.69399853445714
72.37272123004178
71.17108960527204
70.69383665900952
69.8235991151926
67.11219414595921
62.58420578906711
67.45249623207158
73.51824609471598
75.88613493190277
74.83324446876183
70.38508704711985
67.67759240212213
71.89657573895464
73.16156630621693
70.76738380256953
64.47118020494152
53.561725757726876
46.438857710776546
47.24663356555511
46.22576590545638
43.79344176074368
39.761709743072004
34.20537393558555
44.191224445413404
60.32677608907029
70.31067517309799
75.7229688451424
77.43047414562719
75.73105706997617
71.17902586960615
69.02190509463104
68.86095786786459
65.38456890102525
58.735888244168244
58.97061524337295
60.82547843950513
58.8154207352635
58.96633845790404
68.98266509199908
74.73751814889975
76.71372184525824
76.48892728617948
75.53396367774774
74.13770030268756
71.75162673129026
67.76172386450367
64.01169764207167
65.44674386660407
65.26888146050479
61.12408433821591
65.21056368501402
72.12823089775364
75.0527784756341
75.46296260061223
75.26362360751034
75.28436429500493
74.90116447644988
72.67820630673205
67.49114821598607
65.74474717771477
72.31910191401943
75.31910584405023
74.66121563873965
70.73760591270087
67.20634921587714
71.16098129204501
73.84028949528786
73.96189298726627
71.92621431049878
67.38430227957775
59.44359544328354
48.30787761308399
40.26567927949435
34.15151924071209
29.062121729820603
43.154367690773114
59.3901720445992
68.70563431796636
73.3834896488027
74.45817119137125
72.27145878761456
67.54607822582818
65.3533516896439
65.16817156261922
62.43085264987164
56.447720087998874
52.36083730769615
55.345644702325814
55.860784249036485
52.610237781352296
51.70692938859019
64.22785485600559
71.83448022431377
75.1849023418931
75.77666673544941
75.21380760873467
74.22458599934726
72.27249506561158
68.42556954738714
63.78969163564568
63.13431543450725
61.34624248730801
58.248810141296616
66.42506039503803
71.70635709879814
73.01419521459145
72.01538467473165
71.10403107309583
71.40943286851824
71.30201752937862
68.87185633336571
63.39118457890447
65.7534119774129
72.51039376828703
75.31664674699688
74.61536651871639
70.95759522395055
68.59687388425893
70.71637371892135
71.30315743860791
69.56646135683687
65.20054999689963
57.109795227028755
44.27226346073762
38.4372878306769
37.85395787179002
35.603532854985225
32.52279752033017
29.713057295891282
38.30977141386097
53.812717022427
64.73708671524055
71.20465167740949
73.57279892345738
72.41137532804686
69.96376665602354
68.97488631057587
66.72932858497178
64.16621173980195
65.73865935748609
65.60753335042865
61.644680176793685
59.617622450793846
68.06085110858845
72.78740872496479
74.16254843444807
73.81233256726308
73.44405381822566
73.18457779104192
72.38015189689415
70.32056577641149
66.12491125351474
60.85652974043714
62.24292306502042
63.62371976778725
61.189972703627554
64.57298530572591
70.27872378987253
72.31373437315442
72.04287351677638
71.46455549921474
70.48864108615676
67.37935378722419
63.35565950827849
69.36494008031717
73.81926306178598
74.3195268804283
71.21525920761134
66.70683241924031
69.63360691732292
72.1409228027835
71.87221435557501
69.09727248475403
63.34709280665403
53.57959633301892
38.94050919278983
32.207571909459276
33.384206659904336
33.21141830873744
31.970039984086952
30.10115847371676
27.511295454432986
24.255126151015205
21.522742462348315
20.301098826426074
21.487597537678784
38.2997564558074
55.17056168675441
65.38084588845788
70.98960257127021
73.22197520208704
73.08471959796619
71.88656445229674
70.73625172476542
69.34734514865494
66.47199885874137
61.4800241996834
60.610655810945545
64.24434266262875
65.20583810259214
63.350563594424045
59.04238457740374
52.12010610130936
48.329406839219054
56.399443865132575
61.23054233095603
62.555827834593615
61.16695716340616
57.46949246725532
50.92102425777909
40.2912107554393
30.65380279533327
49.671417800462464
62.54158527024359
69.75926869609
72.82998066138342
72.93088522149307
71.66610861933316
70.7281259514877
69.89526658785837
67.80209502729286
63.53190974548657
56.92227108558213
50.60037138135422
56.30579821029713
61.443976019694034
63.26995582103563
61.74883419795188
58.210737989504366
61.246756738040766
64.76305440482713
64.3113998504218
59.534810954011796
49.78823592480693
39.604896477212364
52.0596245512307
63.9894611472291
70.78810118262878
73.83755599298712
74.34110215901374
73.27949114141249
71.83932341335259
71.0464315599084
70.46384902075965
69.42229678015549
67.53707528843412
64.27345999793268
59.452714852056154
53.90469437478802
47.6149281119072
40.026936253881914
53.19470283242617
64.74120614275273
71.00047761492584
73.40965296181169
73.26660374394122
71.76475685028797
69.11131306188052
64.41450287658165
56.72931282827574
51.204515577042685
59.87326583232285
65.03161712835946
66.49923970962719
65.79200094123277
64.03991946048832
60.50129221002993
53.87097358794533
43.855321783444566
33.477740461686814
36.450861678547575
41.02178478399164
43.36050230264896
43.888746593607436
42.69661530758019
40.77026316975649
38.864678782166116
36.0592297474047
32.58768230219773
28.558216182066197
23.85034503940802
20.52020384549269
20.50599262942331
25.055449801322887
45.678977828530776
60.401316591374545
69.28408726478799
74.07746914202106
75.8002048323799
75.15674301253807
73.0843839356513
70.13319735749614
65.59052668340294
62.79023937421986
64.32631866832975
64.09737692604843
61.61482048642789
57.01903204400892
50.37561227646251
44.72705928255988
49.77099805361891
54.724052935963414
56.846018054152346
56.74124659846525
54.85293507667397
51.02081039096453
44.31378102962468
33.442500172022335
39.705324143517615
57.82730061271969
68.19315267891555
73.42694750318222
75.06841921652534
74.67221178674406
73.62442546892874
72.53827703901604
71.14518469870548
68.90535816116483
65.56700673976829
60.45006560952697
53.039392540847466
51.5626968719011
54.48422345480826
58.058083109448624
62.716223225612026
64.1316939550733
61.4391969815143
55.919618655518235
56.202026773142606
60.36840819178573
60.907800452923546
56.90926179888295
48.156445176007736
54.538328214075605
65.02260909301651
70.6942469964121
72.9312259242484
72.98610483119641
72.32364958232493
71.85900064251393
70.78093199613308
67.8838611450164
62.468013392344595
54.42342391158338
54.091385324324165
61.29538408362617
64.95637831617218
64.81638239532438
60.734410839516755
52.12102679795802
38.5737769784913
52.084308962374166
64.8168066454075
71.67379456764974
74.49062228231672
74.72285997195533
73.3381949696244
69.93382064641511
63.44385933338589
54.53329718585544
60.704116434035384
67.64054779042017
70.4617302641752
70.48674717216983
69.13782392108996
67.18375327780008
64.00534189425594
58.215816285232115
48.820878788570724
36.63526839010442
35.1276179718046
39.45708229422897
42.45334719225306
43.53430138093469
43.23231602644413
42.647998081241674
42.02857613399316
41.13372036914127
39.28851918307981
36.72561804807334
33.45444713435957
29.370760823624448
28.271671077438207
31.2080988047316
41.77564983963756
53.64714385862315
60.449322709814396
64.36762067218089
66.97694636320262
67.9268007260711
67.48326182386575
66.25218816953488
63.35689058772226
57.26410666765287
53.55644340953738
58.17962703374035
59.445058665509606
57.33798799917673
52.35552376632607
45.14287800002993
49.6502204484029
57.359571243962975
60.62797426301113
60.300333571041314
57.76545756297633
54.81045594605721
51.07272133897881
45.005045336725175
35.62324748574842
32.56950759173523
46.36645369467986
59.53390313709213
67.47956038868723
71.20598939850224
72.04984340336266
71.7023234984104
71.42625698787424
70.67404118862957
68.49950966983177
64.37482268815381
57.72007171582907
48.80391401101281
51.19705886812223
56.18142469053038
57.98765895322242
56.913507432101866
55.021660756759864
58.869514128352236
61.008632669881706
58.508583268467824
52.49127456890464
61.95434051750701
69.83815477131381
73.24954047765186
73.5372803311204
72.46437823372251
71.59485701890218
71.30834301836889
70.96453347232222
69.85048811822553
67.97611459261668
66.78183955058876
68.08861312256552
68.36035830536792
65.38961438766424
58.51338703127272
47.68390831569076
36.745946339468276
51.24450576288811
64.36562814787888
71.81513970500356
75.33017486820188
76.04546023261592
74.76307292108348
72.111320596484
68.3219452450375
62.57970013045666
54.337245539223964
52.032531159903215
60.124812259034144
64.30533295829076
64.620165261889
62.37232812203969
59.39830258746078
55.68284152803027
49.36296338437688
39.27494849936127
34.97871686383587
38.6205053868584
40.26932873272003
40.11179849100418
38.937811746269794
37.32763671149965
34.8687762147992
31.376968241045184
27.007318198287443
22.412481727239143
21.020461923652523
21.48193623997846
31.62038293533826
50.60993341034531
62.88389441236596
70.17605421582863
73.7051508692895
74.3593697434324
73.22298054480325
71.85300969987412
70.37029730905177
66.84926326375145
60.541024607835496
58.66556207329718
59.95148905625435
58.79813929668151
55.56980511105409
50.70679144809678
44.484518025505025
42.54644999872277
49.91345702211781
55.351353182931724
57.92264460010401
57.61195085548411
54.748072864956626
49.32566741691567
40.54056544518215
28.375822713531385
43.78934888094622
58.323518656430515
66.60183413421112
70.4812012815279
71.47190617162327
71.02439456238682
70.1897322331346
69.38170520663998
68.25910063514591
66.35853885427993
63.321540121897954
58.24335450110223
49.84069503410802
41.875937839918564
47.174507446647986
52.63924819528701
56.248939861991225
57.85514852865275
56.94758027648628
57.74964536894185
62.67747163196445
64.48130548542254
61.88526285302319
54.43367209575509
54.89209943219344
66.08953374163781
72.13195891684732
74.32292114174896
73.95268105565032
72.77354800935615
71.94717185988145
71.33942875223
70.81775952079296
70.29642264112935
69.37875634002835
67.10964133338075
62.474768166455654
54.70214858450332
44.901736717304544
37.84545905607417
43.45394152935127
57.725921531463996
66.75325904874111
71.76386417135929
73.9581403695273
74.36308074935751
73.74204615583682
72.45088618295134
69.95021730208707
65.25326815593152
58.098639449718846
51.9007049222627
56.51568146334767
62.75308096540969
65.36690001404443
65.21667480775703
63.09957819049781
58.714783107559605
51.26349199451603
40.934549432312096
31.243087098335103
33.68481643053431
37.16125875555846
37.90418676946808
36.53627153683762
34.70952210849235
32.84119244132618
29.92933407278352
25.37290828955563
21.26929979553219
20.40359525341141
21.549124251115657
42.298259806156494
58.33828928251849
68.02780791754802
73.3052760588779
75.19511439191155
74.38851993552197
71.69797953804365
67.44094462636724
60.84975488558635
57.22399472848973
60.05176957112684
60.764284932999715
58.99603131170736
55.14526707590301
49.76698412846045
43.66535486484106
40.605468960846515
48.73756003583236
54.752083929234594
57.33271853208108
56.554463046647065
52.12280780610949
43.43916191761126
32.421047396636915
27.73385329230105
24.896102024410336
28.3519253112268
49.212875567378596
62.52372453787251
69.82426020964061
72.93329449094763
73.38367754003957
72.63551890941854
71.22082631992575
69.03951057615124
66.51254857759294
64.53454213171916
62.49930217836622
58.859695358752674
55.08099733229745
59.725645276044986
64.41342215070702
64.72339630365134
60.312837727267606
50.548916004978736
51.70933305909599
63.500939513359626
69.94582920154736
72.57848557402201
72.79337704633691
72.031804947541
71.37062758362673
71.18107044261217
71.20446297121967
71.05878683137186
70.40833036165401
68.2348328978002
63.181794936308044
55.592071608439724
62.97777898463663
70.11713961657583
73.06309253163653
72.55117376123178
69.14104149614245
62.946033270635915
54.358161173634485
57.25756483013021
66.0954983945407
70.60801114882625
71.69995045125204
70.61240611921019
68.48803431961215
65.85926829840444
62.71028967077201
58.69183080320063
52.967624287795665
43.981008499014536
31.551239579692915
31.094190068803627
34.007553601811686
34.89686672279503
33.58091101158195
30.586692420534778
27.02816418697043
23.614186050065694
21.471596446131066
25.852487557482547
46.58331879936785
60.63265513779921
68.92226603316567
72.90096999980102
73.56090045938296
71.84101027515942
68.26074803490482
63.60573413100922
62.174547433631616
61.56967669930094
58.3802994511565
52.972916172028484
47.388153148024145
43.476349206089395
48.41028248357059
54.255588508264466
57.44636321066369
57.76147715073543
55.051366048001576
48.825473060752
38.15888808090424
35.48635479958057
53.35871795810907
64.3760906607918
70.1095292288694
72.10150629571217
72.13463655119739
71.72791408231083
71.0365611121515
69.76504995422461
67.84559127364203
65.47507415935476
63.20567584949731
60.402220906265384
55.3131189560421
46.85697922275057
40.39261862763472
42.953413283802995
47.230089924399635
54.72851972671775
59.175345425709224
58.97610307091753
54.16096158900486
57.64132204936287
67.13449040075008
72.09975846176845
73.77533799889386
73.47506276519499
72.63378284449627
72.09372562046008
71.59513386337231
70.67431100269738
68.73976713462106
65.04979694726147
58.63431594910713
51.000822013515794
61.50625145540236
69.64127275864105
73.76629955986856
74.96791705298735
73.90290256405584
70.50439928853321
64.17608172277815
55.688642548612115
59.26797353416754
66.42203756426015
69.73911371358804
70.29303063627023
69.58647086635648
68.19164761283203
64.97064291877068
58.52707075845487
47.949209806292146
36.90619796481907
39.61237563047333
42.278410429861836
42.8415184605581
42.098325064309854
40.82452229004778
38.20601374457353
33.68639033233808
28.15625492753178
23.805315952745858
32.5304462555278
52.30592723909044
64.86656445531526
72.15922085919138
75.61633388486197
76.20765577360027
74.40293868066681
69.97109734000404
63.78585733998712
62.53013368253329
62.51304659281605
60.20710592931189
55.77100884378302
50.0957468382375
47.18664221217306
50.43901043975982
52.84982057200839
52.61415654721219
49.79495902591344
44.14090073172574
34.88368119564114
34.462629818792244
52.980468721219054
64.0661461185886
69.98759578983703
72.33301869109073
72.56103683496791
72.18161370661272
71.99309243511355
71.60208070162494
70.37526993744211
67.89452854144119
64.85391742373213
62.93849761434306
61.36413568949696
58.01640424521888
52.53466748495078
53.83520069813781
59.878231450236605
62.29658977357592
60.588710320181974
54.41005205894591
45.6906202400221
57.58779496649228
66.40151388737135
70.41133017700503
71.06656535845896
69.98983854598221
68.60658917470107
67.9555911309389
68.141283737168
68.08427641854966
67.12937714682593
64.93395262530936
60.801748716755675
53.77899300454372
52.34110396634453
63.768118777772955
70.21066068053023
72.69170194082116
72.35736554309216
70.23584968817202
66.58330717971238
60.74741296234886
52.987146879402324
56.53964002169944
64.1524818412196
67.58334864973381
67.70109443862621
65.23435652788125
60.12591920890924
52.05453621156516
41.70252084208912
33.83803529284117
35.86520991914059
37.8663766047265
37.9459382803436
36.431535240490454
34.81779634369312
33.5996282813452
31.521790628828498
27.912197862435633
23.500372705888246
21.731504908496
40.51628032825758
57.23561328466378
67.059268752633
72.1690969182642
73.6945645935339
72.45775002247628
68.960341075836
63.3474507361895
60.39302590513859
62.173818106173854
61.92539218178069
59.125964748738795
53.89190010736751
47.06559296565772
45.387768502061476
52.73227028700893
56.92741058886203
57.54528589596716
55.76114254317587
52.49809495166613
46.88231201725283
38.16423185139828
50.26827829583212
61.84093649534125
68.01196689378908
70.49379237138452
70.88628730503379
70.55022490227734
70.13369770162032
69.16232690703875
67.1035359549299
64.77225999790367
63.33175695491005
62.07354766319993
59.911495053860115
56.07555370116061
52.23163802920402
55.75416064175167
59.052615769074166
58.4997965435807
53.78137191534749
45.50961809701153
55.301044651733314
64.91708596190584
69.70555506140715
71.12712980501827
70.78791863703962
70.2828782414643
70.16215839345261
70.23436343745956
70.1950470888738
69.59662822481575
67.9090320074956
64.28778188450404
57.8541063333366
48.119446399253064
52.33648523913601
63.21765708552135
69.11705748146672
71.5155519213761
71.50633292044104
69.54261695821413
65.17126012011643
57.71520064444349
52.479599844810224
60.785192312172825
66.11018519063295
67.78438345981752
66.80009553343791
63.905822794432794
58.97842375586229
51.656695924612855
44.945202962988695
41.23734303190412
39.50256568018694
38.165162887379445
37.11752195780738
37.625450007859385
38.098506110505106
37.1212418315199
35.174539302860026
32.47284417661088
29.515234188690943
28.176475030972735
27.687544397176662
28.013674468657918
29.286490045579704
29.175079698670054
26.64236304114401
23.559392744291703
21.744268402102072
27.031961465356883
45.805276333147546
58.24045863813201
65.31631566545927
68.54003731022759
69.28126793963409
68.92175831644838
68.45941957623079
68.17328743685664
68.00039426744719
67.6796185889738
65.93668660028028
61.49271938255583
55.407029598237685
57.72787010774741
60.916714348298754
60.84766122787677
57.48783967688378
50.63272263735226
41.758821908261794
45.94155078303086
52.61286439463555
57.36585830655771
59.08824748314616
58.08980162091686
54.65882614192441
48.168110034559874
37.65294822304962
36.98911196126725
50.327483047798225
61.64712135694647
67.9787728763754
70.36347699164637
70.13113183863992
68.97225090715224
67.84079908667388
66.28551059701023
63.37603779655958
58.18688714772857
49.779865581634
40.34375902250622
42.055049207991814
47.272608748522984
54.11835841675662
60.21400139000776
63.39321112868
62.92753297973277
58.60846622907117
53.8915810946896
58.968540449727456
62.858868786886006
62.58180635083964
57.88072155934429
48.2896530062326
52.99980705775714
63.856500789470736
69.54620761298213
71.41707461822067
70.95575881204277
69.75935842912355
68.39800438453504
67.05405878421061
65.94792022215813
64.65118869405478
63.1062980863857
63.5898089840208
66.79541893499827
68.5507720443328
67.17858759583534
62.03535446407491
52.403810107820135
40.02022753953668
50.95085783841129
62.23125678131883
69.10700061194545
71.92592991779253
71.69123535982558
69.74530439468057
66.5962208185604
61.61140857630681
54.16441752253836
54.023000583511404
62.404244278966424
66.60693003429095
67.23512001058118
65.67009272493598
63.66981427201787
61.05160110206377
55.988005929634284
47.08770588833588
37.310867679098166
39.448809783488265
41.09191571309303
41.82641696646727
42.684615564023396
42.91309771813432
42.55715598121576
43.17292200779856
43.52351736633015
42.89727638841328
42.05173468918314
40.32867069898086
37.056200951708966
32.753541973708714
28.12847883236988
36.8512162984336
53.53641567963551
65.34966674330678
72.38247190918693
75.55691871387366
75.72286994097767
73.6873297715203
69.93846220585168
64.83396834433407
62.3757053761167
64.10042274087671
63.96834434263421
61.40544183840377
57.54083053355644
53.28604611950594
49.0663166192406
45.12278631824476
45.58092749826611
51.71617704749753
56.229596482796026
57.85408197567314
56.99134821913206
54.33956295768742
49.92210625056949
42.82685881030023
32.08662210706369
26.597955140945913
36.36640512924708
53.560375024913824
64.70360209627087
70.64513883438993
72.77710518460498
72.59407874848787
71.47048808382229
70.03498085509838
68.3546759541706
66.29365174537988
63.65060623535484
59.41788574295614
52.2767903899592
43.86165251295481
47.479150703385564
52.677896551193996
56.204834504613444
59.23558881924964
59.71895992158452
56.48717531333414
54.43383542925701
59.37907911384081
61.54257020508326
59.52484123548042
54.6179788960005
61.6266701814359
68.10227983725996
70.59241322486861
70.44542567711483
69.54823620454002
69.00914311605595
68.33723379551432
67.04184965139515
64.52581733290705
59.64242638158612
51.59058232901594
43.92620075791157
44.83374828284336
51.64498301076683
56.711604317869835
58.08979178823928
55.16260032383519
47.32749747483382
47.95054477744847
59.99167879198665
66.48723332537307
68.73192000194051
67.82886229943404
64.61411142946965
59.36815191985168
52.249111191850126
51.75695032906145
61.14648646724942
66.26206283656883
67.55256419582412
66.15663981402734
63.14196912949722
58.93469492578318
52.86907426047708
44.044226812937296
34.128135131427115
31.394851001594763
36.61521319956297
39.44727607523102
40.09269584912775
39.76427238203885
39.02623304289478
38.07192375732529
36.51649665780531
34.05325297334504
31.08768017664965
27.693943978898417
24.499018427547917
25.69297016828115
39.52982137599013
52.49599730078418
62.138897263506735
68.10918822322985
70.80014612546789
70.87279316480624
69.05733508412922
65.69326550808955
60.20536827385014
52.74298878303885
55.4398137909937
59.11369818272008
59.306062718857234
57.07623731713362
53.07677678094994
46.96167203850749
38.87064531475069
40.72726203786882
48.51802463978792
54.4623341678711
57.663543423503505
58.09423943109601
56.36074826837049
52.40892771339753
45.27267166427598
34.401082594661844
47.24253513244656
60.58860319908358
68.18270547487448
71.61471828263942
72.26680484028228
71.53879228186892
70.70858621910591
70.30320764790578
69.76250885536277
68.49015287037115
66.04246029744543
62.09719656108994
56.56782878591477
49.221011759640916
43.44040130858605
50.84009412891894
57.84530594079924
61.5960767949514
61.96820248112427
58.88304815911265
53.50827573420426
55.06986983610808
58.77610245991179
58.587539154056465
53.99393431475718
44.5935061729182
48.307284435436635
59.35398914916314
65.22428430106602
67.18152532729935
66.63492136316846
65.07616604493786
63.29902159595303
61.58969353446945
59.75068285799304
58.1865715494654
58.51605849951952
60.471829822177284
62.025138039561185
61.428582713558264
57.73374175294994
50.638552555835105
39.92434949290396
43.56018459424008
56.75664365911637
64.4026625601541
67.75571312471934
68.13112666460977
67.30053768412047
66.61621600286125
65.3427146145757
61.9811747545709
55.5401802069592
49.68866205846851
58.720879006909776
64.66079299416737
66.26551590331553
64.94350973879043
62.62188789976412
59.19604696179498
52.857122878592186
42.67791580094955
31.973689524872885
34.114938006573944
37.1096698043339
38.832025514825055
39.317712473031875
39.36929127034267
39.14654417833002
38.12519704788645
36.639587728901326
34.72908624732126
31.91011654217455
27.705081032083655
23.233565471738935
22.191809956482146
37.00816636697252
52.02601286094904
62.64107840425177
69.1212105997609
71.96802552500674
71.6654326743301
68.61486377875879
64.08875672293702
62.54796878965843
62.27566923345259
59.16682032778497
52.60294560195376
49.37025903618373
54.01811277539609
56.56809824147358
56.74545982622761
55.382973903183334
53.08855339668929
49.4509801100748
43.836945437770005
36.998831612341434
36.70708537589637
48.20247156300374
55.92894649312578
59.67865940627324
60.15174955491886
58.18160799222298
54.70519365910151
49.94586378055739
42.651460940526356
31.491546555445357
38.609058118570665
53.08701977089753
62.34207985581419
67.1713723499432
68.85564029726083
68.57626939388231
67.20599185779302
65.63560283744505
64.14003245931896
62.07560156521176
58.64699686758812
53.165686739131324
44.83161450514632
34.463839200988495
29.718140540720807
35.587449400591886
44.779067631532726
51.37619977604146
55.40560480657927
56.55741336763582
55.15950317350158
53.98379349675224
55.64998051005902
55.434011104741174
51.37055719634486
42.84107612046276
48.91878252580767
61.38861589180565
68.26808332925185
70.9003071919759
70.5816613695344
69.09713873960781
67.42521185316805
65.48814001084988
63.689944346247636
62.53935225884342
62.187278089869636
61.67274813755632
59.679895964923986
55.07499298983559
47.70764846315841
39.012784337973756
30.488532723815723
30.160870431075615
49.758066091393374
61.817791917465456
68.35805748544509
70.84235585874951
70.44343406751354
68.79599489725457
66.76905162731697
62.93611487101427
55.96192209939148
49.79486940913019
58.15572901270013
63.3186802408234
64.34598745457902
62.24854060451278
57.74760495885612
50.70014553324509
42.11643120747837
35.69211803082955
29.46035369151772
29.129671183406053
33.664201913288416
36.77128788168696
38.03879572940862
37.862341369992784
37.25278370759706
36.39913991001846
34.83240467935674
32.680912417384725
30.457848959746066
27.608239390881913
24.05373425958366
22.006092055687393
21.700335628568766
20.989690756372845
20.47355398524324
31.96414125048378
50.575804212791
62.24183961264819
68.72858944359234
71.25517673946251
70.9985854889695
69.66615589469248
68.65186493481585
67.5584731417897
64.75465693859692
59.238832855625176
57.57074291183525
61.64032763195485
62.63688203719973
60.7522018084725
56.98739752454385
51.63677180021007
44.102688980102414
33.68504217591537
33.596774923921906
43.63290964371763
50.98511345800414
55.72677917669817
57.13527861540915
55.575575827492905
52.34519624588189
47.78040375528363
40.275319746165756
42.179265336251284
56.60918690347565
65.53319944776956
69.91751319849615
71.01717403450226
70.37965122444678
69.50398830767821
69.20475932203128
68.90312453965379
67.38382855806101
64.09556112502153
59.08106924313712
52.203768179331405
43.14117449444042
35.06971565772218
37.360024095209134
43.51577692690961
48.669545327316314
52.07595468612139
51.95875675647744
51.2473352887642
55.649439367759435
57.41298914959003
54.86854803151474
47.71208546745534
47.382193011277735
60.94256006824543
68.90800791357819
72.46754046492623
72.8633210350286
71.7397303232377
70.51106758243606
69.11852434824314
67.4262255532947
65.6827896992486
64.5163731090952
64.30377492249045
63.41525772707072
60.3548272002136
53.78941796861838
42.68050992932178
51.36305604054216
62.875832764601036
69.08798540197209
71.35236606858531
70.74306750142213
68.09837072839099
63.2666494356841
55.289761664280086
50.2585405328889
59.733060814354545
64.89921500565886
65.8375220483491
63.54762806288954
59.54750872308366
55.50482281962375
50.68564685538922
42.84718095094703
32.285584355843426
28.126624786827858
31.240340645585725
33.68725923070656
34.88726155779346
34.66795887795465
33.44857555675732
31.739152866699335
29.66281968525046
28.039006987671428
27.21197454657705
25.515037602314294
22.456012679591115
21.755572069362547
38.15889225816326
54.39585492677381
64.9512695661824
70.92794102681961
73.27932557955178
72.79932415195366
70.55858542589434
68.12586975139797
65.7720403703376
61.594656866927515
55.35884658942394
58.48005319960591
62.221527651875476
62.55037810408257
60.169941309394055
55.79418932916055
49.30871972464587
40.045474352467316
38.74588660633102
47.06459360664254
53.28279480531065
57.17855464533285
58.30558615938717
57.25407474555819
54.57716642997242
49.87380980380394
42.126175894593075
45.256006130554674
58.72480820698791
66.8643761859587
70.68133770003531
71.56063531751552
71.13743849975104
70.59960278369589
69.99005413385409
68.87127151770739
66.86489156051862
63.35891617916485
57.73550938121642
49.576766772564234
40.294166161629576
42.95740434058466
52.215387038607844
58.30134658217689
61.37918229427286
60.817907846677116
56.339453551967374
50.422326200212304
54.71820836349049
59.97032911443963
61.07383449700116
57.7776349477529
52.34652320017328
61.548975069761426
68.20265282524434
70.54133933122063
70.03593685435587
68.88753657734463
68.11502764691359
67.36850545096897
66.60404616060656
65.6141370668127
64.30223780184572
61.751089527393084
56.94859953716042
50.12391167661748
42.04393902965681
32.82483857103057
32.48240747819339
49.9091002480203
62.187574833709945
68.96588630862557
71.82214814502186
72.04697336599901
70.69797798609255
68.28159031574224
64.28785195745596
57.577080499228046
52.02102134018223
57.885460746735944
61.11006328751806
61.16873300615288
59.242156275128096
55.756879484858686
50.051122408597024
41.743563701153334
32.1958038054671
31.418432275232604
35.96476274062085
38.332135577144314
39.12799218920138
38.484931891455574
36.42308387830193
33.540686790918855
30.058875357396282
26.00794917094037
22.49953210612293
21.929702135687688
27.682414775259176
45.064672983596665
57.85397247060536
66.1139171956171
70.4461587270281
71.30279271897163
68.91382687179275
63.253455328707574
57.0434197953889
59.136515860578676
60.09684229241924
57.908582300519186
53.20387791156885
47.03917143190565
41.081906283447225
45.851669638813455
53.5380233242876
58.29992983167361
59.845053725304226
58.338815186764194
53.639316089802136
45.078311990990095
33.512940594014346
48.23571085982324
61.061429356078804
68.39077874272877
71.72144970096394
72.5522007470013
72.3882893329172
71.6639535068403
70.19319221697641
67.93505157572442
65.29071833090869
62.50102109520138
58.74934334630967
53.86857473671384
51.559371218770934
57.241128393388145
61.693762808316954
61.5631699242913
56.54091575951388
45.96421281121091
43.47835112867567
58.1082764678449
66.80110133246055
71.06022492983678
72.10741702178022
71.31260677634509
70.42874959356011
70.12696629403767
69.94836901007291
69.78346887313865
69.46825502617088
68.74410848071305
66.65539061959603
62.03861464602682
53.961362433357166
52.54404093538735
63.426258511687465
69.63898495501357
72.1238365989067
71.69666397430638
68.78584338389324
63.15782394165946
55.09079539292591
58.34964067466639
64.03096165077318
66.24233067080064
65.8722130798622
62.91947792295573
56.54862291567362
45.808149258729756
32.739088816604124
32.02813593598532
31.542810353122782
30.080878035663616
29.554702750302027
28.739974625516158
27.524066109911438
27.07051170884221
27.92765572540315
33.67772107379697
36.48150295475713
34.271187968645954
38.4048201243362
52.80376020046898
61.997845402610096
67.26091486434065
69.5126813024304
69.71595365542298
68.49786954877699
65.16686752209898
59.91135955171171
59.55890451106182
60.50876319039634
58.68609214375381
53.84709494369655
47.640496945989455
50.78057919909853
53.35190323017151
53.20940395100799
51.87663018709039
48.152802699711
40.90988400380458
31.824844199559855
31.319508448315773
45.355021912407246
57.52476947233893
66.0522226856638
70.56526668704241
71.87806019535111
71.69104627846258
71.2377777976023
70.54805266787945
69.21503558741847
66.76153969373343
64.01847466777221
62.63616647000752
60.84004731825608
56.99395854591113
55.52718675076916
58.61134783977228
58.58784008802264
53.86789703444511
44.32426269392474
54.339641058749734
64.14344496375009
68.70134816469914
69.59043418621795
68.79088873987686
68.15318408808476
68.06431899264437
68.3193276155045
68.48664964776626
68.42935501057427
67.69874184743044
65.2983595521159
60.15089323725042
51.24687836755483
51.136550542861094
62.69513691473564
69.22592799892666
71.88114485575579
71.81764718239235
69.68927916965362
65.16674114850973
57.6718609896026
51.61159000659719
59.42336443264136
64.3029919691985
65.32005433467778
63.62745390018661
60.18723429796644
54.637904307491254
45.44267664810441
32.349188438161136
31.72952494363617
35.21511392216961
36.79050915234261
36.28182835181136
34.11274048366233
30.86669846652384
27.26510722525781
24.235590863173616
22.388366645625588
29.135104637137506
46.842628607549486
58.85981977336159
66.69544912050812
71.01272632918801
72.1396349679397
70.59747036213075
66.85677182649704
61.65364279620245
60.695808954701285
61.82912357793331
60.44957296096516
56.298636439075445
49.42235477630661
47.42227558308838
53.444331016150535
57.61732183107191
58.63614379169847
56.522560875527496
51.515706192357705
43.509295579275545
40.7803728050649
56.68316001740048
66.47710799664137
71.44158649584082
73.12750214526537
73.05751117068083
72.27323969050643
71.53293297438667
70.8376919720837
69.4961598664158
66.91510174234199
63.059035856555646
59.029918601209
57.79291438701428
59.13845526863217
57.857687341430896
53.190884379107494
47.25310473532933
46.70354240635994
46.80271586847965
49.149041015549535
60.01413632491545
66.38324778053314
68.7416346453887
68.76177654257074
68.43778299993966
68.6434326536702
68.75634984823167
68.34060336162793
67.51269391495283
66.41096049896922
64.50630132266494
60.443178295123744
52.8406513509892
51.4894409528882
62.98810588805307
69.21314078604978
71.28261417514477
70.0026528159421
65.60829253480927
58.12461091034629
59.768152418522
65.87156584480469
67.98658766661579
66.9163256323311
63.96447332512017
59.438939946927405
52.09669467823587
44.20156858324753
39.03760214291261
31.99000617728622
25.791778108859916
23.75088674749961
23.46228239714687
23.78557140172387
25.230497860520273
26.199145501646367
36.41464172875436
55.935541334289
67.83901790495253
74.58387934270954
77.67167972836302
78.10312927914053
76.40359319320402
72.54299139112379
67.05276914563738
65.32891294485407
65.36203632036713
62.17461937062087
55.15152299722984
50.52626806148815
54.692373132036536
57.70614294457198
58.410760935982864
56.44391387809776
51.25473870395595
42.45479167397085
32.56827883911225
39.1430824606004
56.63538957956088
67.66282050487816
73.6812718043598
76.06186448494374
76.15679637316313
75.09076812718254
73.5192195109068
71.84305427791063
69.95799735139323
67.12325991199381
62.561647721122625
61.233964513365734
64.75773472217765
64.44417369994704
59.540106231034386
63.19297948228579
70.72879155205122
73.95701279555068
74.16314180619219
73.10096191871033
72.3278625458899
72.01981054336612
71.42574264194595
69.3920535919756
64.58804021091736
57.135045726543304
64.42784825171653
71.31106500635559
74.02524001323414
73.57750791954034
70.52713597621018
64.71186526805128
61.836502275612816
67.9061841740467
70.92219167486539
70.64108929948847
67.27724578187447
60.520205081010815
49.74346046009427
41.43151820208785
43.947975875022614
45.62667586260366
45.992945906903095
45.219658403598864
43.59177756520836
40.97326327512651
37.96647384396226
44.671350326221024
57.97770964720308
67.35937301765118
72.30221244109953
73.44250853396039
71.26242182462462
66.79004895132286
63.61039433106733
61.912654837207356
58.294018251340006
53.346373529350586
56.65335589388354
61.07367881271858
62.46128893964827
60.83468996302469
56.07027946113821
48.77384944225139
58.77504314796987
68.15160084553595
72.66967244895048
73.76114585282451
73.2232631272347
72.50500019890623
71.59770407836219
69.72682962397377
66.06026755768988
60.175206221842
56.5235771451676
60.35438946780666
61.43374456039635
57.70385154592515
59.68160988645078
68.70933664944376
73.16133211492863
74.1956575973624
73.4611827946288
72.56764334863944
71.77597185841009
70.85841209291628
70.13538671660353
68.94069945806629
65.49201907748642
59.06657775737959
63.70067993507814
70.46237927595651
73.11927028492791
72.55233337122347
69.3692314766456
63.48491493928012
58.492616755233165
63.128756023764964
65.73083212678738
65.34175034762606
62.24976913025472
56.057794409969816
45.854794392239654
37.79063454394767
39.65363310391992
40.71560807347805
39.70825824067298
37.00304812508036
33.99974731715006
30.447684031443877
26.38854764436532
43.575981574549814
59.978857818498724
69.84318623546814
75.2377870208532
77.25687893446415
76.4156285730529
72.82466759934391
67.21975269156543
63.47668399115421
61.41898517978552
57.46530172641232
52.18295711006441
55.031511540277876
58.45335244849656
58.53959769502844
55.24353683749922
48.52066905004654
54.832431768298264
66.04957196947822
72.10976622126567
74.57727233187515
74.79709662882137
73.67841832141471
71.96990515307996
70.47889599802517
68.91800606661255
66.97376501116213
63.93405029043243
58.64316200797553
56.74443604271369
60.26458479128109
59.89336593086003
56.794115233529354
64.15974801144361
69.84284426454197
71.64267696830713
70.96882902608476
69.96626642208375
69.39333557343149
67.64079276431302
63.29047629365532
55.993090285554885
60.74800707540125
69.173990099454
73.19083783598605
73.78228997960483
71.79904003277495
67.38175809522632
60.15968560907886
60.15262474676632
65.59688316123688
67.35911916573235
66.00437025367945
61.975446020537284
55.20471569259421
46.17898164801495
39.22328908941422
34.98717782080975
30.826455699454133
26.396921745509076
23.31441462189673
22.75230532303467
42.217781758547815
58.50211697864726
68.31332374130597
73.68760692684172
75.8813878897056
75.64776957870424
73.15028849298562
68.07149924145261
62.45215645209413
62.74162961044752
62.03698973029983
57.91722345405792
52.454382870119815
55.13621869590661
58.60254146344269
59.016696403887664
56.069816303062446
49.33968036147547
51.70584267576889
64.3208573642337
71.35927639030848
74.41917162885579
74.92985062409188
74.20755964941597
72.90877970149
71.05777376338943
68.48157751920562
64.60449308091971
60.19063908967755
62.215928528767705
64.97359641605407
63.73396718664648
58.30707322147168
62.48330850387988
69.81449296072663
72.90983665816086
73.16181057540645
72.35898087088809
71.5691447636718
70.35445134497434
67.37502649888813
61.428041201548055
60.14627184534953
67.52566233653371
71.37177062222413
71.85066620496318
69.13217725725049
62.82885173447188
56.70755888238049
61.48094825845182
63.83762214301089
63.04383724825119
59.45153185745607
53.096320223773446
45.59221600309592
39.369806024858214
34.24479022901401
30.371304364966267
25.56649697842277
22.32575566556298
22.30008493796861
21.80097175824058
21.39149138687678
21.871782797844027
21.977274851953837
21.634264903606073
21.332345561734524
21.70149927463524
22.47613926053304
22.776351749606324
22.419092290989454
21.770408324195003
21.806537435169663
22.320686726817726
22.907352559396035
23.819061761689202
25.107016624015376
25.739520301492455
25.11514951885848
23.864006386454186
23.50374519014555
23.941048880074312
24.77146655450568
25.54307665780318
25.128381471269353
23.745805940478462
