File type = "ooTextFile"
Object class = "Intensity 2"

0
149.6845351473923
4670
0.032
0.13826757369614917
1
1
1
1
1
56.10086075790096
53.19274321399395
53.34860328459616
54.192413788861664
54.31189554869807
52.11472396636391
47.87494634382415
41.71925809893785
33.06386559546893
30.642993209277
30.781321399332096
30.090965706739354
28.39750461835786
26.322958785759894
24.61797968959576
24.271130513907945
24.908356700520745
25.28600402925153
25.60429329379009
26.28691607094581
26.7563910272331
27.165283213744193
28.57562932552343
29.58866190250443
28.89229071352304
27.23065890962831
26.525681163599437
26.61390465807546
26.225338678196618
25.535800556488418
25.383805467162723
27.5497420754478
30.44312475449122
30.934073939141147
28.910802334478095
26.574413097012645
25.663610547604492
24.510776892551643
24.116740214476113
27.410546105991354
30.00809112489653
29.863978011660656
28.581342624043767
28.028566891144354
27.100500016390647
25.8604709497796
25.326743978636546
25.21069725520588
25.538793915319324
25.667970264536606
25.230907854127654
25.032871009548945
25.5631971761385
26.63704623112889
27.26365274714997
26.927597143797737
26.33143020956055
26.00859864013731
25.809000995616643
25.828102535729943
25.900118808909642
25.371133939495532
24.827643148087116
24.404591308219835
24.28438757511936
25.05415819197998
29.266855705493782
34.37938285745945
36.324165902184355
35.1296598138885
32.145208664105894
29.907939244099314
30.368957380392523
34.007950945124975
37.89533812304392
38.65162533430053
35.92422430132403
31.18411637025305
27.924153537563406
27.192568624734466
26.848627879087257
26.6702978348677
27.253927957221787
27.72061456672816
27.709221351764963
27.17248269413092
27.34286078126212
27.814993098997682
27.800282996208825
28.063536024896706
28.782592917324337
29.0072947626699
28.421443970912783
27.97321792652584
28.220852519197006
28.136965346860066
27.62902867132949
27.35286141660421
27.30079893101977
27.060303571533304
27.17777138984416
27.244006231232746
26.680234193072565
26.517449914416638
26.867012921364626
26.972620927250247
26.788381139394737
26.90184083261578
27.13417923673918
27.132876945829807
27.12351089601359
27.042798721556018
26.696001342752265
26.820628421648692
29.4547732188003
35.47415138132307
38.9672185888807
38.08601428870765
33.29091344319555
28.464370073738387
27.22003845158591
27.126846185946928
31.127388651766527
45.627000808823226
54.264583538319606
57.056114930098396
54.53321466463117
46.29200022699432
32.70214376043275
29.138147344513033
29.054630292780423
28.70595881540722
30.54692084535395
34.04472483657003
34.35823113188994
31.053317952016695
27.696123838552275
27.440077758843792
27.950783946839415
28.213093012798694
30.078859928325727
34.926640923153876
39.61972830970734
42.64115522769539
46.23543377674048
61.72466319068212
72.35514575333721
77.80892872639535
79.49037911124765
79.13362817817975
77.92976954454923
74.81492845837124
68.63129457005817
64.43448066234073
65.33832995208933
63.79033271181182
61.16317586714658
57.955393715973656
53.057506072772675
50.398789002559035
56.09834958880454
61.05256343112685
62.87321426536306
61.72900110922325
58.157671278468186
52.08748316459324
49.674776217184025
64.03593589301059
72.81850524404749
76.88223761181966
77.48864160195701
76.08920892524893
74.34703689646459
73.25413789688753
72.38255499930673
70.84014035953719
68.03437418254829
63.86723193830718
60.750404003088576
61.09906384480057
62.17242817568835
62.53962072781672
60.73231815079981
58.1711142379355
60.29743263164518
64.50311177125406
64.95091358022462
60.39171317891815
58.92073936749432
68.87666731248311
74.35741791255724
76.38923231521933
76.32177971770979
75.03369444822434
73.48263589807125
72.51375378769507
71.71709226447939
69.74701651962383
66.29139471502202
65.65901849438795
66.12165382503252
63.51557407267905
56.59592153464443
48.71180783773744
60.25872593297151
68.35381040319994
71.98292827925017
72.25235975276783
70.00342366821792
65.05242279472205
56.63424152831311
49.34123716641693
59.39778003160498
68.4893365810337
72.73255843850282
72.97940600151443
70.16960274361412
66.03603949651406
62.48183574785513
58.81378607215971
52.34739260818037
41.30377988662203
31.10254981951566
33.845931257858474
35.84808542724896
35.31892633038949
33.60600694637014
31.413313735594798
29.06080939005061
28.379079512320136
29.476620737114146
35.64293551040723
51.57744593335211
63.847104779089165
71.1324883504434
74.64259474315595
75.35240727213873
74.40876264636492
72.90764006869352
70.60735540057695
66.48151474375393
62.007722363855166
62.08133253163102
60.87158842095664
57.913388091891
56.58226802513958
54.05210313633815
48.398928702638756
46.96258412432228
54.6377767018706
59.18980077702882
60.151485014903386
58.292869389505555
54.30023608382357
47.91380389102714
42.14840930318446
45.115203727564186
58.176786855894925
66.69130909626212
70.24795115598506
70.08752803207526
68.29035491054968
67.14811689198945
66.82144397604017
66.14461995787364
64.58663245391263
62.03318398183569
58.19824829996225
53.89298698433122
51.714064459572704
53.73912622476468
55.09688180979468
53.38065219339405
51.7655367974009
54.646014310397035
56.61046692169378
54.27503043984941
47.66498281346575
57.578401136067406
67.08091052546082
71.7555864373767
72.84652375985642
71.39616557859867
68.90916222623343
67.71386601235491
67.7634583960866
67.28367570907395
66.26865048132451
65.32859216683478
66.68469390516921
68.30989994641058
66.65993881877921
60.806951512687554
50.67448522758277
56.65881490029699
67.72440394322949
73.15911107412906
74.44185206725283
72.71684120898327
68.65565457754285
61.95440541266653
53.44830956879693
48.607470457072885
52.913530555906874
63.62081228024262
69.79233298499665
72.2589624426297
72.22067048910213
70.3176622743335
66.31948814857663
59.990147949052385
51.91874256592607
42.85556441498552
33.915146927125164
30.727242728018155
34.492092634985426
37.71265432908758
39.329529320884234
39.80182457477667
39.41932035913751
37.591793435937404
34.44141414923828
31.08032536924645
28.560779511003123
28.554146127503905
41.78122075045877
56.66993423824059
66.08887362649242
71.05211881252959
72.77599136314295
72.61842587382614
71.40320686409994
68.68566342412699
63.341673453898466
57.654006484877314
60.36239572080849
60.474410938666836
56.8345942897355
53.727881430491244
51.713149851719095
48.01702074833203
45.53936287198994
48.9047556025179
54.64154554014341
58.117775120204634
58.75402871443547
56.71126966541615
51.88865561112597
43.555630679370985
48.28467365332257
59.3734487947425
65.54342775365211
67.72904696313661
67.21022652655674
66.10497681023477
66.18644380365421
66.58735858151103
66.62161021801863
66.11498082324187
64.34378051243253
60.15777410101766
52.79118654033414
44.7723971748769
48.09987696361777
52.352538304656846
54.61588545021422
54.235105706466385
51.02537905768263
50.924274212343676
55.92653345433797
57.68472683400016
54.71064704370452
47.90204784333519
57.500077636315645
65.79967293684095
69.54395532622795
70.22837567344125
69.44319174138661
68.50651003374716
68.06700445048982
67.46995372721015
65.53246463175873
61.61763481629904
56.24292516210118
56.38283777690375
58.56225792910978
56.149972014649485
48.96396979788268
42.11288937863266
46.2518175039573
60.039299047996536
68.08005943617884
71.40642634583178
71.3040257782018
68.93653689497037
64.3485310629235
56.718074684015676
49.184363097871
47.924075338084634
56.63739959553368
63.39096446668326
66.2830350943903
66.37085368710889
64.4011438246401
60.85826567933154
55.844266210917404
48.81136594343473
39.46821712998068
30.064582102318063
29.056021126369778
31.71077261390902
34.04679261054441
34.74506592025538
33.67368779160757
31.883969388920374
29.989992951579158
28.21051515201026
27.15450157164764
27.36646999667579
38.33120873419317
52.64403056207169
62.739349980714096
68.77570158259826
71.3869834698855
71.48262834994654
69.94789828459784
67.15790863669513
63.13214963422616
57.81882470663629
57.189837980909985
59.53466214045178
58.41249720984058
55.105411639330555
52.85546494303727
50.43019120552374
46.47392011874466
43.467539174815634
49.19173324329243
55.30471657100019
58.62488492907376
59.18032024156739
57.259295006296675
52.86628575785948
46.32736895847822
44.32855196960097
49.24630841460707
58.39681125135633
63.96817973527084
66.07155256941564
66.11086516451523
65.49534829306914
64.8916542389751
64.449446241061
63.79184572966713
62.50540206762941
60.026908319566985
55.170369663291964
49.12997739407905
48.601484578445884
50.73426754137485
50.2999815819894
47.68614098262304
47.20791827068667
51.22692478915074
53.299372246452236
50.947694710596856
48.41860979556365
59.05285394383892
65.77223026723466
68.53224064391877
68.85658353399352
68.10483030249576
66.84560653593002
65.72800729733496
65.11826468740988
63.7075315723521
61.31694185679645
59.582938395079466
57.49296003839988
53.21190837575176
47.61290117251205
42.892421515059965
38.40015577167726
48.19240943358423
59.7190031498676
65.94833246130052
67.98740371827746
66.74252346926549
62.52367754631467
54.66183794844803
43.37779130856879
48.31613037923711
58.66394363245678
63.930968274048425
65.15050799880828
63.47835695154299
59.97461503146495
54.60246002757696
46.35448112369914
35.17561720855704
28.511816725497567
29.547583743747666
32.3955324245918
35.555391023065255
40.42750087887409
44.364830007136874
44.11485724771811
39.13046658285449
31.628985638886178
28.55774667622297
34.698837381320736
51.044595461081585
62.1790676046485
68.50238359664874
71.1945967514122
71.47689941094767
70.43402207128666
68.31368828496099
65.17373004762374
61.113962454429966
56.15040075730812
56.8163490787597
58.620239439288966
57.22554289211021
54.55889271972957
52.02702977042471
48.01613218204544
42.476164500418676
46.968132863904145
53.86460157387531
57.750312273881235
58.405924880294464
56.08153169482002
51.0600322731821
42.65241805736423
38.407070283624385
52.826831897098295
62.571387596853
67.48625958560305
68.54679811649464
67.07401572929902
65.09851276200217
64.008556998839
63.74014766069593
63.18230379408077
61.97224723739985
59.988659077547084
56.0455483657437
50.842554741390444
49.40372846620642
49.498365328591035
47.55439884157038
45.81234729871361
48.126134086016
53.69901660826198
58.75499541689473
60.081897044905936
57.041435491328905
51.35802353882269
60.334511334025535
67.17988730190109
69.85105688080478
69.72189675908962
68.27243773126648
66.45378234908148
65.16171956126728
65.5789251734227
66.81001529627162
68.06914873172846
68.83306823908754
67.65603393082739
63.04245363519364
53.816202226940845
46.14967269786316
61.57794514560693
70.85111932311754
75.13157169879024
75.56109361483772
72.88896032217491
67.35732566045995
58.75021719272651
49.57473054907944
46.048658677053346
55.46980679562697
62.499012875716716
65.34626957100655
65.34273896309135
63.57476566390002
60.015271102145846
54.09997669773668
46.449664796169145
38.63941020615137
30.779469532939572
29.25109389143239
32.91265039680012
35.70971526581472
37.405233786630916
38.375462660324374
38.45599145674982
36.63668924559462
33.00056718872669
29.827412015873303
28.34105844774598
38.64983032325446
55.031192770181654
65.92388722018548
72.03007583261707
74.44797166477018
74.43030566452231
73.04795341544174
70.33108586626977
65.9577032665974
60.84259509503979
61.508831862935516
62.136384400296514
58.95859082637977
54.51479294725257
51.54663505319367
46.5690962536545
45.41207280896909
52.460976829364085
56.90949858894224
58.093723761353914
56.21624576044966
51.475039641995124
43.38780460572646
32.17465180638844
43.839406931510055
58.22082687557582
66.75497220462623
71.12451321790866
72.59148364129051
72.12811267876701
70.41585846842602
68.36614968840792
66.66470367035797
64.77695753999129
61.58194910125339
55.90712082525012
47.52254444625643
43.18264423664743
47.44836855844409
49.121155926841325
48.593829959285216
48.38822682390627
51.68850349011965
55.51984009930513
55.18420183468591
51.72517550998102
61.3722459585031
68.97805860970074
72.29881825417269
72.56158687533274
70.92186869753162
68.6562240832433
67.51001590364565
67.4228144443033
66.24637531913324
63.233368663427655
60.18646846488792
62.533003062094686
65.4198411076675
64.38272880675778
58.532260272096046
47.40175495534534
56.914504275989316
68.03682030985641
73.67585388929454
75.20138445757429
73.58546405123451
69.15043562678699
61.18812599427046
50.62001223500519
51.79093748964239
60.15262229268206
63.84181468238231
63.36551613610262
60.12523662690042
55.36228445542634
48.19361702084473
37.919276251335795
35.11550880080431
38.28934337329421
40.21478392468964
40.965992438662504
40.654943356276185
39.21991338777773
36.99780225041121
34.72259592068881
31.63285635773412
28.95838793340699
32.615585868148486
52.151815286129555
65.3576964243262
72.82536379294879
75.8694619761262
75.57791639814882
73.70905656315318
71.619828566867
68.85059228262469
64.72916744059499
59.19989589269656
60.067336449585966
60.9110401797755
57.52355693227062
52.740757107507285
50.193438801961285
45.56763315304846
45.055383485715936
52.49345693937819
57.52708948168065
59.26611055070773
57.46595986452863
52.10910952061481
43.01551867078538
39.65331466004445
54.16209693530853
63.8754158740819
69.29374480354541
71.5141434379577
71.52224903550872
70.44729708250529
68.98646376023856
67.04241589384421
64.55576119511811
61.22509290855901
56.808743680905394
52.62014752755483
51.105526318153
53.00848229671505
54.95407830714456
54.17293464802137
51.42461385568752
51.93007778451925
57.14879529022558
60.21847260143371
58.83246656253492
53.63898003714313
60.87602980644434
67.93225453797558
70.91911627849956
71.56674121606874
71.33912227193696
70.53750133689205
69.44404579284976
67.49878900485604
64.42341788603521
65.37306336732846
66.8680118014814
64.06978581308722
56.083469290700506
54.796925316677196
64.03679117939274
69.30407471271944
71.06657898472929
70.09568436830848
66.75609287678071
60.53864056160765
52.91104045483267
51.06230540301439
59.152922289486085
64.14198333925492
64.8189096218866
62.37203234392918
58.16535307392907
51.96708227391305
43.90264008099063
36.80092121216396
31.1805641364533
33.88102643639706
36.800086400916946
38.21701410421963
38.055394319578724
36.18222274599502
32.86214554355699
29.404661030544183
33.485713080503544
50.37789321251259
62.53118737454049
69.8089622356834
73.21346360113047
73.76420002229742
72.68304305070474
70.58292714235424
66.70357510515936
60.72954066302741
58.2221200513123
57.99210848533566
54.97541708954719
52.662903705312516
50.856795721096226
46.11884872483681
43.67622576667935
50.62537116071486
54.95887230025808
56.46391028317794
56.04367238647051
53.555749753786614
47.699357829857654
40.170589026405274
54.08674594401042
64.8234091792519
70.75711686840793
73.1985067960637
73.45856728509563
72.76436723418969
71.52711840456868
69.77102023701563
67.83091308569105
65.09563481839813
60.17867881689436
53.65887743943263
50.19509672356301
49.129347230344166
49.13775275519307
50.25067440838736
55.33292565991874
59.95686897872707
60.325433736633144
56.88975248450335
62.444770425361604
68.64982338085669
71.19637125671942
71.40486760847675
70.26879578918488
68.72685246159688
67.71629539402517
67.34197803184044
66.82070618432965
66.05745331981618
66.560098718662
66.25363126027727
62.44441899757412
53.8650722035254
51.227957442332084
61.65524328341698
66.79843920146718
67.8350040947574
65.97552673636712
61.98376158106104
55.29124517785501
46.36373780311567
49.14319866308985
59.38981185051367
64.77001736769176
65.89334091996739
63.90603163611001
60.537986531219225
56.24889850226342
49.907539729158536
41.60034161805467
34.41801404205984
30.80117647514395
35.252216264427844
39.33240047919581
41.16203218711786
41.69500976416263
41.10736662320966
39.35307742748914
36.82416256852872
33.6803897673132
30.787371858076767
39.73902890587573
55.02268136123651
64.94686313920315
70.5918456562357
73.27594779503522
73.98618259822385
73.24392596774136
70.88985977279442
66.28299023413784
59.65858981821821
56.534948147941215
55.00816967542718
52.38461845372606
51.496659839203964
48.80933441993963
43.285179481168726
46.65986284097974
54.127494338197536
57.436962464405006
57.032257859244126
53.67102945424678
47.70490363737402
38.52289238773373
37.95544997764134
53.842179148195115
63.71377659911202
69.09684287163954
71.56970850699224
72.42636208448319
72.16231174844526
71.040636982738
69.63212133941629
67.78570117990103
64.577736281641
59.04546340563744
51.57145228066413
48.423007912864236
48.20174478635316
48.58469123081743
50.95097828064225
56.95116720636104
60.065997549559846
58.51478807476272
57.942195772731495
65.49185477441311
69.95342453720139
71.764693367002
71.85443806876071
70.70442186251259
69.1876238292548
68.07386998008003
66.69034515742764
64.0495919288038
60.145213448730594
58.48238301768197
57.21565157055601
52.25866640301554
43.85805792523822
42.60518596725689
54.81875610867732
62.46095781399114
66.20126812123536
66.69368589692121
64.06496720394847
58.147844869438934
49.06062265679273
44.522279730587286
55.157819256741966
62.339664174076255
65.42755162333465
66.14617037041283
65.5416600661855
62.667710116624875
56.273229307766684
45.72257291958142
34.84494156012435
36.48754424600013
39.247417091722596
39.98917573119546
40.395886823746785
41.95896939607985
42.170070100442125
39.753828919454705
35.4992580343753
31.132002021385937
30.519537302731308
43.36534489793341
57.38015755140263
66.68262781654677
71.74268377140842
73.5256900464813
72.92491300000479
70.68344003115973
67.21896498290487
62.22663463877037
56.03149916052157
56.697759341643234
56.82247375064381
52.97337155147113
48.63726578899254
45.28205018078434
42.364163280707956
49.66077567644394
56.127157690046545
58.99301630653295
58.48088222373373
55.20442262915963
49.24834396654015
40.89286375556301
54.06791576576407
65.52209265578098
71.78731832397139
74.36360585571647
74.54146286924612
73.57735490460946
72.32312970856654
70.73513308737606
68.65523785317276
65.78262198535143
61.33600521556308
54.7017200600743
49.07672768845011
51.46088492821718
54.2808040371841
54.273717533591494
54.65610123334733
58.967575275254916
61.472180573924035
59.64416135979859
58.32831021578236
66.66909413247845
71.4165560896736
72.7777240581807
72.22518295878905
70.79215783688949
68.97587839240002
67.12364715876747
64.40423531003529
60.78404905445098
62.106616652875
65.91946760967049
66.542662376751
63.20604597055504
55.36929715115096
46.67997690792348
56.59423913243376
63.095456475270346
65.38961551386252
64.44021875578814
61.04858267686525
54.95345458101508
45.944057630086654
40.72354760689567
50.15470348611964
58.65138412912127
62.60746560766492
63.22485106112944
61.66838118627976
58.479179732131925
53.802910476405415
47.87539049410075
41.0274701337661
34.42510462187599
29.823185413988398
29.67212063442252
33.25122143124013
36.47418202193498
37.38891117407811
36.69528872363208
35.16403601536289
32.74972350869159
30.211899610371432
30.24763713045044
41.68938167057816
53.64308838777787
62.42171785415076
67.36849942355163
69.30836856637536
69.4811581449444
68.51701148554268
66.12750854315189
61.915827320250834
60.394277908144936
61.033456517709894
58.31356280255807
53.489260153504986
49.86047098836216
45.65053494955342
43.43847522831499
50.491962135900145
55.55480757440116
57.09095044710399
55.809473782331274
54.6315185082324
53.07001536818389
48.03276442940493
56.36303430245769
65.9371989923205
70.71033875466105
71.97297408091369
71.30272653243561
70.31105667412524
69.35307443500233
68.36125916032319
66.89085804200055
63.88947024410331
58.591726544441386
51.5813546246785
47.417759395913855
50.23338219514887
52.66949764012278
53.59431932554125
58.01831516498717
62.684620229826805
63.30345159318562
59.21926798690472
60.898976617086795
68.9819474473082
72.9203930080995
73.65705126316198
72.4156655554316
70.60540303351456
69.16466704692826
67.14157396470658
63.369456907899966
58.95912108558318
57.12250153535118
60.77299409087466
62.41260746640846
59.861721780198785
53.197290466308225
43.07031597927938
43.48502031020217
55.31783486530267
62.34881237101522
64.9143216583254
63.99095240724333
60.290607708424126
53.64625650723008
47.51544500312728
55.2948117784981
60.54736695847016
61.537570108231876
58.611739169578605
51.89483355712177
43.48850443831847
48.08852680203327
53.41197041371465
53.57213379460306
48.60055988418674
40.26435248490641
36.865188649763795
36.369697480271
36.192929373139016
36.47088087648876
40.109204528034624
43.4376398449697
42.646373315258955
38.096592311018604
34.868593562711
50.16026690278019
63.517775907434824
71.39736558280404
75.28548235621189
76.27943942764743
75.47945853295234
73.5441340468021
70.50664472456286
66.41250731607806
61.52336653562042
61.70943122716862
61.96360244182358
58.40917920473551
53.16717465280541
49.049686880021675
44.902343324707516
48.510309851906975
53.92585382881595
56.16031427796819
54.975677727262934
50.331069738554405
43.96496236098258
47.57821190839103
54.44575992549843
62.90585115602206
67.90919230834724
70.02040857580796
70.93810495281015
71.39472696101745
70.95358998063583
69.27043058309133
66.12888212983935
60.9240099660851
54.10685950952213
52.27603573838364
53.71892867282628
52.76178730317734
49.16298719592068
46.54128090924462
49.0037734430006
50.396163005088574
47.56389025602698
50.92126844740429
60.17446767916308
65.074046408399
67.18257291043773
68.39831067171355
69.35958109109711
69.72168059856938
69.40423174767241
68.61347980000656
66.9310210737139
62.95806374242509
55.47018250512336
50.806004256021566
62.02006358107168
68.06572234536186
69.60131416056929
67.68335835786948
63.244124999935146
56.416910872548875
47.83724845170476
43.72221305135753
53.1036600553126
61.0762710478419
64.62470183423281
64.65557320677407
62.31066645434298
58.225822573808806
51.575977379760786
41.57685086671087
32.37839567036838
31.42023461894594
36.08259519170025
40.35040245671329
41.99144147065651
40.09610203887108
35.632529553397
31.605166761457287
29.107772388430053
35.76983874223301
52.58494752427425
64.02006961303027
70.56479128712465
73.45332733743366
73.78371189451953
72.2762648670795
68.65044006654738
62.10574547919239
56.731169642733086
55.11403180098522
52.33029755055523
50.16454566586355
46.28850273973849
49.44170204409431
55.630615128977176
58.54252232543001
58.00389971579239
53.80622446608314
45.5395530388443
41.38982737888129
56.30976265570246
65.63510456892898
70.34743783543564
72.02313955395732
72.31160514362212
71.85071114584952
70.6459881601724
69.02228142333966
66.68189989745608
62.576187443731676
57.70259953221027
58.21041361386043
58.44520648805067
55.588361510208884
54.89546530514714
60.79281460279386
63.007518402341134
60.28365949082527
59.0032663892438
67.635560864431
72.31122165388085
73.40760635398245
72.21463634075593
70.44808520080983
69.462189996939
69.4456790159259
70.10082057760707
70.02824233711098
67.36598706462617
60.865775078398045
52.39103713909166
60.05906041125209
65.59566137764777
67.23878864273974
66.140737461258
62.54965214900519
55.566309629579536
46.876423446152764
52.43089551711304
59.94547050734197
64.02614503980225
65.62422966186011
65.12927933606412
61.99915009148847
55.44071964831027
44.96918816894468
34.72468832651434
37.390390576105375
39.572387294117945
39.74601127528172
38.86636772129856
36.91312559387774
34.47843919956591
33.6076871162981
33.21848782662393
46.213265698615125
59.99002925886906
68.93422549720792
73.87908211811245
75.62737006601911
74.9383712679701
72.48105098208838
68.154564183146
61.449477171354886
58.411428998123824
57.82832565356557
54.26319813840057
49.1652281709914
45.081043958813574
49.34479154440915
53.75843511928031
54.94919852560127
52.517534994102995
47.856262656172966
51.548555725803446
59.95923424166377
67.04978633868426
69.92250776945053
69.71148201239558
69.57628276945697
70.22578278043817
70.03253230544787
68.48180549087202
65.11637400507239
60.2213147979308
59.464858294324344
59.90273929606624
57.20549704247068
52.88881795740003
56.629164330213804
61.16427488378542
61.161589698093444
56.712618718106604
60.57560335991491
67.13197957168269
69.57963878541963
69.14669668043027
67.44391681833028
65.90232413266163
65.28122398165083
65.62534566365011
65.59353867630301
63.380198507948094
57.612771901919814
50.37972049143687
59.147915718936225
65.31940985933372
67.45796328493948
66.21106603701455
61.70447622566488
54.024274959832795
47.32106531695764
48.47505024880636
57.718394415806614
63.08416096354631
64.53295995622261
62.79397867164007
57.90509920226973
49.23414721032334
38.152410212198724
36.856987453933215
37.03352845623645
36.94873763614951
36.024745817198934
33.729226012227116
34.55290530032094
38.69111258268159
39.25677413908642
37.57913349738845
47.84847710653181
59.18208762759987
66.63769269100268
70.46191867632984
71.29817529981834
69.83974056138385
66.7835527391664
62.01360399166008
56.270512647137664
56.246937040904754
54.870715564982156
50.69909860962657
48.515660029296164
45.3479447747942
45.880156537613
52.276432814303384
55.39137878752433
54.5557566566833
49.72727498827623
41.33897808048239
48.74813981918952
59.71010278935186
65.76749951835366
68.09725398001848
68.26619977732158
67.81701896777744
67.24244086634153
65.86038768792068
62.37440467844073
57.7712933764204
56.987384734878134
55.24860567506285
51.50076527908661
53.65386651542225
55.539953050422795
52.97476984537923
55.97552192461845
64.85897405373605
69.24357812465765
70.15988573045613
69.05008047096462
67.24648315815669
65.40908054001206
64.40256835339525
64.98757625931756
65.27902921235582
62.95968285944308
56.694866154097106
47.52262636255467
53.08555421044727
58.610500990541055
61.1343147540616
60.82146399730752
57.62021390187627
51.1114856826555
45.305455028082555
55.149041865532986
62.394532959199196
65.35615892604679
64.61197172443173
60.5913573068682
53.5075694425824
43.88427338618897
35.50481909701773
35.27266303989268
35.60584903183414
35.82540338242265
35.970906822440625
35.17973164444809
32.89719149375309
32.208555631501895
33.404242039125215
36.92796027408521
51.77566144297481
62.981948991836305
69.7333052054066
72.8721844787883
73.14950778025721
71.3146915922371
67.882089630867
62.34551319592778
56.48439258079825
55.596315517619246
54.127297808809544
52.07047235654553
48.68793176835469
52.70008823482773
57.9926453620154
59.235551203433765
56.380107799310046
49.202532746540264
45.27872890157158
59.114633643505805
67.76351315236968
71.87317934778281
72.59655530251766
71.12934261918306
68.79671596735604
66.83283124415696
65.36141372385072
62.77882325494798
58.09710420030339
58.71224424705111
61.28477566240694
59.64777302427804
56.31277837283247
60.87177897284004
63.199948204265894
60.73578977507747
60.066937426620164
67.15907260990603
70.59329037229179
70.94423597736484
69.56730903888476
67.05633449983736
64.47921740994877
63.903386540155715
63.61349085687625
60.809754932916334
54.990783012896884
59.127124376213864
64.85047352167658
66.5674416218968
65.38655561736432
61.80405851319476
55.231160758057214
47.510503948943764
46.69078206057677
54.60309520593073
59.93229388634583
62.37687214097721
62.87065970642358
61.1285813885199
56.143392746005254
47.06421769660626
35.12734733704732
33.292636794076934
36.67055593498576
37.63722375662099
36.81682731212734
35.980304704816334
34.63566177126088
31.65457971619187
28.927689030680913
37.542663391633766
51.72197153649195
62.820327074571026
69.49953487548834
72.47790253868003
72.64501533601978
70.61699403241236
66.49347912995572
61.54814197523243
57.816094502534945
54.69144277361611
53.55796576848489
50.907699051919536
47.29514166186108
52.84302282961158
57.15684449903012
57.536391724469034
54.290112708208895
49.57179388686928
52.332974696887476
59.006655530632386
66.43773568676141
70.37948521410337
71.38669250831211
70.37978058318902
67.91968852438025
65.24383508874739
62.56918458196669
59.64346225828749
61.29669587455729
62.89750518804538
61.14347846691235
56.975322485908734
56.69187439140497
59.97195011124511
60.218918667558505
56.61536473770113
59.68950797004482
65.65727701094349
67.91398456872712
68.04561911914156
67.82626727034415
67.71250397540116
67.6595452057305
67.92930253116995
67.70048967826406
65.00737222124018
58.43368609088215
49.68670707925596
55.67341671637206
60.4226581159637
60.83606064006648
57.06318091382713
50.19978041791289
50.222118973394544
57.048425614371666
60.03536544066161
59.03913991087525
54.581549201345545
47.86710782811887
53.188653470775805
58.965509328693564
59.3278001973445
54.270633025495314
43.07501502034274
34.659027028515375
35.983983460044136
36.573116242871684
36.408395876398465
36.170989472968394
37.61906644263754
38.961428531308286
37.12695832885582
32.26138750492237
28.152643990681597
30.363004041488516
35.722713453372926
39.30190538871762
45.03646103376752
57.86988741533381
66.15590186778749
69.91961572844355
70.4203171362408
68.85539704962692
65.86219868841647
61.257662833513
55.35051957849888
53.54308260193619
52.49633936299703
50.904765353073
49.28219278647181
45.88991843565474
41.427599944977864
45.78013837391593
52.39902093876229
55.77644878407938
56.274881795851485
54.37420676065277
50.24040890272942
42.93744571633995
32.6950170584048
32.564181989786114
36.36723596655771
48.14827315405621
59.23606373588748
66.78340406344142
70.46009273299714
70.80967428417776
69.31414288323806
68.16716571222449
67.57309775022304
66.74884635992532
65.35406378969309
63.415835786376036
61.19258387823098
57.86797331610009
52.913452797867926
48.62261054810478
48.027322417101374
51.27789176197321
54.40561489537649
54.73640536516997
52.61112587035857
51.43182161959481
56.34538914362781
61.08508663374106
61.551297084282275
57.2766883453757
56.03027142960521
63.841782465209924
67.58817016399235
68.13093879916566
67.46914535218171
66.90328128904125
66.31396538274001
65.84848767878579
65.01906771998291
62.98523529108745
59.86889817399789
58.3458960080622
59.19287501794258
59.06922697616202
57.300612869051164
52.98403007436885
45.55280936579549
39.97089691224471
52.77322374777685
60.4812688961066
63.40192807215555
62.863473096527756
60.29883590158697
56.41732278047145
50.99323946105295
45.607266779748656
43.015587419639736
43.50845635226016
53.3465569274078
60.184434922367714
62.92923915602718
62.67133528367658
60.792742833072346
58.158656303466564
54.75046164352496
49.55274203519727
41.902871144799164
33.31969929038359
28.792008794830902
31.173562418490313
34.971697301705
37.00840051792665
37.53615054592168
37.5286936129364
37.46546181633255
36.422576120011726
33.687046012356475
30.284093620452172
28.10270964724082
27.817548765303293
40.50756345656562
55.979460349884356
65.72882985394
70.80629522713683
72.23371266486518
71.380677071227
69.99308804593696
68.65866329632046
66.61493936828835
62.327669409117625
56.818550193503086
57.30000223238648
56.53540174986699
53.17898360513722
50.05348530370436
45.38324191844599
38.859896283707876
44.8163960793935
52.523488202154034
56.87558952770643
58.02939685676147
56.318061670966884
52.03231529224201
44.49567471850848
35.03528632700267
37.465307202837394
48.491841885257884
60.815080043461236
67.9502684299826
70.973316648441
71.00406864412295
69.51011530124484
67.9679556195976
66.95495587300164
66.4921315437189
66.03574029178978
64.74517925794541
61.52727465685708
55.65683855680809
48.08601523649422
41.93591852542126
36.053854879742254
33.56277011225196
38.6621577856078
44.33653793688806
48.4459727116699
52.62783472146299
56.01159528281169
55.88026805350879
51.10249287621458
46.819548249286676
59.782443633504975
67.64818987588724
71.17914029996649
71.88382004709476
71.2362899348574
70.192900639948
69.11156185419232
68.15393660415245
67.27733883632742
65.53168797275176
61.81973569817882
58.86176268557932
63.130271001460116
65.77305596065753
64.28113572795652
58.3997524902308
47.85467477840588
44.00093429678727
57.606333865087116
65.10438298073694
67.8855704609574
67.46567161286106
65.64364797797379
62.397993123704545
56.345828767942834
48.66983496822661
43.57781421310914
44.55362575077747
53.23501278978731
58.100204077198676
59.53094459754865
59.10345196801516
57.62367329161734
54.624908724983655
49.432395253431814
43.032278046856256
39.42195322736636
37.093460914693175
34.368666138531744
32.28954540843291
32.36470269336542
34.47035293160849
38.400548640419586
42.4918042979637
42.31431937175871
37.53393189045925
33.62320010723676
33.79095095034587
31.76790576901712
31.282558653827564
31.66645920745335
41.94482917193359
57.51016846251695
67.70472704841947
73.37999945235353
75.70186759014887
75.94238147467826
74.92162689836943
72.40139900302191
68.00579080813066
62.562473401936444
61.14409407861346
59.94769640819581
56.10183235686748
51.90792552176678
46.819709879928624
39.05318978997733
37.43891105912021
49.11811523565247
56.43496977820532
59.46728506118856
58.81379871186888
54.966923817993816
48.06953254260323
38.37652478792806
47.31823708586195
58.79370903158298
65.76537692857139
68.86307046499371
68.90305000202648
67.20947584782978
65.98658251293654
66.04421423999352
66.3234518752217
65.85771314239808
64.09045571873807
60.34888682418877
53.65898918422463
44.37911707799336
47.127050819213984
52.097304192973546
53.380177804673195
51.24391869407031
48.753850454743
49.48584708515654
52.57866165194814
57.09071520335723
58.167818385777075
54.66013148095441
55.45772239523376
64.04303490029218
68.88801881534056
70.94328219938475
71.16318558674939
70.23250972006244
68.75773887176236
67.16549603646294
65.02659459523817
61.735128513671015
60.210255942969724
63.73126438771962
66.06250838307501
64.89417248318732
59.820719462372615
50.83129753904711
50.02858873223388
59.78867759275672
64.3404305824135
64.8776125911645
63.17418820532964
60.40233011532773
55.41696898411783
48.952013143871945
45.79833425940855
43.715590886442264
51.97618532679898
59.47293358427517
62.62951913598026
62.94172415737336
62.30892597220617
60.94576352188645
57.42324577679119
50.66635543977863
40.76511764401484
32.385094104318824
37.68725425268171
42.34558319432655
43.60992864432682
41.76388673433322
38.51732425442139
36.9363865548093
35.89434603835251
34.738169744788145
35.15819829339926
37.29079435738177
36.35491372167376
32.18984834510299
31.02846575422586
41.965658183232165
55.92345364850465
65.3399071692182
70.27385441438207
71.36570120923568
70.10616966585162
68.80366552444579
66.7946716368432
62.22266179782786
59.292810491691114
60.46554431637969
58.34961693381021
53.93397404413433
49.59792492609296
43.67410133633734
39.62452713454407
48.17278027581579
54.44205618362156
57.406907314357994
57.709239404290685
55.77591130266583
51.45534482929834
43.97627059635323
33.28433788811688
42.722996050352464
56.97926738049654
65.62540037545806
69.79731653714438
70.84550258972756
70.50251523833745
69.71323634425511
68.31043117437764
66.62137685292487
65.0109233600858
62.40401899467935
57.37921564404356
49.07697906727752
42.95820317309478
48.311767191898724
50.8657983248603
49.96565094022575
47.28238207296634
48.84032161145449
54.55221057590882
56.33596635586751
53.26948286044561
54.666145937942694
64.19540271070262
68.82471103748816
69.47376543265148
67.78820491180056
66.06207171123985
65.1216153766262
64.98890772291932
64.6064535802409
62.3270912096076
58.3504650412294
54.885092194442215
59.04670396471417
62.691652701200056
61.37271336350815
54.75573987921457
42.29230438888852
45.135397636978574
57.33419633459355
63.75743943216754
65.63259341580206
64.3084954870688
61.437169408292114
57.00836201265571
50.35991556512519
44.67011066654479
49.87966492107244
58.034062906977184
61.880271505796074
62.49385685081588
61.464361756328366
59.468808316978695
55.74462272443691
49.88020244232574
43.08303691108459
37.36598947116329
34.49307182009244
32.43694475157085
30.57039162234571
28.543245265143028
28.2785683965168
31.08123832152352
34.26726654714186
36.525433307885606
37.7705722950608
39.043088869596694
40.054908484383716
38.24258276589246
32.87302700318981
28.511127623080114
38.744232646209426
53.96859839461144
63.79491803662246
68.77674350356502
70.1439303869361
69.55796047366866
68.45069699235023
66.91146657745622
63.86330725300145
57.97105236948309
54.36704215882975
56.31203711603079
55.461641573130144
53.425742431373294
50.52750977600857
44.866683865617645
40.888458060572084
49.329606017478355
55.376791007293846
58.080742127728186
57.7530430841912
54.591760918012284
48.22270383931883
37.60181269321637
31.559044426041396
47.38851820459207
60.31753505328409
67.7007634887342
70.87231001005081
71.15838260604764
70.14861756811487
68.82831292321721
67.48079745708714
66.41096862865369
65.28493439398325
62.73817084899729
57.305715662300216
48.48738029147745
42.39936965480033
49.1942747372937
53.22392086635275
53.15104351033856
50.76360537612308
50.660566630684585
56.07560662881528
60.775819637796275
61.03612476047381
56.45259764861837
55.75576337601121
62.84601536626886
66.90674562460305
68.89135922743415
69.54479576643972
68.50944901870689
65.36580394700637
61.672818742774744
59.3747346644874
55.51229441463455
51.2009410824184
55.67114016813537
60.33031294052485
60.19383853974867
55.27392194038195
46.01658534449147
34.714633193134276
37.61715965698897
48.67839304833972
55.032884975686414
57.328575996009555
56.50440158720957
53.62394900683384
48.59100981480119
42.207929512942385
39.95008485333754
46.35366467634263
54.094100274994254
57.71985865575399
57.6709013782532
55.3107783216522
52.773876800536286
50.61009359697459
46.42878737166187
38.65301483307189
30.939003169349956
32.46854295794402
35.47037876377913
36.59412985745811
38.37981026561359
39.282395799028166
38.4847736905095
39.88283137644566
46.95548877539594
50.912171329243634
49.93090433365665
44.456800711734765
38.27431206302146
35.65714070031029
36.81938057770581
39.92802329503118
42.34610151880294
49.12943940785588
63.59903151380169
72.88309269426065
77.70624757312768
79.30471020805315
78.56568036883476
75.44164271837079
69.72293909616332
66.55439526237927
65.26992792609087
61.34976252126642
56.84504798995618
52.85176036098228
51.291118287350855
56.058848999663454
60.249428215216
61.844722997502316
60.2552416035644
55.22311004581762
47.0776958985016
56.657063780729935
66.82653303030837
72.2163341482457
74.2460351533294
74.54587499305978
74.41101292685524
73.88724327625735
72.6464866202016
70.56069776689589
67.24814047150647
61.91182584964164
56.60808157203627
57.34035540151473
58.44336966182239
57.10906462448012
58.276867151499175
64.06621711012045
65.76991685821979
62.85767087703802
65.8935551337595
72.49302410776654
75.18083611534826
75.30476832945767
74.42850623703694
73.11932829627673
71.95062828545471
71.73507435381475
71.84080619540788
70.21417810379666
65.31860209069185
58.2912444533681
65.2077200801023
70.60978973839019
71.93899464638578
70.13745382620238
65.7127863738656
58.599016081912694
52.1329999870068
59.05046253083806
65.27484059017968
67.12664793650481
65.18676440614259
59.862331782316446
51.44389174243404
43.4321329658753
42.12668495644654
41.81489129335372
40.03091925871236
37.79887593986466
35.05056341794716
31.916315877506932
43.85759775344263
60.41936788174694
71.03724348016027
77.17324954133959
79.80772881381549
79.68220446820075
77.2102039706885
72.20374545053483
66.54110138375958
66.07658704508086
63.938402122259944
59.03169467275102
54.2117593341764
49.85663741680426
54.60561814249688
59.808704596214355
61.17350135476897
59.047327905677605
53.640695879402536
44.77124361484342
55.0508373230401
67.29295290284111
73.91262487434508
76.33613675559887
75.9555944378726
74.46377270634388
73.07006209538632
71.60887956362784
68.77815674605452
65.68445025761122
65.794690655233
64.1570965810365
59.13946251733254
59.005893361947244
64.26508944152837
65.17812396181348
63.86133812625207
70.18126525116001
74.52115730258566
75.45541473568702
74.68635068516953
73.44391543333784
72.42547351549239
72.66347761468622
73.19469706358805
71.86432738512009
66.99038968885978
58.356350538274455
62.849372928230096
68.05559795714403
69.29213660478206
67.75998628403025
63.788928340158364
56.8482441990131
52.309127875471646
59.46111393985292
63.54625639977495
63.122963524393356
58.614895651346984
51.87943944422231
46.308268784706534
39.11332870169338
35.86259119269451
38.10518587175026
38.667547571892655
37.88792935210826
36.43475484918664
34.29095022206449
32.101565605678495
44.007392064473706
59.85098646050503
69.83837531793155
75.25340905764874
77.18407222745253
76.72690915213158
74.6516102547318
71.0747453766745
67.79420969029043
65.57849390223133
61.28465916477111
56.32748296582275
51.77853098426934
51.01754328699127
57.93098771050241
61.619474760104616
61.622353978430255
58.154574495765026
51.09473442798607
46.14257214075333
57.9066023019014
67.436348318895
72.447110590152
74.20225279736167
74.1512076171223
73.46167780367794
72.53525531463073
70.99731227265507
67.73517827418378
62.71560626542018
62.118051126689494
62.69286717864041
59.85209197679934
56.154651537166444
60.249241661084874
62.35736865042344
59.75219932469362
61.388907710593735
70.38894940614478
75.1729555816164
76.71706626994738
76.60337195724024
76.57421033867935
77.01347531352616
76.84589267719497
74.6355583116569
68.87357791393893
61.563021226327535
67.12821223033002
70.49504506859232
70.256851322107
67.04367083601048
60.64954484885119
51.14064877337068
52.63694602475891
60.96285526658674
64.44373609399503
63.50343008044355
59.32928645510586
54.66444338245382
49.16432839267887
45.94311147001102
48.56208232433076
47.28300350834475
41.79497293699427
38.13506692160157
37.46047080251491
35.963704208897546
34.76567823063987
44.502135692855056
60.41743445096607
70.63388787236758
76.4574989202909
78.77398746530129
78.26078947703135
75.71528117542815
71.44613407019199
66.91175212965742
66.53065520416062
64.85192464936128
60.46075752942812
55.34997490707702
51.187059433594484
56.14957988500882
60.63819259756747
61.50230488201079
59.29837281582542
53.985917126864685
53.48498353684037
65.87825200882777
72.95970035074359
75.59819837733465
75.05645022162659
73.29003079210045
72.24974622051632
71.37867859696823
68.73038212404394
63.92664999380273
61.510756470496624
59.686586443433136
56.635509458703375
59.76369941942466
62.70484885139677
61.39541388961348
61.24211872297323
69.15424645306729
73.45655013667071
74.54962523979899
74.04357443984439
73.15336751304639
72.42458675533341
72.49023538257413
72.25926805376494
69.4633426019334
63.10150105933104
62.64232695592981
66.61505828890394
67.20382890201103
65.43630563117745
61.50044200451581
53.95181299051338
46.27973866261394
54.73563251912829
60.991236622278606
63.896888859822795
64.0606079164645
61.003081323842146
54.467278047890474
48.6849153519275
45.98467548132456
40.979339538317994
39.206639919595375
39.4002452495421
39.36500248771783
37.974882270307816
34.42933976877199
38.989378854071234
56.12000006548036
67.88039250108518
74.9877783277782
78.59731141315979
79.5146726761095
78.2330086327632
74.73090445061008
69.09199098630776
64.8473632457011
62.20653901805599
58.19251484626942
54.61571717349295
51.829607971743606
56.91158036066483
60.911353960404654
60.85829973063706
56.998725420284906
49.63231468355521
53.14757639922367
64.6715462241887
70.97151382681587
73.33194735242687
73.09189054585518
71.66657840664917
69.72842703718413
66.5360282834408
62.66161166161355
63.00373283341515
62.37974823986738
59.469564261707276
62.39518813259362
64.82069061027778
62.59133004850787
61.875655945749166
69.48848400914562
73.31645344144066
73.89256763720401
72.61352064519004
70.36673129455859
67.86413529177403
66.98221477373602
66.66376107664759
63.69849755624068
60.36540245032413
67.6963988807381
72.08519813018113
72.60034628793977
70.07711221666868
64.89470905295843
56.902288964449596
53.265540807715524
61.455670112167184
66.01901869966783
66.30712999701993
62.590883101523275
54.695861890232905
43.39097857464335
43.47283483498336
44.20612943997619
41.954255518720814
38.74549453807985
35.56969266624617
35.3226940211709
42.98409372824088
57.946316980427724
68.29732667624265
74.34391903425068
76.87212324377607
76.47900335027886
73.50130824293119
68.14739506388227
64.50922131670974
64.33226139367457
62.25690470442521
58.43004988258259
52.80671933658759
54.355017052002914
60.65721722598981
63.016135173774046
61.68562062281498
57.06827175663725
48.98996887861135
54.19418457154993
65.7567820071414
72.17283785171505
74.92999789701017
75.36818797408276
74.47748467469795
72.8443026024268
70.37316980695935
66.33940476131198
64.28556637619549
64.81730272663812
62.54308844155205
59.56318463891521
61.45280559983913
61.438878341757466
64.01447989422219
70.64041153280206
73.64483340902446
73.68364040655504
72.42950727992705
71.41789664313963
70.93067636041708
70.30573164941409
68.05712187143196
63.24112904064022
66.03153914082465
71.16903524046931
72.69267505658672
71.04812991165055
66.02863834995557
58.01739480018465
61.57852713852292
66.99501988165218
67.87151113922715
64.44583077309245
56.77077798141188
47.27768379886314
46.433362388989856
45.58913120354624
44.53832438512558
43.54230407436727
41.44050895199304
38.52813389422864
38.42523511220293
58.068806979847494
72.09402663256711
80.27115404589657
84.27711015779173
85.11142275400934
83.3149953080632
78.95697542097574
72.75023222951111
70.0002600749491
67.55814625066603
61.81974876783109
58.29668855258821
62.34873586944463
64.42922418244831
63.019080336743116
58.364162606013856
65.63113769479445
74.45277059271231
78.85251463707233
80.07559977611395
79.67165947624378
78.62586163631393
75.99396131063031
70.9390175826186
67.47660458304723
66.45955081013356
65.62202447080885
69.89692710578372
71.60641742059974
72.63544457961737
77.29517923637313
79.7148746540727
79.74666813005905
78.69244294739396
77.48355894615501
76.21010222489493
73.1558872214385
70.45912756193839
74.93937383746507
76.9571301973763
75.58800612755047
71.07617286771432
63.55417750090901
66.58219046547815
72.33239704066118
73.56960747842939
70.52335169065003
63.11146624744701
51.028152146895415
41.586789925322165
42.20942329054406
41.505002420594494
39.163673220062954
44.86999520052588
62.119109134231
73.04976862864828
79.14506251337494
81.39697656831196
80.13552349086021
75.36086038191768
68.7928956397756
64.55607153354987
59.151414136845666
55.49809698180873
59.78831456099928
62.263136212643374
61.07670231018077
56.91583477074468
64.99266104466588
73.57477311331225
77.66930649320541
78.66235149964331
77.86556844424487
75.70022126267728
71.86858551369917
67.78755314010954
65.4569945371515
67.68608500505451
71.03259396575861
70.70005580506435
72.70695239889474
76.62144596179708
77.57343067796951
76.99441839656524
76.66381719743795
76.68295262122793
76.06982244227724
73.19504879704502
68.23682056302341
71.24279881759335
74.45628182236422
74.32419323788487
71.20656215542361
65.03951962649363
65.26769657915678
71.47370847221778
73.3784817161796
71.1278476224869
64.79731417292
53.86824769321343
39.86444263204654
38.733052036320174
38.72662538195462
37.39252915094593
37.66345940468316
44.14711153742118
59.943994023945095
70.8197891557211
77.13690021667911
79.57918827755377
78.28927526146683
73.38678005537057
68.30096218401891
66.15404566295374
61.91844226157497
56.15023836479415
56.352193019013356
61.193751663383445
62.184350083206816
58.88903235477008
51.92918684605989
60.4303726689796
70.0081907472658
74.58431236017665
75.52120238188428
74.571690579065
72.80808897539848
69.45462936439384
66.03676520108368
64.71479313809596
63.76757149209127
67.35340618500617
68.4233730158688
68.46330801480389
73.74174136992923
76.74443145964526
77.3649947325511
77.5356202462764
77.95982961789692
77.97572771417325
76.1635676216552
71.39661042827376
69.85587216594611
72.72492145703298
72.43539859210657
69.01079525042078
62.37195203211837
60.075841316110356
66.74612590911448
69.42250270738082
68.02954127875239
62.61004718688541
52.637245734128626
38.70606204700997
36.26516165061701
36.32699431294495
36.6350792137684
37.56083072428907
45.73302928755977
61.54163406360369
71.26336103967378
76.5128608846676
78.27766812011544
76.83232641900175
72.27683103702174
66.9414536719822
63.34266433955442
58.840221420202866
53.78396385025448
55.54863197506825
60.13611961612768
60.857220703881644
57.20203164751565
52.64614691728107
64.79165321671341
73.05332009210272
76.8043425747066
77.23238170505456
75.70839765703201
73.18294598399343
69.14633864055693
65.59700390341526
65.8176277923854
65.23690505498601
68.33600139757797
70.60151891231642
71.75794469386113
75.26166598293602
76.96998214864519
76.93279683240645
76.95389908112985
77.26236444947736
76.27750108078259
72.33077026830901
67.1426457157111
71.5240287747016
74.1825873343425
73.53473692302933
70.07426650470123
63.423330344854
61.35414849565157
66.47329106189505
67.73370158471553
65.28378930913577
59.26373559319377
49.11114432139647
37.36133839152445
36.93978153561803
37.46289439035689
37.18543849826372
40.149994886771296
42.84874239184079
53.02179395881869
66.79229934874756
75.25934241899444
79.56641982267291
80.25427180955893
77.45271201411528
71.60879503398978
65.38710502480531
60.66955564697153
58.3028296592619
61.84117876020299
64.23897783845581
63.05159241719058
58.18962625463435
58.5993147359614
69.19381667238977
74.97098760962157
76.895807889937
76.52607264276286
75.15127143816054
72.68536657056583
69.09586167530634
67.43494818277593
66.35434336374499
64.67587378845585
66.56026449649633
67.00493100451119
71.2708115531664
75.6650673156628
77.05353367177023
76.56192504066551
75.89722328145462
75.8403254154658
74.76321618348457
72.4411074621226
75.54382546485877
78.43028962820283
78.02599232917376
74.6600557369624
67.97645728036707
62.075440961067834
68.51967240386409
71.42730164272707
70.00217792248276
64.70274591743404
55.69626119578351
43.315189714207264
40.25923541143739
41.173664260687445
40.26831188160938
37.80656576012218
35.93862013365742
38.484203775513905
54.794545653494104
67.08864476749764
74.18941471491763
77.13835961889774
76.28933618545408
72.1329061086786
68.35114757970919
65.42146453597513
60.06012665768846
55.68718745338758
58.77992976400091
62.07905367934403
61.58295886221211
57.16439433953709
56.07065280804011
66.65980474548886
72.71748346249409
74.94219311416875
74.82419887741594
73.57807048432356
71.12515239735726
67.09646799752244
64.88365948246708
64.66468062611556
65.58892476019203
67.53787849510277
70.46076044615352
75.80490852429566
78.23445798623554
77.70365992819522
75.9235410222195
75.2990817175832
75.69097685165872
74.46441109210048
69.89471899674922
67.55293086213753
71.29519966079569
71.85913879457313
69.07485110105795
63.2623487971751
63.984278697800534
70.1153983857734
72.00683481373062
69.7626403968055
63.63321120883532
53.462874642068854
38.7711378213251
31.22004409937417
33.07163214267688
34.53130417314961
34.96283150498286
34.92229092006589
34.38495902288811
33.59713485409174
34.48287208081212
41.96369117640876
49.97510276217636
52.81594476273184
50.505593317358816
44.552504551567445
54.27275564237015
64.71631272167441
70.58884791012153
72.96926758204853
73.02727081568793
71.55369705594569
68.37275939754493
64.55718143893625
65.01611548685717
64.57557212481856
60.879790081161865
57.01574783571444
54.485032844661276
50.245091874017795
47.07442749583498
52.161952117774305
55.80049807763585
55.9881743166376
53.20754442757166
48.237429353885595
41.705511567528475
41.590370413239135
45.409865060417154
56.794232276068385
65.2430018709242
69.35291267168682
70.39724273003917
70.14211495203858
69.75247284393801
69.08799701668275
68.00890220513251
66.78234342460047
64.90094901386797
61.13250975586223
56.50772825115272
53.48450977194482
49.84100431267351
45.18125329651135
42.824997684880884
44.24363604027495
49.606313524863175
56.228836280022996
59.76635487496705
59.003193870881496
59.524001535302524
66.60323852515029
69.81987766905743
69.47835153347343
67.82022549187019
67.27231094773283
67.08986893496189
66.43281230377437
65.40007354330912
63.23489803401151
60.419547108393424
61.540174255416005
66.14095662961464
68.68736138853087
67.34593126509347
61.6794801598201
53.461627232845224
55.20686086614981
63.97316746633025
68.80198797441688
70.05403767669486
68.69274104406193
65.67773504441038
61.34851357609847
55.8566707085201
51.24236213504968
54.63873109997727
64.88609953556478
70.21593880392155
71.6134276963274
70.91665920533451
69.85934051210069
67.64139971004374
62.724040652144225
54.2947549806993
42.994343419772825
35.63075764347482
34.34228125951974
38.787598948986755
42.017988501028
44.08084263113126
44.957503631972315
43.943090214279685
40.85795269173968
37.57701204919475
40.70108778739646
46.9825835384963
48.548660966779295
44.94794136041622
37.92948322245101
48.49507097753032
62.07018630494708
70.13064542309209
73.73017018116482
73.79786624033919
71.80524366877867
69.57689492396392
66.81649924997672
62.45395292213676
59.418588133895874
62.23492697549568
62.31613074479442
58.61016788085365
53.8573231546409
50.92673287396852
46.670829542753964
41.152722324739166
47.75645048018234
54.54326366158382
57.86131314937976
58.432997232686354
56.622999114279004
52.32999828264616
45.22295896449602
38.967252702055156
46.742893301176316
58.68129429964721
66.01251138239637
69.00245117653685
69.12586622856256
68.65208079985258
68.76824881351968
68.72429305524724
68.16436316655015
67.00644800050766
64.6618143791749
59.817007401363696
51.694333515326164
42.93230682612173
36.09578687754389
34.18418633376973
40.4106517474562
46.45505824885837
50.57076636097474
52.39750797849291
52.40126662787203
51.875149180353155
49.60016948483103
44.53784759960061
55.12016724548653
64.46891414573076
68.89507017559535
70.23371014485592
70.94863874518615
71.37249743689488
70.4596399879013
68.74843677163315
67.77414969316678
67.03513958946645
64.63408370312894
60.266752553391576
55.84251792819097
60.0765186184433
63.276575718148294
61.46326625294521
54.5034230411642
43.6390745904703
45.82180051588891
54.665597288870956
60.36104969822545
63.788989552180695
65.18807291921678
64.13373470736266
60.27187569098811
53.63279222247901
46.87525549941327
44.41053694210971
54.05222439574275
60.82659929994476
63.323839804260906
62.95214756420502
61.08293632630695
57.2245108208212
50.36157216046494
40.639281409875764
33.14108513092612
33.876026775074386
38.29301508366543
41.76527768839422
43.4871348330106
44.61320637087857
47.24393736134339
49.61294015024889
48.134962807945215
42.1520088664633
37.07461700131431
36.79617883578745
41.66518532729248
49.824323774829736
52.72429783686672
51.8045052635053
60.232515399570374
67.91744193644662
71.24414982874302
71.71749754037379
71.3881026035427
70.91742246437605
69.41348229489044
66.11483803681284
60.43745726322096
58.19345961530119
61.66077811219657
61.33604341783609
56.78822613565009
50.96142515179443
47.84301906184054
42.626887253617376
37.10987793511797
46.204474970595385
53.0266940239087
56.591691767821544
57.594236967869406
56.21552828598897
52.24578109448599
45.27950706822185
47.06450767348169
57.9987616861126
65.52820159813874
68.72540058808407
68.62323308660164
67.29135252562793
67.01445905867712
67.54348636232588
67.40302600144257
66.13561346492097
63.24738641576016
58.134025536063554
52.17146555571724
48.72800959221132
53.292971993691
58.17199821860232
58.56006159331102
54.64885510067547
50.715030126899585
56.80677848859599
61.0183538205292
60.33379579870729
54.60529799829612
58.323555684223564
67.43467565760854
71.77901195254167
72.87045572647004
72.45926590565348
71.39735438995741
70.25212914454244
69.6416886594381
68.11905533681929
64.45595138152014
60.08799289516855
63.86535576097011
69.3799820011293
71.80990038532502
70.67097950525886
65.40061685337996
55.180301001154106
39.71899150454752
50.58545999264523
64.60758135616253
72.08634703863218
74.85538643956652
74.39145800165535
72.37140453915478
68.62385550663508
61.88813462719759
55.03121391531985
53.86281598878785
62.56006564100059
68.68791837040311
70.71169208718219
69.5375156300434
65.72170425204138
59.52617947756004
51.43603847979948
41.75119584214414
34.26563842578078
32.457030801379254
38.12508449850685
40.64740078790435
39.007528535455336
36.87649660533382
37.435537580119544
38.756812793922734
38.45498347705761
35.31535327741225
33.0759423469355
34.02606588578041
35.772627629114375
44.8589346703188
59.79027940288695
69.30172235493679
74.16967142513659
75.35082295683341
74.15706084168633
72.34085627847274
69.97850145463916
65.93091513884501
60.04132322172921
59.299791511478034
60.49814448992214
58.58882678086431
55.40281573540796
51.15095147429181
44.54812225980612
37.431953546237395
44.01545123556579
51.225647683268924
55.114059342690744
56.946934841636065
56.66958772972204
53.9706897619198
48.594143557590215
39.97146511618139
37.64475652204273
51.75511750778849
62.25114342394644
68.30248596732054
70.52911691217034
69.86948829235364
68.10103693306944
67.69781841815347
68.07467630723723
67.5222322495093
65.4825105087278
61.16695228706714
53.90887781193879
48.37174282415573
49.757836492724806
55.96094026261251
59.50376673465154
58.89202912706165
55.26166587693947
53.117255267998154
56.151027646731244
58.97427036372335
57.461556118644395
50.962575003908114
57.04870857143952
66.46863524725931
70.97383586764443
71.78788246154576
70.44244635926538
68.79868214104528
67.8607583122566
67.19949717590227
65.02670492692442
60.45195275258321
58.077031807205316
65.16508721632172
69.90781839820765
70.53416777778351
67.11237864870847
59.61709988332923
48.913266168927734
37.798154710932394
40.71858850973083
55.46510843133349
64.55182019880344
68.3661584208872
67.9814032517499
64.75470318748994
59.832847349666245
53.24507291388615
52.274953842911884
59.999132593925104
63.98205192410715
63.591636839533685
59.72496084426875
55.15807467639455
52.31120234795875
48.73812545326985
43.39143685537816
38.09629267163368
32.92055571111913
29.804830344866176
31.535380826000875
34.39453849428135
38.31182619436861
45.49208939063179
49.45528809957602
48.58245663752928
43.1821779621139
36.08832602997732
32.28962488549517
30.49898669077896
28.4542699738917
28.04256475108368
33.66795726130097
39.025215812071366
44.347631700964854
56.64271166491757
66.17083301165415
71.08762581304322
72.25812808299709
70.63910896749518
67.03084072076462
62.41168382978924
63.8670485270222
65.86593894839334
63.849717264348946
58.480537681145094
52.57713370485731
47.21059369322759
42.94966353726292
49.6353766425015
54.544682863162386
55.98623251209928
55.67468175219049
53.93447666071785
50.135884526228395
43.95225431255404
46.00152185598888
58.25130851319053
67.06367345834538
71.39315396037871
72.00765969851946
70.49723834340935
69.666795593267
69.76365810264066
69.3180930420404
68.14652026723414
66.72276915346447
64.61453854208192
60.16765747179196
53.29268348188102
52.340004162053745
54.893342940011266
54.148655306601
50.64688014896361
54.10308846365095
60.74183887300137
63.05521021259652
60.60078743679693
59.81251437901402
67.25733051675547
70.9633570121693
71.6910259514291
71.3486947461875
70.82929661017491
70.00047924294198
67.9460062372392
64.0706657668166
62.58773535236884
65.57582288045606
65.88890843313676
61.54273317387908
52.038965536579596
54.58113880844551
62.84375363315428
66.56882626315137
67.13278466100579
65.75606852327442
62.33620488637678
56.29882382311328
57.26105614315054
61.90502733960731
62.78832240312059
61.080666240547274
58.1363862242209
53.481194390446376
46.550703184890985
37.45915578023208
31.72142038489315
34.473675735531074
36.587893817598165
37.41342702855621
37.34719187040091
36.0285707838804
33.524460144398226
33.68498587433247
36.97382187135447
45.857648944298326
58.77778488331132
66.7671749714897
70.31447465091998
70.37394395748544
68.41423155878006
66.33286922523475
63.82349266883388
59.30478042452081
55.31751397423693
57.66539849311384
57.87733637788365
55.27031845645343
51.95409357292297
48.09574041921623
42.778200452208665
47.10068899914476
53.8309680238472
56.78645762667206
56.298305427114116
53.401913851185014
49.22193902386533
47.690001166131566
51.04965147936811
53.281950404541575
61.12155506655179
66.79200563807436
68.82602668552858
69.02767239448559
69.01979276297051
68.65989840029019
67.99644637136431
67.12826130273675
64.73194502326653
59.38695419809406
54.205778919029505
55.3483376949963
56.25054551859134
54.74947271873986
52.11743880077499
51.82468983361191
52.766545245368484
50.259485551394775
56.08993524884217
66.43307875874434
71.71274432007846
73.46431087656755
73.32315123972674
72.51048511996325
71.41067700405364
69.5110291701186
66.67600105512777
65.25617945986261
66.40216645044299
68.49294974204484
68.60421534317624
64.83286120393906
56.20572068870358
53.98370060103823
63.65528606568142
68.41676146022043
69.27555952613515
67.60518008978673
64.45791766243626
59.07315275837418
52.18397391933361
55.669047389834134
59.96710529386293
60.42172552485114
57.51306343083712
52.2591400024541
46.312105724504924
40.23385350553144
37.14811311315971
39.22987384936907
39.22758574739945
38.82186104446479
38.44544865841277
37.91478463365134
38.91469634810054
39.223469762069584
36.08173671677783
30.592204182741956
40.1096993102861
51.58315230254996
61.039466863094106
67.21388904241165
70.13158350127128
70.84325618629228
70.47484736269635
69.16201314309896
65.7724363131932
61.10142778806196
61.73508468286108
60.9712062101438
57.19670887658984
54.1540789221991
50.521069836371204
46.30334809858881
51.00703134915966
55.42337624075622
57.05319266418161
56.01552611651392
52.539923225093716
46.2305533971596
38.74390858791654
47.6960415163697
58.88058604078853
66.1967438018645
69.28772917695393
69.06633158610076
67.63803729641145
67.52238790313687
68.0619420449922
68.01696596629674
66.376910728374
62.01730396907395
54.890823224904125
53.147806484841354
57.14310316117469
58.7163804947885
57.034386910909646
53.22086500169447
54.279527290610005
60.707235550766015
62.937933675542354
60.27270022580335
60.85139160854544
68.02836662222033
71.51433158276996
72.10139211356338
71.29367334568941
70.43912137765113
68.77255591065593
65.46184796944576
61.26471144318871
57.275324243090246
58.190256235304
61.100186511034764
60.59812818411551
55.651705087662265
48.136424476636144
55.853707198900594
61.90042590801429
63.807365901068486
62.53981208876183
58.81257871175653
52.15555849105659
45.74686786941661
52.426662921250326
57.205425712435655
58.28883478556871
56.886885340386485
54.11605640742063
50.08471174853027
44.475415332134176
36.92504330174178
31.574828633515033
34.557912287428195
38.152262843429185
41.68211602522167
43.17165353944777
41.5826903626007
38.45104403310388
35.80794611747142
32.8346554033124
29.765606900528475
38.4238788417336
53.312892523205505
64.15582296683128
70.48072815190812
73.14581074807963
73.27974024725585
72.16366037423202
69.75916246245377
65.34016501429038
64.63122980602095
65.58806272551435
62.84877946070977
56.85041535549519
50.59820328160029
44.94630049549799
45.6995590408772
52.26473140173521
56.718898786919425
58.4736687124346
57.222491766810236
52.628344241041596
44.07920984162335
44.470497303047374
57.42775432956079
65.82567930492269
69.94330161826736
71.10452602124371
71.3116759462177
71.81590295382543
71.91868560448403
71.4080180451416
70.70383687650703
69.25017576139254
65.82450039460771
59.427890099658
52.914633572072695
53.74141365929078
53.77700511756587
51.904542142851604
53.37233384998173
59.16742538557264
61.477344433899084
59.17978374978535
59.9987972401739
67.58836833884125
71.35695778482514
72.21443657664899
71.54863437346091
70.0350632308793
68.46925382756513
67.47205971357529
65.88593750820512
63.25711362876433
62.641561040409606
64.73779265547844
64.13124781455014
59.10448349587047
48.83969265168368
48.94731705627048
58.11414798729555
63.082341508829415
64.44759278826277
62.852381734579666
58.49985739234662
50.79659459193501
42.66611496904687
51.40757338335547
57.83838153433204
59.9383107121103
58.49662281316416
54.80920667945785
50.46328054985099
45.145321847570585
40.399124158099525
40.526632771126756
40.34775967442912
37.3384197021288
35.65262915477346
36.47181080795251
37.177442871909506
37.36879471499706
36.847112653753356
36.4303472691803
37.108490371631255
38.44301320996919
39.638663026059774
40.74590576954709
43.27804232776523
46.63425910649192
49.38231461664617
52.559129164894294
53.386802638954585
50.708389307379804
47.55051213834033
48.75336955326691
57.16939517227636
68.30541032479799
74.15045296739766
75.70897883081807
74.35518992886738
72.47702486580414
70.94632183265982
67.90480112022294
63.44173911204016
63.05640711217293
62.88394661130007
59.612793971343514
54.15491825445066
48.49003744359638
44.17856436504806
49.39205396887363
54.478243562281754
56.571065570468015
55.83265610158143
52.65845901755131
47.916719419892004
41.29629333896861
34.38819797343568
43.21230771430451
55.055125102895595
62.28542110285829
65.04759430986196
64.32961913358224
62.549098302294155
61.99638226949826
61.84718649624774
61.43884079553311
60.8770329134414
60.505265965399026
59.80679223593455
57.48184334818276
52.37151694789962
45.26653470818242
39.617289690641336
35.79847781218192
37.95524399773467
43.25174214131448
46.8745454149741
47.77360058943038
47.30574704984808
51.22446105591248
55.16700945964908
54.92567234785378
49.80237304202271
45.892522057517354
57.728794068660385
64.38919816154892
66.256235469264
64.28113139629221
60.54005473220201
58.24375442018738
57.39835766012157
56.39015082231275
55.03582041832896
55.15707299588658
56.661958423543695
57.080336627761135
58.91855582215171
63.29272607063115
65.73954324914358
65.39196841622335
62.20843557245406
55.48020602203646
44.4992692126212
51.67929490578604
62.0674699645857
66.79773543736907
67.00441988442067
63.5283376079429
57.85984948187683
51.3593780482898
44.55169563145995
42.04976750045525
51.07410894411228
57.845194480255266
59.9282058451726
58.73778755126152
56.753033404149605
54.915995988216366
51.864550211818276
46.78276790404447
41.38236310881535
37.6277286706249
32.50509263333213
28.208101661586472
30.575400703579128
34.617324263477684
37.50620927318845
39.51176760765147
40.544163136457286
40.011918888740766
37.93043715239949
35.10557818137909
32.023554154721865
30.345391219471566
35.09660875406313
49.70752785355244
60.22677848779574
66.43056047230144
68.7162489131968
67.90498159731848
66.26734695059218
65.60182012476814
64.65901722757182
62.63186032591775
59.50862135986518
58.629875587314686
60.31936265795722
59.73973381927924
56.30621375649811
51.38353334801246
47.08736953698718
42.63048414978129
37.93622096225089
39.54303839045106
47.80689930715705
52.26771429396058
53.52340091283895
52.55424695392289
49.70178160648909
45.052279419020095
39.51895109286482
43.752621945273596
47.28465550960113
53.755659428074274
63.692334401376485
69.19678139495109
70.80343655714626
69.89125258615951
68.20286938727278
66.67804093112876
66.08943101253303
65.90798746175932
65.06795278663651
63.37430570526198
60.213485426054866
54.61289259595147
46.54263559282264
44.636592100273106
50.44954557665208
53.583904561254165
52.47935198540109
48.71364803585291
46.79818829626772
51.731170091874255
56.595253675048085
56.89352231982162
52.12577094806022
46.97870055586853
60.291013104364495
68.54765153299078
72.19457278091485
72.51479692673303
71.0625884474545
69.22867016008276
67.18178219895478
65.22574501641148
62.89500463911101
59.27820849235773
55.66951233002708
56.0420315943474
56.31619145613479
52.896401812075695
46.06854213925729
37.496401717057886
38.53865256865589
51.462813812621874
59.28177784511441
62.74109461442228
63.238633515419444
61.67636320504096
57.53329313836944
49.99926272864527
42.03286726215285
44.62054983945407
53.515874617046606
59.10452880820314
61.404245357156356
61.35805007589041
59.80386834260172
56.34159089222265
51.41144231595653
50.91409177913867
50.318889747689624
44.974239083787005
35.140415279393494
31.574183613222644
33.17558126250406
34.243020753224855
34.935154623048746
35.51036389581709
35.2842459801171
34.325711481872894
32.874562275515245
30.473948174451884
29.57671355047658
33.167919271276226
39.35233786468542
50.57874846748081
60.1517588861021
66.18219654781423
69.02129151253452
69.8440394218902
69.54207748825651
68.2094968993731
66.10970759930257
62.91088007986122
57.53489144745957
57.30387055663752
60.246747876889124
59.195073061301855
54.83541305527345
49.824596363910764
44.69348582708434
37.68017021616439
36.65821473199752
45.96997503961709
51.097025609055066
52.87358451761371
52.15939827859114
49.09047446436684
43.968596635840036
37.5075491511989
30.177590518082447
29.466594216523877
41.84102462767453
54.28780730285439
63.00608883000527
68.02055472681184
69.93554336131886
69.7002145073476
68.42543432057435
67.17107813827188
65.71118768647733
62.45877266927756
56.238425860936836
46.503641061332736
34.52733788928985
30.220688866222222
32.11049392129292
34.65202121126735
35.803916506055565
36.56791170154822
38.23645263425097
46.1763989524291
51.919247010591675
52.640489059943164
48.20549914821776
42.57265270222612
56.44292809762322
65.19971546096498
69.25339758336394
70.35147769264535
70.45715464203151
70.96216209040871
71.39016021464022
70.65959828811278
68.17642016382582
63.43043845295518
56.873680472857856
55.82735703020845
63.273757156775304
68.11989885666552
69.01914951388841
65.78173863564385
58.128750087280714
46.07319044933061
47.08679589430939
58.84610610682287
64.7183555946101
66.06289765564843
64.06901701411782
60.271223237443735
55.23680554527307
48.1983128753157
41.997123650953306
42.61463322429529
51.08493100506939
56.896281078058806
59.1317099362647
58.4911655136446
55.91529025150622
52.36514220193396
47.86962480811728
42.32929426853399
37.976130790589295
35.59406639683832
32.06686257538972
28.98070404041164
29.910255503290145
32.78934459930536
34.94116958200608
36.248735190814834
39.00876706751927
44.676771297899805
47.35394179897915
45.58032615047889
40.673960563247505
37.08606608540328
35.79007309237025
34.444684258442635
32.49373496402655
32.93434644886
37.15920974056458
40.6516003193805
46.699979099616165
57.20259194430561
64.26755087125218
67.23469472147862
67.26844577865609
66.86512746962362
66.86509410456813
65.50432769310676
61.529766577453046
56.205683436706735
57.75849355844636
58.42217480092386
55.9124626383758
52.84409309527261
50.56764021321009
46.70725293304419
42.47810011439534
45.96106848490238
51.92549641973187
54.70454896320142
54.96419661545446
53.90545635483847
52.642511230189555
49.44911949325644
42.22940608297905
35.35973799961983
42.0547791386305
54.419294815474835
63.63459272992103
68.18098715970365
69.32445255776771
69.06046101792572
68.73237453606001
68.23688147133099
67.50263544254916
67.05298814910455
67.03181942355741
65.74914549595209
61.44533207076662
53.09068686974237
43.93430833254282
47.25508822235804
50.41073772849688
50.17220113225502
46.49242059053309
42.189797747707075
46.555835862432104
53.892085118459036
57.29097667538343
55.90483053436304
49.36987678683029
53.30532591640241
63.985305438499694
69.37034612944825
71.05631709447026
70.68162763500622
69.79655111305932
68.95054298579557
67.46283044981095
64.81910298326481
60.891375985749136
55.88823419339345
50.05349831747551
53.75849269558823
62.04219467953066
65.33265348879323
64.00508421245252
58.354742549891554
48.80708503711425
36.95271075903692
49.287848244784044
60.990699364781456
67.23576635802134
69.3371652606665
68.12444049278244
64.58082972775455
59.70982722543483
52.919329529941265
44.81054778470341
44.04964279539115
54.111862524078504
60.75013402332516
63.336427155539226
63.00488782012985
60.850939341288864
57.40496444826831
52.018659167649766
45.27779080296874
40.59323293930917
36.8325115993065
31.78847141372234
28.55380385957528
30.821783713502995
34.78440121002655
37.93717133322717
39.93305827001652
40.68445707280462
40.55597663134953
39.4404457881171
37.3998017241706
35.41253887213854
33.48598217066213
31.624636286467997
29.28377650023
27.020964510501532
26.41117671324723
27.08160421143181
33.55395967808341
50.77443936991669
63.320755635708004
70.50937886845063
73.60124379866451
73.79926013400439
72.45039288611254
70.2315789433259
66.54195447558102
60.892178315518734
60.93601365293749
63.10666081500807
61.61171082016882
57.44843335997126
53.30688414003255
49.355109515699674
43.69035546447141
39.88628783358025
47.67509638148041
53.1049324020661
55.46634712177386
55.814006755801074
54.11170839534919
50.254521929117715
44.12995011438709
35.82763327611906
36.90893241931158
46.746529470778285
58.47439573791004
66.18742062731192
69.73107955047625
70.09342702835176
69.31807653631365
68.64657123699536
67.46414722663113
66.15387627368436
65.31996363579961
63.858119112038956
60.029652688772934
52.57460216949689
45.85644879855018
49.65319354301283
52.482588334776466
51.96599622987279
47.97942441613274
44.44191156583189
47.18802171834747
51.574135855356005
52.851861702008705
49.90746299406346
56.24037972729364
65.8814979845335
70.81284821559693
72.53810665513304
72.7892709746928
72.47720210381851
71.76789212336215
70.70034046637191
68.25491051109167
63.5916773355374
60.13764992851992
63.45810038367229
65.49710531850812
63.955326182664265
58.46513415668396
48.70333190723059
48.67354543159669
58.46242131424432
63.94066179605446
66.07298818981654
66.3111489444938
65.78789239694767
63.59215556071997
58.44991592847364
50.88512352030485
46.99503870828743
53.185333058440136
59.340488548686636
61.50934723741357
60.7583373617409
58.78992141103182
55.93969920564991
51.00257410200473
44.607394107978855
40.769302273655796
37.252736801150135
31.248566463429334
29.54486234051557
32.71208211173054
35.10036973613889
36.09654061778968
36.19615855543424
35.5834219662852
34.482716676831735
32.80848769929439
30.375170780216514
28.484098370089463
28.837633694196043
30.23388428064127
38.39805209031773
52.25598317439933
61.514964361352575
66.63439032933466
68.52030343923845
68.35571572730277
67.44608074057493
65.84652132843173
62.24481217726811
58.971080217146564
61.11362839960526
60.712929334052234
56.740835300079226
51.447995665675904
46.802109458831744
40.84394707717174
34.93634342126599
42.920596467912105
50.305157545151715
54.130078763825615
54.857852776923544
53.292081438694325
49.81338195929684
43.36470116362622
33.83937094342225
32.348794287773124
46.79098589547144
59.333878832708706
67.34016264718221
71.12747798257762
71.52015782403879
69.86460808531415
67.96491201422666
66.87049959484257
66.36191699072244
65.54609027128235
63.74347163945969
60.01023697823449
54.117413945417994
49.81374051117172
46.5891852864199
47.28652073265578
50.35090110272368
51.47099435793522
51.28773124191686
50.32224483691827
53.45654003119785
57.835052957946345
58.07514465560426
53.538066773704514
56.547873087305184
65.88240361767979
70.11091535446761
70.35752181352883
68.28836979175772
67.1205746197905
67.83199331726485
67.97695855095543
67.07820746322898
65.00990659265402
61.837304251785376
59.992755770965516
64.18297396034545
67.53110505695459
67.18940092585251
63.08767682606855
55.16504043849683
43.69197776755448
44.46883717216479
55.98461079355495
61.678413061385946
62.702409061412325
60.49724840808442
57.314756737055994
52.86146099654613
46.50298678139017
44.111304577037735
51.445704479894815
57.32565970642507
59.52942829957283
59.09264518068522
56.62261475027667
52.49298524185982
47.36525385550617
41.15861220175201
33.96605601179609
34.77429678742731
40.66441696804179
47.13069231685747
50.240417047250865
48.88397494300979
43.90561201203483
40.009720616554134
38.432926599557796
36.205365655320556
32.601450846450454
29.34642873966489
43.408395050810604
60.26910781907051
70.84994963694412
76.58010738864425
78.43492592226556
77.55701523419103
75.86993737170073
73.7507246551523
69.57895180915736
66.74453250845079
68.69672416676383
67.84630724175284
63.98363827847545
59.60532774804609
54.72335853183183
48.35779221106846
52.749942569758446
58.804547100156775
61.42490181495386
60.82790119303141
57.634676220114436
51.7800677465398
42.1576681935861
36.08858232717165
48.38607403215733
59.98413505233637
66.57784878332679
69.41678309893871
69.81656635576239
69.29185526187689
68.49958857816732
67.0642555505996
64.78155034628385
61.071976774960476
54.82513028511849
45.980896249943584
46.133358024132434
49.05258922802216
50.21616022208755
51.54800790518121
52.22609431907717
53.83282309564958
58.30750487835495
60.343021940023995
57.992420277961436
57.94736337779827
67.07120415643477
71.85711584288735
72.925415687321
72.1148657676303
71.03787805965462
69.82303637986112
68.59932568695328
66.38486896483299
63.86972465519975
62.62034191209213
59.0759605944739
55.552419507901185
65.16854713899063
70.58824687944576
71.41883767435057
68.83823814555547
64.8903793949836
60.29309833455818
53.518852052682476
47.677224358176524
55.79008591298661
61.971806519472665
63.9061201612292
62.10864642628511
56.82266081083108
47.95990805410951
37.61762279423265
39.9552269377963
44.322708329354995
45.63608677969279
44.88814621316617
43.61715830061323
41.6062978086196
38.00691923895393
33.31080014102083
29.460638443854727
28.449541408710854
31.220710313463655
43.65812879853478
55.82372927879511
63.84598907535867
67.85723670961686
68.86259311914242
68.24481546267245
66.65455074008054
63.16797294229953
58.43685566617435
59.91965573949414
60.33585630129409
56.46333121821244
50.7429778487477
47.48908304018336
43.20702584367432
44.379502127296426
51.130516268384284
55.470912608973734
56.85324911792833
54.96087321591191
49.82447729015183
41.544951278764984
38.61841873256056
51.27794960714395
60.034330846107366
65.06175799529898
67.27581735786022
67.7249576075407
67.50336264879489
67.09660378567881
66.26097178563225
64.44898945700152
60.49821957928428
53.50976930112826
47.76331969063746
49.80244622570364
50.45752158102103
47.36098734502926
43.0642693884718
44.45998829186394
52.43606778560366
58.140388571757676
58.85894193137009
56.53985381238123
62.85926336619906
68.08663359968304
70.04551921316272
70.37277307173044
69.96640861315363
68.95087834050153
68.30159760287019
68.3865883738564
67.54664245456672
65.18011258255912
60.998335271327065
53.850713331880186
47.95975145552741
59.762251252925005
66.55902410657389
68.94118149278623
68.32136411702938
65.8896417482301
61.39079186635216
53.69509652096475
51.30374717877571
56.62641754143451
58.211277163690085
56.89716677272882
54.33267614312359
50.67555784533512
45.13530349623277
37.65077438814788
36.85067075835525
41.50772570648344
41.957109145451795
39.291766852724884
37.362371412684595
36.016328536743444
33.45359199901574
32.332528736159546
35.85324895920595
48.822073460746964
60.42284632385196
67.24953507889835
69.98136311751382
69.94212999985857
69.40330049141136
68.87934524574975
66.23885038352464
60.964161497691535
59.737393855550636
59.829717216293545
56.5373816256363
51.83363870435606
48.40508589269683
44.48469268287256
46.05277290359423
53.593000508297095
58.15017808189074
59.24303946888071
57.32067489283508
53.00819895110551
46.316677497532346
45.18561875935113
53.464302326691765
60.35282087102924
64.26840608589134
65.81256447878685
65.99396193831998
65.2599617444993
63.82995505270826
61.97535377496095
59.32067464239229
54.769522467829376
48.733590649127564
45.848283767069084
44.951156337339825
46.31845679310595
49.11454869167494
49.809262762025675
54.33777848030121
61.08736836780995
63.155207235402045
60.54589880513099
60.567032783857535
65.70274638022973
68.55828905808549
69.62762923922098
69.36020614723947
67.99212192925842
66.27169101130224
65.6500917042487
66.39746607983204
66.74533384455924
64.85842433303274
59.30573758313513
49.93909040212991
56.656857163152345
63.444159670628444
65.69069848011439
64.25873536005415
59.970490249161976
53.21210527161237
45.42145845047911
49.72692213506661
54.54723443348054
55.929922350433365
54.49279888083551
50.56701681565911
44.00157262416033
35.77951104088042
36.43065801136747
40.28734301930914
42.777004850145076
42.98181651547307
41.347178797312935
38.71162228118837
35.85551669190882
35.19418307464488
42.557954297431706
59.906783001210556
71.27181373570585
77.74099880971461
80.61628589747562
80.86882018908065
79.22153075784807
75.87471217764397
70.54280957402419
66.28065516701669
65.4555833878376
62.51254205288815
57.82881422435699
53.23479823848005
49.68023393197672
53.0078479921834
57.638016734935285
60.40327043006776
60.67487686737765
57.97950747539153
51.82007133585739
55.41767116231307
65.32970996198532
70.55566891429314
72.38982557614861
72.5035704462189
72.25808819736257
71.47461786528263
68.98733633340595
64.26809045837963
62.14773149270685
62.11115320496816
59.12088771295038
58.30158268792785
64.34107657796675
67.20363482681802
65.58273944467736
66.25703564958216
72.13538214151367
74.62526861684043
74.51135312155117
73.35054404565156
71.95590713122554
71.14715560462918
71.23487960273955
70.6493634241213
67.6362834728153
61.80911482032801
64.15037078813381
68.70713867884734
69.7873495909205
68.3763941302463
64.43123496864102
57.17945248371613
51.74005002572237
59.16217377522321
63.80836899186918
64.36511203677755
61.37364868778093
54.94483061502769
44.48695426502568
37.33355813390298
39.59147097680252
39.76060564432834
37.617984691911715
35.880113167325895
36.92988473055185
44.79804490313598
59.825894495485784
69.50418808720959
74.99308705107742
77.17306217053984
76.39533209579153
72.70589290675893
67.26800527785572
64.42675632632191
61.68702479685262
58.00049961576267
54.17052063688902
50.619185375533974
53.91357838662107
59.271863318223375
62.056970203369595
61.63240987325885
57.699106824818855
49.77550844268501
53.161754246861854
63.71391704588727
69.7900336399779
72.4708653809961
72.61719238413743
71.29986672414329
69.41049721391096
66.21080739066895
61.651377024440144
60.85352914193467
59.83875685353453
56.99249891646109
62.12162994598805
65.93944991406126
65.0230077563331
64.12252829053391
70.3180948634813
73.37129609486215
73.14895928437855
71.36659601253965
69.90705879216924
69.1669530230715
68.26174018647406
66.01329125260469
61.2775858094387
53.877144713714024
56.99278203405616
62.32334935641852
64.58516366014223
63.872842859566276
59.76318130040969
51.8988975817492
48.80588233412662
57.023591024873205
61.88317694919434
62.89405509715914
60.21731373688699
53.867335145572696
43.914297370765894
35.40440993633056
37.87119386127081
39.98985052234743
40.33480406598869
39.51534469660665
39.425707969783645
40.43554872786217
45.8390256053094
59.484927508275504
68.30346844494707
73.09771718599527
75.00327713177373
74.66041386201815
71.89940379007742
66.69999413006786
63.84705164974049
62.17346602894159
57.688230124928864
53.83080952184728
51.27009806683286
50.11253536089799
53.10395939398943
56.97183755184436
58.4050847332994
56.78133289999282
51.71208456271559
47.79636243092742
60.02449753460966
67.65383687228518
70.80478146588965
71.02168353126315
70.0644742804933
68.19473024689734
64.40122295805107
58.85427581630097
56.05299244482015
54.83121756798128
57.365791877723424
60.149128210208275
59.65955795246327
65.65591098534553
71.67479881602392
73.7063469883354
72.89340241212022
71.07424596162068
69.62111123896754
69.06413592751773
68.97161966913772
66.82130267769767
61.44026494834413
63.92342623529247
68.67237287242406
68.85901432837422
64.75080927089078
56.59171569523736
45.741524270602724
46.44907236589917
54.929555807206526
59.99569067653208
61.91353930131933
60.642553116202514
55.69741752015994
46.58018121319386
37.89882676232408
39.51914079269744
40.56077560832619
40.564466769909615
39.532607230857884
37.12213375644498
34.66400396527995
35.78846659324124
49.479362380453125
62.24171677327285
70.06162491423173
73.6207821403947
73.8264009282164
71.90056586205952
68.58547922917504
63.45939770816215
58.78630149019144
56.310222146802985
54.031125831321816
50.38602898028999
51.6164777704094
57.1119332923565
58.795848649433246
56.68362047335158
51.86610847598907
58.00909440920641
69.03520110537482
75.1515641216598
77.51304057926792
77.3811055608899
76.27010671715793
74.80675544656339
71.69528368362477
66.96972315775805
65.43438083161317
63.55401504182904
60.039066112852026
62.871151090836435
64.01613919618703
62.34432062512993
67.39397061471027
71.35967280801532
72.20082461405457
71.77649908949614
71.71011429331091
72.33317433529724
72.31784866637125
69.77457967307737
63.250383543023
51.18804520923388
36.929709134436976
40.55674073062434
43.21062515547274
48.734073034615086
53.99243806077719
54.480105481758876
49.98260549323834
49.30531996369478
53.755332709566716
55.97367956247891
57.77953683064514
56.60684452585475
53.06092806640464
53.3607277154874
51.9810000760738
46.470393222499695
38.014734631462126
32.43967903197526
33.80124403326662
34.18401922546736
32.73904714469211
30.16105399931076
28.32189917277295
29.30626856121467
32.1281969298157
33.73020514589259
35.65214948236151
36.925837403212896
38.476956588033076
43.236108476883565
45.06675298160257
42.58397420026104
39.70515239054627
38.984154665211726
37.25739634084332
36.59322956981832
36.46360108686837
36.182035558918116
35.782299532178925
35.41730716243278
35.36930081927794
35.22098202496304
34.83421162486857
