File type = "ooTextFile"
Object class = "Intensity 2"

0
141.03219954648526
4400
0.032
0.1320997732426239
1
1
1
1
1
53.05625315058798
54.42085375351826
52.04643226512535
47.60103706407377
45.60072750631939
45.42642123618165
45.743685981045495
44.511013440112244
47.542280717966534
61.03843875892921
70.34186395237452
74.83361249849693
74.59693525424981
69.30967336978009
57.934709503750014
45.50589953591811
55.28158418532924
61.76806534484302
64.55507368553336
65.22213207311401
65.06376839043045
64.69790526868192
63.663417067302454
61.22129763306457
56.88131796759524
51.97299795139284
49.33945649646311
48.43626009722249
48.375625388718355
48.711161953672445
49.811381191855105
51.72003663288666
53.95531458538877
55.24227806953228
54.728224697083306
52.260076159884
48.95996426239505
47.78358860923586
49.54350698693646
52.70174148074239
54.38909136157035
52.6993096905013
47.304824056983676
40.448307013914224
37.163791780710724
35.88263129643262
39.5107820557437
48.216797335387184
54.65843900253649
57.82239972238439
58.169162105127796
56.155994746611775
51.628682696521594
44.60445642793364
38.62879091322807
37.13285367582956
39.20618498328867
46.38149505766668
51.23602220068374
51.92643752509124
49.138897202159384
44.56404677500675
40.26838535403145
38.02601247950622
38.01125028783873
38.96042628079098
39.46198006433522
39.84621171003735
40.35912688260663
46.31032468840785
54.7099625600077
58.15523923146643
56.89587892895479
51.637200372610394
44.77176802085935
40.07254613362585
37.983982225847924
37.48604559556995
38.00970345850918
38.471934718477605
38.61387952384945
38.5029863904892
38.987093350918514
39.32345817082594
38.620416024513716
38.01784234390546
38.293277538984576
39.224812426515726
38.975710017647046
37.72982683260099
37.74909241219297
38.1747389869627
38.35392784417809
38.73333675605168
38.941728245575995
38.464756783857496
38.100224503765965
38.34540552304172
38.79798526379642
39.246473288635244
39.11458502078772
38.947837755992765
39.38707833877333
41.57154897088353
46.131762090247264
49.16919312924959
49.636181178396214
49.9340350508561
50.24276856039457
52.65234128351914
58.91657925082959
61.97551379233083
61.037627145730426
56.463839314500035
49.43527196811769
43.144403848054445
41.054012318768336
40.88188413655723
40.12648101959868
47.46794755003619
58.44109651610133
63.557780520958154
63.70606014629311
60.90803029930325
59.2144505587699
57.324555222465996
54.618826751205376
53.416304765777795
52.743304465871496
51.06055869713863
47.69742409976924
45.02918944998818
53.444705448497885
67.98083937744718
77.23522924661266
82.5841617623351
84.78458928174739
83.85639200644422
79.37964514420058
71.8929214314302
69.5582982018215
69.0718332958013
66.96362006189909
63.44701865066735
62.862952351293316
67.31705078205755
69.38252671338286
68.16536970248701
64.05320065166679
57.41479086739474
48.958497164052154
54.22126505235306
68.54077904605946
77.5866845638584
81.91413489202942
82.89052703889885
82.65998045127358
83.01766128279523
83.47582103547737
83.45380413202281
82.67973756971801
80.46595494222152
75.76437004445918
69.13486379716362
66.51958759633784
65.29731260870433
62.13492717040239
61.8726540349284
63.443576123087695
62.70098063700053
65.78505353851844
69.65175730896634
69.12558157468678
68.74269743954187
75.29356471047032
79.08870213617456
80.26172190512338
80.0949804198199
79.46045692418396
78.37173054481296
76.7878384867703
77.29120947119037
78.91223411977512
79.00350017555137
76.25771815687342
69.59482747046621
58.09354611433676
61.60692774566188
73.03811266229965
79.00900212149006
81.06351279672239
80.40485573622647
77.4224607455332
71.40105979704225
63.65675613397097
66.9792359200659
72.25416648254387
74.18496989029799
74.11588341433719
73.57386748965202
72.72784862769736
70.49264535425454
66.18986062334909
60.431788614757984
54.85434244985477
49.16455901808043
44.03570749738396
44.12015281506905
45.29347860648553
46.45436705280272
57.42369194990567
67.45792327483298
73.5126323853723
76.23872383585737
76.54161455821901
74.63321041424268
70.50834013096772
67.11276931559486
65.47971138902443
63.44290439677843
60.77367722812138
56.35434224403325
55.21457752374008
58.83878564499624
61.59016717560009
62.387909369121495
60.59326153741581
55.19318498472897
46.66564891645692
59.605160038166034
71.76801183777324
78.35288610537299
80.69351176478251
80.10651411410996
78.80703070173139
78.58028036538364
78.58708949421268
77.62414282005744
74.85115197133199
71.66514907201052
72.30245602937451
71.68027370426066
68.54238466091456
63.91298396381764
61.68909473931905
66.61114078500734
68.85447441101726
66.63575207288781
65.08902191570058
71.7362024449503
75.55379632706193
76.64333329019055
76.27296368632241
75.87064293836394
76.24409141250935
76.92436821006795
76.67302792959696
74.13682131620938
68.41555419900209
58.93587934961501
46.38098559405333
52.84685978282195
66.41951619985167
73.79072307292728
76.57110673370406
75.97843179614225
72.6764173441489
66.34297194228806
59.88447024148883
66.73287071363113
72.40698657467884
74.18589428412035
73.52257333066089
71.86200952649026
69.16665267258372
64.70505019542364
58.67834874280861
52.59307171242358
46.83716337417199
44.61511400035242
44.160133050292394
41.70906892710532
42.02067327614675
43.14067716255279
41.76000560616642
49.63856689795085
59.821778793389655
67.68477712278174
72.98167493802546
75.31810109978818
74.84226796781695
71.52302157316747
67.0112679208634
66.59312821160863
65.39932112368837
62.32308046345527
58.653773891284274
53.793354518787346
53.23016431196215
56.81799028693057
58.507125603110936
57.606009818842736
53.59528035532147
45.99679663544337
43.88229297075928
60.24013589987085
71.64145762682564
77.56471160569942
79.23013076872778
78.1994587470731
76.93187226657815
76.2303226236291
75.43854662023111
73.84053013067567
70.07897647822716
64.39986796836283
60.6559125851776
59.774755200775815
60.95301723905314
60.59403722055272
57.94691814080746
59.49429648583772
62.787946007027585
61.74176011127506
58.829867021134426
65.60609724414823
70.8612651547779
73.25644853707193
74.03228487769735
74.32977704713223
74.06870410964052
72.59729760389406
70.88316610516023
69.65093650414082
66.88955002806975
65.47528455833668
65.87801221782748
62.51356198795562
54.60008748663562
47.383388753754815
59.89544454614852
68.90012214971031
73.6502600030259
75.027570293438
73.39480785286499
68.59041544588209
61.07877298338611
61.23293799707657
69.31473437528315
74.04032581075381
75.69495776898008
75.28878967941876
73.36457027911345
69.74093946353622
63.98899955476453
56.63778459609767
48.4300123218264
44.74394544524291
48.857434777352736
52.877485162907256
55.304734547168806
54.83225807110732
53.17418814711597
52.22944723131691
50.193419372658134
46.751554616893436
43.06941617831264
50.99556045609763
64.18643460100287
72.51084269610816
76.90145845262666
78.1171745151909
76.3486572592229
71.94682900090547
68.67594199970347
67.4316621123065
64.85753832531063
61.241482963171535
56.383653995441435
55.558536076916816
58.897315992612214
59.790595386233406
57.664339101319726
52.15611232881713
44.17770872511521
55.41804201972028
69.09772842817353
76.80944033187258
79.96976603376919
80.13609717501247
79.48975970052244
78.94520340854457
78.45377098717262
77.70262337265378
75.58073272743553
71.18231642934389
65.3451340473396
63.27033782224657
63.2526519727329
62.76077382226259
64.13327924548672
64.03915642468591
62.20806901980727
65.01058123223399
66.83614877960173
64.30593090578083
65.9724389728717
72.32835159382695
74.6526640922564
74.17037744643632
73.22571993846947
72.86586570975176
72.07509732679516
69.64671779075906
66.34856738101676
64.88124923983882
65.84403263920336
65.97316169778785
62.08649325932409
53.18797315393016
47.03728368700298
60.48886375155152
70.21042552409071
75.17466204781734
76.57009551531709
75.4053557570892
71.96410769319519
65.64391793837044
57.65088944860315
60.23087775288794
66.66747700943769
69.23840984791553
68.3530259857069
65.4428617987073
63.84677212298837
63.13366782876329
60.40405323734328
55.40639543530902
48.3422404268989
41.87734663731142
43.515104311378025
46.53620140192716
47.877429971133026
47.656184951470586
47.00436858395321
45.995624923243824
44.35447316047052
42.09768625265988
40.06457338156564
51.93751209979915
65.32902782258005
73.2728994618632
77.15664009218162
77.88406796009954
75.95803907414228
71.57669015449389
66.59329606955603
64.5051472809798
62.853829916270165
61.22014674635794
58.727932782432944
54.754568053344315
54.708846339869346
57.2923749297075
57.45559107367602
55.01393951330944
49.78702063799609
42.65795134687323
56.426377168589696
69.74902800826031
77.04928379929106
79.91085084918768
79.6891756319281
78.15941239680552
76.96857936771056
76.33597505766974
75.64577348616811
73.47719657811008
68.63204417104305
62.66278532742798
58.48940567034564
56.845847115472836
62.0829632451552
64.6913683462762
63.47796466303365
61.424246698315585
64.34255103989483
65.48130214202236
63.05491971572274
68.44636683806311
73.98975642096642
75.55481995836063
75.00118205359587
74.61552974831218
74.5117167424824
74.00160513931594
73.13339426750707
70.6651738612139
64.6485025968567
53.77760477249722
49.19797299543673
63.823065246969065
72.79454245363644
77.2801857688329
78.54004473370001
76.99255306240357
72.09393669377485
63.59467664052006
58.67464602875316
65.66198071473987
71.48070766561321
73.63568862115935
73.40887030042181
72.33509164737639
70.80098062071915
68.19260007990104
64.15347354004054
58.14015908308675
49.02462411940009
40.20455786951159
38.20504495722058
38.315011658517854
38.702038391230104
44.75560814827407
60.192496870684174
69.77173583888623
74.40521745384858
75.4525563848709
73.94896148898759
70.18534957272107
64.1830177285702
60.54666184460188
59.839867840462105
58.2435508719772
55.981820376634076
52.367896606248046
51.174554889405464
54.855035875973854
56.821325278599474
56.62747216945506
54.286398178836315
49.359034442078965
43.15873340799069
46.83122830351757
60.235527963898114
69.31101829949989
73.60408136140707
74.35280316326005
73.49986155440246
73.02540103091037
72.61876533024773
71.76910452683518
70.44484588302484
67.30854772162954
61.617931054712265
56.20393342016585
52.59512124545885
51.9713131537184
57.29762568513639
62.88227442509395
65.08532683673731
63.40730499159163
58.972866353213604
58.26695633723094
60.013646636178265
57.92342443230747
56.359113544106194
64.45025220250467
69.54119981701479
71.66407515097608
72.06572438282603
71.40799481299953
69.84345263424251
67.88505318986441
66.12859301553047
64.84161159240252
65.20059488546023
67.13722752822457
67.65546004674557
64.86192535750664
58.257836120905054
49.655775129130724
55.2496864050115
65.20693821566378
70.83327184794364
72.99540631254568
72.84849522456734
70.63364094880667
65.53997093667799
57.99577722074197
57.450886528846056
64.46390793290644
68.85591153491913
70.20340577378093
69.6201674688035
68.3608192360346
66.61154233185354
63.142655861169644
56.66596723425485
47.892970184607165
46.870334464766444
50.222614548085815
51.442365544458085
50.57721739583186
48.57708569153385
46.2028312592542
54.85018902609396
67.84116828179327
75.99013824586253
79.89475729555213
79.90670076857688
75.9855394145722
69.13170129873377
66.02052561984054
64.0247113338984
60.06303270183038
56.03721921967876
57.020159621314896
58.087819376775016
55.6073440807375
53.690800901963264
66.48992468021346
74.46389720066682
77.79381804084234
77.81973208686924
76.38632292634364
74.80600791273588
72.11521295943729
68.38914360719977
67.74277329905797
67.10457298805889
64.24324242290568
65.25263278712315
66.5272926566774
64.54006763817533
67.93198891946736
72.01451914425488
73.19316253298945
72.70829616444738
72.23994514336775
71.82712899968797
69.77575055620387
64.41905678114051
57.54715363104937
65.74007094884297
71.28143624644198
72.79654622142093
71.44016323652382
67.71667223860662
61.40496376098053
56.7338533063917
62.87464208459984
67.93516128859662
70.25375636853744
71.46254505412918
71.39461893657546
69.13933676438242
64.55150740666682
59.2143159870232
63.31788780574486
67.64837852830118
68.49375149322898
66.38003999914423
61.424275530820644
56.06129475457379
56.083127071866215
54.945396655497916
53.9643308636581
56.05152200724418
56.74719424619366
54.57979288058788
49.525758927446844
45.047260452646796
58.28091075155591
68.1210131212211
72.95971916675724
74.18327014458662
73.54463156737194
72.51858319425696
71.18262543501493
68.53356163882097
65.20892116878403
65.25443077429702
64.36449936226043
60.73020850603223
60.645446398103616
61.52470913584481
62.914941464604226
68.60778642369337
71.71376258212318
72.0732493118937
71.15362600841809
70.33396587661639
68.36160551147054
63.034753307543085
52.89094642321832
50.17772161655438
58.59785023915841
64.38601663569214
67.16104690931454
66.65556628994837
62.558955625991636
56.7578551002983
60.1102142281427
66.82909594435716
70.3205357629544
71.09575091718776
69.76701459571555
66.62358383203925
62.14856569096366
57.175579077853016
61.27335532538304
68.0621495870284
71.18421827946369
70.90713645408522
67.21259858767408
60.90205028379646
58.642104778021896
57.40519588019758
54.28095835330416
52.96452788004
54.19976285745526
54.00798421532344
52.00217696150457
47.45072647440462
44.0707071290627
55.00714284403803
65.07818866039796
70.585096754329
72.6751426326922
73.31486321652818
73.25496000231004
72.00841850602636
69.20500808915031
65.36649642277907
63.8011539544319
61.55534054771032
57.223664954864965
57.99280268082633
58.83542782002121
57.94815681961819
64.14805671470627
68.92233929116648
70.24859300263853
69.68593758743468
69.59395438149436
68.91480316321118
65.2728414333914
57.585137487108746
57.88548644594131
65.80970522042152
69.97509295746798
70.48035367716905
67.52966694774577
61.282292850549574
55.29601488084273
59.0180024968864
64.38813444587629
66.87542229572728
67.02692083679861
65.90586547886944
63.79407187829184
59.8743867486609
60.147329587211765
66.88213392886762
70.34849217224023
70.04958498115626
65.81480210854758
58.26204224179964
56.516215663657434
56.046392854869296
52.36045861013365
51.251428980503306
55.58629665361902
57.26837817081013
55.37726916650638
49.84616970820129
54.88826632118129
67.1800776277224
74.09183165043952
76.75385675410452
76.45809397095057
74.87239456201004
72.65776667261423
68.57407770492017
61.865359214692255
55.05582942913889
51.46715756811734
49.039287226146
53.473910283102924
58.76078128719097
59.441364699159394
59.75867347451762
65.67299897483548
69.50661938241132
70.39445808527825
69.55766789817153
68.14830715661502
65.67790405338646
60.50710815979426
51.822990310338554
56.95356218933711
65.14992607439655
68.80509642872201
68.59520273997364
65.15169189404757
59.24338682490408
57.752389523362666
64.5638664094354
68.44587921131944
68.99198795457286
67.83520120402075
65.63806184587841
61.35758064030676
55.86676922183113
58.631203645026524
62.73480207462268
63.053205713018954
58.97491815099023
50.41148556042074
46.20529229654234
49.50917915295312
50.07830618321749
48.64158497500092
51.27226851757708
54.15513413082584
54.34349793557771
51.6291003603685
46.33541742670889
51.303781087596825
64.73600491493207
72.94783021842488
76.69584757294786
77.31171672698322
76.29265038333168
74.28551524660782
70.45284597101174
63.97448241637506
57.43768584400995
58.27477521564105
60.87661193920858
59.74243092734816
58.564323833111615
63.03606734756404
66.57533622591147
67.22391614039775
66.48054768042546
67.0811475846439
67.08651923766644
63.859255314332025
56.689439543041225
60.87831481291161
68.48157170159914
71.65900210530569
71.32672834777188
68.06278700186117
62.01137263896378
58.1318748260767
63.5584411186263
67.01600193298653
66.9959124334068
63.88037962203892
57.97096968147109
49.643048520088556
47.33526683167342
50.37126804533309
52.40680508876447
53.3215476314022
52.7971502718739
50.579100003862465
46.926878029201134
42.58897252824813
45.62661662644595
55.54587445604733
62.40181907674918
67.1387790369558
70.38903729299068
72.22864864534475
72.14341861334123
69.98091964099226
65.76288025906926
58.800544739110066
52.55224743732046
59.04204164441317
63.548900858571294
64.77494951874945
63.85862595334629
62.172737980734084
60.65525546117958
59.73679533949546
58.756506344896565
57.34237556755253
55.31157037413973
51.66025424049619
45.89038776950264
41.90922855840931
46.19222845923757
48.1900128194638
46.55435476121507
48.28636067314236
51.71837053405427
53.19607656136
52.8429283937746
50.303164593586516
45.05336402179147
41.448335510690015
47.715027031778064
50.95313982539848
49.27257937783647
43.188234694134316
38.224168234384564
38.00840505584973
37.81493127846732
38.47156557526845
48.66409811292837
60.17784775856731
67.68801098107143
71.39010052693872
72.55009287327246
72.90188769077263
73.01390454849957
72.67055844986629
72.08820885041001
71.3895840770425
70.32323086224712
68.35408972334564
64.8517571844383
59.87806257386047
55.46808729547724
53.04390775465769
55.239075526374364
59.065661076614134
61.43362302844348
62.060072553350864
61.20846082597444
58.49904722885431
55.69972176496617
54.401049942752955
58.30512623294308
62.74368641486908
62.80600106300817
58.0694045879582
48.846921415265925
51.259811372292745
60.11043973977852
65.58922281596463
68.56538093278441
69.7664729653586
69.78386014564694
69.1486626952517
67.9758753514609
66.42729306933364
64.47167567113202
62.416673003247595
60.36686087534409
58.63731181321878
57.25542063512628
55.95271920579988
56.94526244316521
57.36632142827355
55.81181978173106
56.69236484772132
62.82546071036994
68.30811636045185
71.00801223374738
70.79515972051658
68.05969609173965
63.2963350417051
56.69829796122525
48.87994097432654
44.08588531316015
42.52966859806725
41.54614013169355
40.70124130700328
39.20820007980402
38.09287298328304
43.67141368724028
55.34798412286898
63.94013009406013
68.48869645090016
69.9880676197989
69.51073188275332
67.98051647516543
67.1728358256007
66.6138086962606
63.59653264081217
58.160864401270864
54.6763617822723
53.08037633693753
51.184512047156154
55.097741486243706
63.449631275329274
67.97390911526554
69.08564058300894
68.09260674453248
66.44540537466425
64.86935493177076
62.96402965213584
60.46697650635075
58.20608476157358
56.48837393331778
53.732768477726715
47.88037562067744
40.74870565883028
40.30231042298123
43.77539845601062
47.21127906031698
48.738939435088994
48.94474207055346
49.169036265761015
49.6499659477942
50.24519926325732
50.48664590470786
50.1539200811229
49.7313863145401
49.29925110620815
48.54240819034695
47.277629765420116
45.536981293633296
43.28794237335742
41.01574381506534
40.062315654510236
45.655234255115076
58.44436173061831
67.47461865160895
72.31110600197715
73.74373310264781
72.58994528655285
70.20250202865873
68.17934440269403
66.65141669434189
64.1623018413933
58.935801940046495
50.4741756961506
46.14037543737162
53.285065827283546
60.22412982778499
63.99342464536843
64.49623486757156
62.845834885169644
61.358452192283295
60.78527107759164
59.895489419836636
57.4320264517288
52.78650161680066
50.39618573203394
52.373716130672406
54.664249500494535
55.96028160621873
56.05202451451969
55.07289092408439
52.00402921327752
45.75076720575296
41.06992386207754
48.202590241069174
52.61199150367976
53.486156499807784
53.671889566661086
53.691860431406944
53.00277339908767
51.845850854990445
50.60188799109735
50.557450873833176
51.05036231739036
50.61613819187848
49.68469740461572
47.494863556161924
43.25325341866112
41.92861658040726
51.31173071359771
61.466318500897586
68.6466365389896
72.17981674075718
72.95596605701364
72.82901998936706
73.21335346627491
73.62620252791751
73.64899666728944
73.47690508757053
73.00144978619096
71.42786607103196
67.66279200418114
61.77782710765898
57.36771923386989
56.14827762655157
55.82428561898315
53.93155139960772
51.07249551010959
49.3676856850967
49.99113269747689
56.3662718379113
62.72687706228885
66.51989666720428
67.18860754606496
64.19987960236101
58.45449521291822
57.375289171282624
62.04422726850758
63.769538463999424
60.96729005404137
53.50837206430907
54.12465546236991
62.87667552378481
68.63163686220496
71.59135746707312
72.55102985800598
72.00305988308682
70.33777753132723
67.87707382727942
65.87683187115249
64.89658385919412
63.87949021561282
63.16371445315959
62.08318591453988
58.69240603977501
53.41995582440482
50.35468697836846
50.65381127784494
51.644327068739564
51.86413651115542
54.107600420273975
59.1596642106306
64.85912083467396
69.62704871302076
71.89022968486296
71.8204435295934
70.66760185119036
68.6100833703225
64.60397554952128
58.32161403113623
50.57601439286756
46.24830084718156
47.37247238284042
47.54061019040398
44.70646355023638
42.15064795336205
54.83587876167904
65.20606521944971
71.09706399532666
73.73242011967437
74.23549844320945
73.73184517838865
73.32391405008862
72.4592389838028
69.26535939051601
62.76183751308399
55.350291999053276
52.34867501997855
50.94172220391147
49.949381523044295
49.184736563403824
55.66532042926299
63.768310353358956
68.24046704348845
69.59330228466061
69.32309801197124
68.99341129125189
67.97315851043751
65.83336758838641
64.1189393522093
62.61562225923929
59.94885522075247
56.672557316171456
52.66316199395007
46.26795655045434
39.28279016255556
38.12385153109648
39.10075532350362
42.702406660897665
47.11708486347653
50.006457206606505
51.605416564544285
52.46754198299974
52.71244266962725
51.88001729065384
49.24727410272175
44.644821901970175
42.436474721216385
56.44823756099578
68.36289682911645
75.47514432561836
78.52970153851194
77.93286037510529
73.68813543543726
67.30193500655774
66.75238434151618
66.14644820017747
62.96798632255897
58.80709927245128
54.80353172890759
50.955773538860015
51.78802726309026
54.337136730977136
55.08439687017018
53.9373403846493
51.097014486831604
46.84052826017709
48.286504185956396
51.0057737215954
49.58597076276065
53.628531043825014
64.28256369172249
70.90594079639187
73.83426707795073
74.38925718438277
74.10038219565313
73.42614597881402
72.54721081728833
71.05808895129425
68.12208460953214
67.68638777995739
69.79792905669166
69.2983918573784
65.65246373126433
60.98159945496406
63.84923914877234
65.42197340717016
62.164376821769494
54.069323073346254
58.06885126373048
66.48783815601979
71.09838231222744
72.64325491087654
72.09907626153249
70.09173634858388
67.58217692304868
68.09403142804997
69.88668989122672
69.3408334319619
68.04238101633656
69.91702637811747
71.56554803757472
71.63876616991122
69.87651825338386
65.39791978076448
57.15496772980383
45.61386725636601
42.73904931681821
55.06877236716253
64.50613745420819
68.9667500972275
69.40368470996037
67.73914546005742
66.16259863781927
62.944449373128734
57.41235136565372
53.10831901419857
52.21990050505026
60.506065361281394
66.49323503291808
68.99518294516011
69.27636055850248
68.93976355046517
68.95070682622124
68.17609360540209
65.77182248734691
62.09098583287872
57.314700512569345
51.74225570589975
45.57432941227667
39.871544424185814
39.16565020960861
41.79477468599959
44.94045751423321
46.126466054817065
44.755488740001425
42.139814484590055
40.34745960618011
44.276375235685784
55.29757506044761
64.8187068720197
70.65695279480222
73.23742306444697
73.67562792497482
72.59229339799889
69.96980400078796
65.44208655823015
59.75733919490533
61.39666628533448
62.74594007141058
61.02292051811587
59.11406811889454
57.4900881221771
54.266995110913
51.95607651966115
53.83497871556521
55.002941931304825
53.99781536538658
50.302537363185934
43.84023021497149
43.29393604261851
55.90676478281356
65.69101529941744
70.7600744316831
71.90961926157287
70.8839256844097
70.03582293177009
69.78085898752133
69.35143285904324
68.08452065920062
65.0967553904469
60.714588400903686
60.66812986987301
61.926006698439984
60.39511551370897
57.07816274870734
57.43976343103717
60.140462228147236
59.34683090382723
53.868361715428904
53.89659305427989
62.210561386915
67.0029451402852
68.98756319626278
69.15077719022537
68.34549705490879
67.37008673452867
67.3055213161484
68.70799070026199
69.23115169686678
67.2196180856698
62.19106011739774
54.06162582020266
44.6541113326621
49.86006964119723
61.7985285257723
68.99601056280245
72.26606023731951
72.73019106706164
71.06106337711677
66.90225792980796
59.70260089171474
54.662931663805566
60.908202968222156
66.65971698081815
69.01479692548054
68.89977786792639
67.7191160845551
66.65911063346182
65.4313092143528
63.35773769823053
59.714654773774015
53.52674436860827
45.37023043439072
44.046222217028316
46.29677743656839
47.18443822793066
48.13254978766808
48.69468196939988
48.342097443313925
47.13893081298942
45.08678964126407
42.30099061337276
45.28778530266676
52.13956436635922
57.96938182182724
64.0337064875446
67.6227189009363
68.78358887123956
67.95825508673079
64.49107324313435
59.090659045139724
61.19947625903517
62.97714613586375
61.44957910918607
59.03050433891558
56.75877384566438
53.104873779215794
48.98531019088295
48.953529079356116
49.3125891901513
48.69186771568054
46.27568284424976
41.56710782815964
38.033776004055376
42.394175373711704
55.2281710904162
64.84275888299693
69.87033918500444
71.2221680377693
70.58032656151882
70.24187542000686
70.52250122559772
70.77826609780203
70.70266754684946
69.0893149051186
64.66671543872981
59.27813063518051
59.05240861623801
57.972629378366385
55.47355923319287
56.651173074417656
55.74070125866267
53.323560303600956
55.63943910856763
57.35564962939509
54.86412859169326
52.16937621736384
59.7800206584441
66.27205605463641
70.16403907535569
72.11359845216258
72.75830208150067
71.82508917222313
69.16460913235707
66.86697882025894
67.79606103009873
68.7497667923176
68.37131835446621
69.35453416331833
71.24629956892157
71.95248608562886
71.36687458800526
68.87932973252583
63.39196788953637
54.15327157214857
44.95179402708427
43.8699615643512
54.45751970698843
63.403738268457786
67.73893994938683
68.15573405442848
65.33331044703581
59.97016634270263
54.97738515890374
58.79502810358211
66.05810471332457
69.75225268769519
70.4987407940921
70.03006385301781
69.35290517067958
67.66723060248607
64.1681099689358
58.69748753400798
53.89306839375412
53.66680988251101
51.451749735440835
45.301098096940365
41.691687179959146
44.65076585213456
46.251526833602775
45.60902095752511
43.98037666314587
42.044781267996996
39.740282182143794
40.97500807453655
50.834386858752644
60.71357412964214
67.31344590519613
70.0653991893199
69.86323240642822
67.77078702336193
63.991942938806325
61.388250183928236
62.511690208654535
61.859387695921114
59.60109723399743
58.08019748861783
56.32389137035585
52.4744475496224
48.06448898071067
47.13104888335572
48.25027435078789
49.3538184994233
48.55751741417531
44.84769598014057
39.428637857669806
43.11158349069853
58.665858985066606
68.53132861121642
73.18439206309074
73.84059161972186
72.01503301742864
70.22307439240198
69.8626081007282
69.64157139818818
68.47520472727172
65.45830457493597
60.55521024425378
58.54136717620965
59.09205961500938
58.067939876023004
54.72363260692883
53.319260355977384
56.60490497565756
57.595607759081176
54.1711547310004
52.08359980993222
60.51275283417734
66.57848447467367
69.54716009061437
70.45841004942466
70.13166630372072
68.47851870348265
66.22596378810708
66.81399579590351
68.53537304691001
67.70256107116202
63.425974485778454
55.36881001570979
45.01808264551918
55.118660457217665
65.29935314980237
70.57872757294226
72.34635157376745
71.65478141296464
68.5411080714266
62.512820110410374
56.56105301148337
59.47428727414875
65.3619631075251
68.12375588368322
68.52716112899566
68.39812409348771
68.24646919954404
67.15054025195275
64.82240084044294
62.2441040234834
59.96690865831483
56.73577647472408
52.34119895012761
48.70059292175866
47.047256736495655
45.00806103903423
44.55339133809079
50.73854825645542
59.58978381816707
65.95975463307644
68.9038551226837
68.58329375944359
65.00421619089063
61.406601392146946
61.3991365515989
59.866313384891
56.88492673563914
52.53176080619217
49.2114191329263
49.368456938549805
48.35419538517033
45.24597305975607
44.09893415576371
53.57014938697851
62.721074321837264
68.66036742499328
71.13464786345377
71.28429042791109
71.00126091726109
71.22960128723035
70.76425159880967
67.89420653202166
63.978111364872284
64.15134710860991
63.17114226849802
59.02288754805529
55.42542954941844
56.700707268727896
55.823836165444966
52.59942295233603
59.10411206498203
65.21179136878985
68.19322540451941
68.98882170372522
68.69899988554833
68.87903759803552
69.66837303998777
69.07454865638508
65.68977401965634
58.73312188611635
47.90407541633233
52.16545167696154
63.249005017189035
69.49667122778278
71.94741529844795
71.32074352590928
67.74472450211574
61.000281478300124
53.3125020261257
50.345408426857986
55.49646798993305
61.20436490494468
64.1943690205825
65.53225485120949
66.3221765392126
65.63958036165647
62.33238941594591
56.33670346463881
52.88620187484636
62.283114738372475
68.79253760683869
71.37454247752962
70.60591247486264
66.50106543232197
58.415719327462526
51.129458171029505
53.28142262910987
53.2802164744143
50.83988168367992
46.82970054547596
45.1344070032378
46.08289332860062
45.04936613227815
41.68138761215022
40.66900541348151
52.98758370740502
63.742934457373764
69.65013533150062
72.10830132263229
73.05349313969336
73.70797054375441
73.1647539491245
70.23902469974013
66.69222573938241
66.8344715755954
65.68308818453244
61.421739134736455
57.05549234393445
56.338096467269246
53.5278748849984
57.75293231339199
65.7006412114033
69.23396629295327
69.23404219572225
67.48014373144261
67.4209663564678
67.60556410716318
64.66233464632603
57.38196935381364
45.46419064752932
49.51541418340271
62.13806733102238
68.92760249269388
71.27404162956849
70.21794303170724
66.3863314798346
59.90065799874146
53.94070061162239
58.35836901856888
64.56157882255414
67.33243251089392
67.57807639874463
66.78970838715873
65.68813331128825
63.19538508392491
59.002955820913755
55.416105525762454
52.18732598165378
48.3603314808492
48.727612322840656
58.05281318412949
64.73459237832175
67.52762625292169
67.45135103350762
64.91390044258878
59.98035969796598
55.79708327839384
53.41237496922673
49.87651171268609
47.55792737505347
51.773223989267706
54.87016612934952
54.41358335237224
50.51501635819928
44.04521311395904
45.149191677501406
55.242750468719
64.7391305899447
70.45001609900537
72.62082545647127
72.63591312592592
72.02447443193408
70.61920655505278
67.11596387232093
61.17834498414406
57.35509891020058
54.844837607497
50.10415500678859
48.51567934477272
50.425875946393106
52.88364441721121
63.49917403885863
70.37020724946432
72.75629623804616
71.70412559427703
68.57589805718806
66.11167841814856
64.68209477696784
61.05350156062377
53.837063268693626
45.91485561784107
57.20440221741407
65.63388632555538
69.12899817266676
68.4989375663782
64.2784568888643
58.24064012866586
62.4993373272102
68.92149439809654
71.7397582211729
72.11885074904593
71.62099689735877
70.33209989929573
67.04502487025648
61.578372411138396
54.69074824150943
46.52682879624563
46.57155353382231
50.743307585700286
52.87682908757158
53.52202656652607
52.69425913091535
50.65062159022489
47.410531478021866
43.94705633914988
54.93109177307314
66.51365759081864
73.0757069781955
75.63396689790221
74.59358343565113
69.82430827473533
62.250619422611976
60.810535705508556
61.363301182520935
60.14529024289078
56.7979700558962
52.71737810603874
53.18565788479248
53.27839767182569
50.291945061258374
44.10952991749574
43.03365921479863
55.726244411972985
64.86378436173021
69.78169869653146
71.89364699332339
72.65550951537448
72.87740371313264
72.62535969366921
70.87440225447077
66.7927583868616
63.84316343332641
64.4211125004155
62.53808551562816
59.208375853333294
60.34423284384307
59.78906318217824
56.730099840394246
62.89118259980028
68.07116469135279
70.04674094860921
70.02375980602358
69.77463948058448
69.99990957989765
68.3831842296967
63.27875613088545
53.87849178762003
48.37531769876021
59.61376998647614
66.50877306464197
69.34014705683201
68.86882062180605
65.33682686630853
59.27809558007176
58.67345713099817
64.12693558596149
67.06206733619824
68.24432740293004
68.42470108161267
67.52998393244788
65.3897028253305
61.44500903531943
56.825720336425434
53.21186375659195
49.20326784561478
48.55856575727379
56.51651931841592
63.738818743163066
68.38974455500933
70.39295238315314
69.29270135411586
64.61788414922668
60.7238813561265
61.03848509671319
58.65095443746901
53.64418807852843
48.651938928755726
49.32879429837938
50.291493596374856
48.86800100211489
44.86848110611591
39.83999568244829
43.78914308403629
53.56186032685852
61.97988531434467
67.23542584459487
69.43969029052434
69.65931805419243
68.87097941261928
67.56214519730949
65.29873998813449
61.89699226929116
62.255693494544715
63.449718328433335
61.18121757926443
55.3843297270004
51.78613444219799
53.66863400548823
52.407543155249215
48.42830020830618
52.655181337309635
59.086425686803146
62.27390974562767
62.645989686631715
61.13755785514897
58.11870868057622
53.14448941507465
45.609321170190206
46.26208406063273
57.523325231959475
65.05720221739028
68.77078101158665
69.9242336202667
69.80218398582703
68.67642765502909
66.82221089641654
66.0551634349568
65.38775431145989
62.035383532650684
54.71121882024509
45.81293660077448
56.37929850956031
65.64899015628865
70.2638211753866
70.89885907195449
68.2232187108612
62.99539699142703
56.11180072831288
52.45331187045281
57.38594240001059
62.62869688073279
65.38720497020812
65.87509145117515
64.83192799005737
62.76162256023811
59.48851493481235
53.85515183552877
45.541049761021696
43.34723286450594
46.30417451229918
47.563552083511915
47.396730555001376
46.28739455824474
43.713758356081875
40.43859753889471
43.07296289153783
52.36751357661139
61.54639204751039
68.88664265073022
72.54978940401433
72.84560966766625
70.1383756855361
64.79644922261404
61.34828331643306
60.354076518642685
57.691245466266025
53.2412626968576
49.955166242532336
52.32575473538586
52.569066877283575
49.123317238447385
44.09147137970691
50.728598570702026
60.57407450735112
66.64944769988654
69.53898216293878
71.01303355649581
71.55380549443264
70.39265782574185
66.90820331010457
63.776288128524214
65.04439756213942
64.20838757727867
60.25613187737964
60.23588469112414
61.49197138909916
58.42356496832459
58.66104987588908
65.11954376492454
68.28584969894973
69.01078343596738
68.71628965529686
68.70648029351185
68.29458803513822
65.37667474501147
58.735932194041
48.82426357024869
52.712325163104
61.52091215033957
66.16338047523097
67.23127531432215
65.25047673362107
60.384677972436975
54.27369690920115
56.49958757101257
63.01428134993483
65.96787234322689
65.92774557827144
64.15302772053971
61.563145415274434
58.51173111138864
53.83995393028236
47.66982663291639
45.754167981114335
47.965907706502584
48.98738752776356
48.95880342826157
48.53617515890185
47.46957260208566
45.6739463242952
43.42995791178109
41.79954988338383
49.22571552399393
60.143622881360855
68.36924145069621
72.6527117676392
73.48598405811563
72.23262382119087
69.7090469216258
65.12336387678951
61.151046282775816
63.18183959846791
63.27641183179721
60.64923588322442
57.75541702746375
54.46639175905457
50.75022332657021
52.290440513621945
54.69710486797552
54.8709866858755
51.8682208228
45.2650505758286
39.07113269063334
44.753563475823206
56.16575037417708
64.65624287023377
69.22352211919596
70.80849730104647
70.9756359211089
70.58687624326721
69.77383335822873
69.2999038158476
69.15824897329262
67.57374579168585
63.12646793911853
56.057558419755594
51.10666757244201
51.36158459056056
51.468431562110375
50.22907869805593
54.08012921395822
57.8691223659044
58.50459941775584
57.293642922254236
58.36624013537018
59.679075055152154
57.380080800557785
60.26645398629392
68.488529027598
72.91899881026582
74.48656850226037
74.39166958319339
72.84341352993462
69.87814315987677
67.58961420262867
66.39989975457206
63.048556843433374
56.09584250184126
46.807082652111546
54.53970052401995
64.96863852773512
70.2448045798491
71.90133729497475
71.36146806682491
68.82371135090877
63.28151585731572
56.478776903065864
60.723471138463616
65.70227610956871
67.08256062096221
66.22871558959965
64.4301982383287
61.77840490861883
58.095594311759925
54.45591608404491
51.15031985420621
45.73888480585787
40.501263522612476
43.356919128030015
46.82188300482571
48.595106246373945
49.203731745143074
49.33404742085605
49.370335768027694
49.00077341757526
47.30475444533339
44.175632708844574
41.59325878401474
49.02575721642046
59.209971597769254
66.84414065895308
70.94994262950975
72.19270518306996
71.12636242514358
67.89612042493575
64.98244865658306
64.69635689829322
63.35996527101861
61.30045183996764
58.61712068861944
53.5643456194309
50.29951739285069
53.38352200212394
54.478565432024226
52.56695233369922
47.35003147257322
40.48916784167193
48.256101377188905
62.276307966772336
70.42432843003576
73.75946343587191
73.69471175198764
72.55783267331881
72.15252585812314
72.03971634613768
71.4073728695678
69.12649479757134
64.42542686499971
58.25431888928742
53.910378624376165
54.81002164214218
59.67424188072557
62.58594381177106
61.76373362658335
57.89945759785211
56.41878703119458
56.3062122347802
53.88660169794163
61.172003990790095
69.02464940983799
72.94082352278375
74.02296227743075
73.43693672023274
72.01743941796612
70.58161634319758
70.0993499514236
68.81617681035468
64.72589313781313
57.11466025825029
46.791787019688
46.00070241919931
57.6032838537765
65.29106804840113
68.7367629942674
69.14375362269722
67.09819902783848
61.97748474505623
55.36368852470672
59.778499777721734
66.03778235519904
68.57658121115239
68.59926204239633
67.53156833505803
66.03556170229287
63.91476961529606
61.87919267958628
59.537204680148285
54.20551747462699
46.88839958408192
43.13010033995889
43.75349989233922
44.884079215434696
44.63887686010431
43.352062842414696
42.088589403532986
44.17934563855431
53.719327159494476
62.30348781318709
68.04987365113162
70.9427925965681
71.17297951349576
68.63330857298659
63.507016766279456
61.897912726515216
62.3205746164179
60.7131904041196
58.53238859282334
54.69523399083422
49.60487188699764
50.68731530667904
53.78379485669512
55.02294088729645
53.12488477643599
47.69198937130433
40.60602589937461
42.40135718228388
54.52615187745319
64.79550455110366
70.20572942402868
71.86132838436326
71.7601224122048
71.80742440019505
71.57346876573148
70.22032446359924
67.31932344037551
62.76375451922174
57.81660259466755
53.7919028496094
48.594481885160775
45.339790440696646
46.87775268255736
50.36020235349043
57.29098114134885
63.60841579848945
65.55942254991868
62.58930495134008
57.20286846969792
64.57687130285348
70.26531164029288
72.50834646783714
71.73715087692544
68.16222177921513
63.86437664293118
62.97144922600461
61.747100429740186
57.396630210589464
50.132739429155926
48.81374868984565
61.04805663544888
68.77928500228302
72.00534428245555
71.5774557475015
68.12090105554366
61.718515978978544
53.666188059045474
54.37857065033264
61.314466724564916
65.6588912341696
67.62524537610162
67.5937877044577
65.6131436516745
62.25621771403465
58.24532119213544
54.77687005375715
51.739465943502765
46.10127811464481
42.61870726365804
46.33174548749902
49.08108520559313
49.94201248364231
49.622238248478816
48.946769365135516
47.512181250166215
45.12083639863877
43.331272646378295
49.02934706669009
58.175212909333794
66.40459869630045
71.93297098843242
73.960875668279
72.7984093058682
68.72473526535413
64.23746353922107
63.49845967064152
61.707543087916946
58.70283620352528
54.99278947595478
51.659286301623695
51.52661922866085
51.001550921843844
50.167601454204885
47.45896338888454
42.164128748438074
42.727853459052795
54.269920700843585
63.93255280498006
69.58407640812413
72.0369937526544
72.4803447496245
72.12115908844253
71.62234638669486
70.3763259109754
67.50738245145938
62.78743538247931
58.798134206371024
56.91023368378411
55.398287354115055
54.313262465581346
56.329459866962566
59.11519128751899
57.94547215639446
53.09656956065461
58.159015217912646
65.06105487618375
68.62810426552893
69.36978170082494
68.19813382695057
67.34875736249067
67.65216036469597
66.23465688323654
61.339163622413636
52.3967792979083
44.7846544767523
50.677390983124766
61.47450460619865
67.76034624563738
70.46189867116668
70.48969266556937
67.9921196222354
62.460829790521935
55.08461821551295
55.56024430566321
62.346358325113364
66.00480837417113
66.63708968693942
64.96870513586198
61.314580648903146
57.39535895573713
55.54104866113191
54.63983727217068
52.66967598858483
47.86460480507235
42.1178144972655
40.86372018502424
41.007948163810426
40.599999312368446
42.83602519207085
50.840413366197446
57.23389120800735
62.89602118672664
67.0679508747869
68.8648825480002
67.73444274241301
64.17244721311364
63.0099213112177
62.738141328194146
60.33041523039309
56.38404349679337
50.82229577121407
48.297558783430304
49.55282516122143
50.95196508907699
50.728816573410114
47.30683338900006
42.11306652086253
46.0950903913089
57.44079399156058
66.81510526497644
71.86637100770474
73.42935269496137
72.89731938933345
71.8441737138858
70.91732699762434
69.54210817420675
67.02523129617691
62.813949087495786
58.640527635570585
58.57945364658988
58.2655006142975
55.98252074328517
54.560022131986116
55.500633600775195
54.19946849808446
54.91053227416756
62.21589885796985
66.48909048084221
67.63071545484108
66.80623131367376
65.4326164680461
64.64436389229942
64.13400420069439
61.933805329285796
56.51182261568024
47.439166890063255
44.96393691296092
57.088741553872936
64.61763462017314
68.06456881823272
68.8912336185219
67.30974915172953
62.4475319381741
54.674965238522894
54.81621969695063
61.895086106329195
66.12119688244144
67.50203468620262
66.77288873894115
64.18622869682991
59.689623777080094
54.35251792380239
49.475033673961306
43.765769202071354
40.897434332566974
43.42524186238393
45.182206716532775
45.58021286870705
45.31167620288062
44.5588645179202
43.28387201905673
41.555229907944266
41.731645251708535
51.86455658569776
62.594164533900695
69.61760505350235
72.95487450530642
73.27720291079628
71.2285491194242
66.94633530984582
60.954605916340256
60.66561431742187
61.654008749584214
60.25133471778932
57.15975657694831
52.59261028969597
49.17869563602801
52.43667797754293
54.81801004755844
54.8675721745641
52.63248576008973
47.701602103421536
41.74485719383671
52.30733073102726
63.96130806552303
70.58728844169046
73.20721438927052
73.0867998662926
72.02199110305469
71.30651396569834
70.42448325552023
68.7546586121512
65.54506542000321
60.55958237516244
57.11337481350114
56.96575700843596
57.901275833519335
57.80779028073158
56.586233252996045
58.56904088484194
61.286883148115365
59.90864436660941
54.06463510219751
57.27280768634188
64.2876767845789
68.5404500802496
70.42023129176128
70.3141647947059
68.45382541452594
65.33821292322796
63.321576865286076
62.68568505897573
60.39444243575325
54.58400857938369
44.98400650960163
45.25204278781976
58.193691485323086
66.22188685703642
70.1530206283334
71.08735444863467
69.4960304707364
64.94256492341143
57.487511791962866
54.31671946255419
60.1233879599819
64.27722542626051
65.23843068516315
64.1089123870725
62.73012441537611
61.75446314828703
59.59631896650663
55.10233230057824
48.63740235525605
45.90408810640837
49.506117128973656
51.53292757517312
51.59711880622769
51.54418728396144
52.69711969753292
53.34734929564209
53.3352897312471
52.85485455398369
51.27116378239708
48.703015612494724
56.49452128073772
67.16869748329991
74.25526141699007
77.83598066785893
77.84514431652036
74.12088235260842
67.6767701290008
63.43150025264443
60.42976891964716
56.28596635844204
55.704875192108744
58.32033791114028
57.75471699116019
53.70929158301716
58.88625568683847
69.00940342708853
74.38083110559083
75.95333211410005
75.37101960334965
73.6269531959242
69.91990276997434
65.18295342583241
62.44747123218451
59.62854951802295
55.88991420916079
55.28682502146175
60.5641941647574
67.89088915133289
71.67872534571282
72.80252669823041
73.13979719683088
73.35989617454206
71.78658466927659
66.81619594489165
64.6906778083564
71.69234261904376
75.01918342497761
74.79992415161364
71.40818083307249
65.78596985865141
67.60381033650894
71.61260297158313
72.5691719081139
71.30151101651569
67.85407174168155
65.20399544240594
70.54256167116138
73.98444906505095
73.79926054995025
70.20688608254235
66.96669380043268
67.19670724656022
64.90790791933698
59.51909377041997
55.356802494413756
56.667354480927315
56.88209083292261
54.17686104489424
52.206788510672475
64.34953538568335
72.5294736468388
76.250203417011
77.03955455627524
76.43358865672406
74.76294867315413
71.24373478177226
67.16601224808336
66.63261613454361
66.94242087755747
65.3375233948216
65.2410051073675
71.04926718332325
74.1836647846187
75.22499693074488
75.6277849079027
74.53813431033717
70.48865589113674
62.45046851318421
53.83927607664381
62.912396259315734
69.11965433837389
71.19246548914762
69.47997404611307
63.977714866217084
57.18060980897426
60.98073681646348
64.54580014434856
65.6091233075797
65.12981440701714
63.94714602917456
63.13953933283209
62.023032324575695
58.248459093243135
52.98918312373377
49.9187003531337
54.17973213197606
63.01559007195995
68.99376658770133
71.67289383258822
71.59722555935974
70.32494812804147
68.21258818630005
63.70295182047588
57.320057498588426
60.156449995586584
62.78892939641608
61.682883792575815
58.47543641916857
58.71006801132179
59.82325623048162
57.943322828464716
52.55448404052753
58.82461000202329
69.77097663228133
75.75516111462964
77.75305904026054
77.3145769843677
75.68158944540014
72.3029467935759
67.0429600305434
63.42859887351261
62.11631568247867
61.96997102679016
66.73730530888601
70.39155735566601
71.39531289967648
71.98207250293221
72.47485969013854
70.73276962863713
65.21861594603581
55.091327105831276
57.96715759509135
66.03945508119585
69.45300936640757
68.77173268892489
64.29300970546224
60.22666224710345
66.51056353467106
70.72572803255137
71.75718670281941
70.20400749904333
66.39687940727814
62.25627564146861
66.74019849162154
71.51877756670224
73.1434351284679
71.7179950988587
66.95872239575229
61.666495721571415
62.58309111411123
61.25886216190303
56.5883975824163
53.59525808469084
54.69048536130028
54.512450912020284
51.577288715905276
54.881602974624954
67.6611654560443
74.97194942286964
77.82685664955424
77.64308402669465
76.06267892574775
73.11363709655919
67.78124122704371
62.069317016745735
59.504917447326065
57.99554236877981
60.49053703151036
66.31691116237738
69.16542408486536
69.96065313533188
70.42401410065956
69.6444251177994
65.69212530646823
57.61225250107871
58.641797114992045
65.71165127764954
68.50323359894203
67.30273630585496
62.643720590109595
62.0781650287745
67.53720176833014
69.9634300392802
69.74214662673566
67.87717246984931
64.9120413160473
66.0285570915559
69.75463603840778
70.4570562556171
67.71393549999583
61.26618487509784
56.66624725606556
58.832373439123266
58.07014358801392
54.91696252220994
54.65208442635866
54.64640412865386
52.25788131906136
48.765655066580834
47.876287147700616
60.62451085582139
69.6028974112127
74.08224076320393
75.42690029117841
74.71765559088269
72.10334858489412
67.24398829505905
61.10740260225066
56.98094654606037
54.73739169557344
55.10556600426856
62.611776934578025
68.20498547673921
70.03853011609462
69.5866865358615
68.9546898443084
68.11183207863734
64.7849279227382
57.38783153395537
50.54608699979297
57.77532769700098
63.65983896060057
66.08658866568578
64.87808547327657
60.5180288816088
61.90759188166985
67.74937639215914
70.1957509751825
69.57710901727934
66.55686917656264
61.56817999045306
60.21652725500711
66.51713014714761
70.23290971477019
70.56432254677407
67.36908922310985
61.16188646110987
58.510956980595026
56.5356030153505
52.07498789399797
53.20340184568379
55.343483947331535
54.84691586492953
51.738436965778654
49.87174698627899
60.3119426867367
68.19334751432932
71.9712822913119
72.65419449958542
71.97797502895872
70.71720006879785
67.7078044789575
64.24600018524886
63.495304907367476
61.28250842164719
57.72271176232414
57.56353471001507
61.105064135468766
67.29032980634895
70.04319197911273
69.91501503164088
69.3841247484516
68.81932803754519
66.24865005672449
60.44201244474334
61.174692808088736
68.63400376206646
71.63471902130428
70.70677383273493
66.46005460340655
59.873003887397694
60.52162362902581
64.27089058298485
64.62322289719079
62.70741875685921
60.09936748400505
57.060372365101514
60.50004728518176
67.11943329704069
70.57795457955247
70.38068326877279
66.52383707692428
60.80417829716374
61.23420875408053
60.25147010510082
54.99371121047456
50.25885514774403
54.472144807891794
57.23880265076048
57.26811288954546
54.20756400156434
50.37082154767721
60.45508783604757
68.82031175720417
73.00255591302752
73.97069047750209
72.88338906302158
70.58783719659671
66.67479571735446
61.68843267327266
60.30452924943275
59.28764409588325
56.37083906349123
52.69334087123863
55.42200823993439
63.094426490133785
67.09699406039817
68.07747570142547
68.40263776186238
69.04242100097903
67.69311387796071
62.84502647705822
56.52478891055411
61.16805824587375
64.4314006775489
63.704663992437446
58.85362029625156
52.21767782880737
56.59645321698043
62.09163529451574
66.17108035080095
67.6566218149842
66.34363761532767
62.73314342232247
58.53353424959684
55.540188470564914
61.74224948687727
67.99747112479972
70.88068796479062
70.60723084803064
67.17213811246933
59.92723937795488
50.02435539843109
48.83085824194849
47.99356396865871
44.79412689148895
40.83816188981463
39.94729049457584
46.02532310569081
50.49377883232758
50.54734523751483
48.828735545377114
49.526628571759936
49.08462854085688
45.52023019387083
39.94848220958299
42.60308017396064
52.447493577591466
59.13305881456728
63.953311517484195
68.27986012287596
71.49125427055063
72.8138995653596
72.06432442272993
69.11990689973965
64.156452752366
59.51731835250897
56.33698346865589
53.464428306603715
52.90448003664765
53.43102510735956
57.63774843830465
63.08636725079707
65.8418417839137
66.08017215946225
64.99366985982024
63.44470323281699
59.58781944067579
52.083278562917656
52.13900522513221
60.14102098672222
63.83916738486805
63.97558087151963
61.47871113610883
57.64724484498274
54.62119757379236
58.21864823596507
62.82667943468848
64.27449841401543
63.8068308136713
62.38510825984028
59.96780544478452
56.288285943644915
52.57027869166158
56.440147893815194
62.083490820922904
65.55054750684266
66.20404491235769
64.3532000655248
59.72360278320387
52.646146762622195
53.62596414427727
56.3298478627061
56.09867575280232
53.40845661156542
48.7852979030799
47.785218155084664
49.0241540739152
49.110995044028854
48.32438199530132
45.27804099274677
40.43416457783885
40.14431075391441
49.35423130799183
58.39188601770337
65.4431312629792
69.4944098559783
70.90138565453788
70.66431419722024
69.56863961064143
67.09706845935013
62.8516980993743
61.09382552174063
60.847997942063955
58.36632163319274
56.89893811713191
59.41927865392108
60.09980182629688
62.21160923053549
66.9957136166698
68.72424335866376
68.29564883613726
67.41919474238664
66.7344530686106
65.96850078578014
63.42588842010694
57.59145456273549
48.490210135587255
41.863005129712036
42.05251603705871
51.78330526964351
61.099655056156834
65.93055393425868
66.30630493040678
62.52316749033
55.750775413984506
52.967764887394154
59.25739985191682
63.48196247244431
64.89353475700457
66.22308446332107
66.90875358551014
65.16363526288126
60.60834488307453
53.31471055402218
54.32246804204713
62.98608779308671
68.46812417221697
71.13798080993558
71.12510953892061
68.0842209562629
61.36930485059406
54.253112542176055
54.3138939528513
52.035502882599346
46.95976944001242
44.00675677842286
46.91209283939614
48.326508457354336
46.75541566198418
42.61625056178394
39.007967187359405
38.4849911399763
45.29201320731044
55.03894623149746
62.716551719973886
68.50559670673317
72.37360357903006
74.24923370160194
73.99362606437693
71.60822514439813
67.56157270362098
66.30641518511024
67.82017327566575
66.77636913474528
62.461838004307936
57.31273139492653
57.67551064211599
56.10593214716742
58.98977782737966
66.07884030666641
69.23886322194048
69.54425700617995
69.39210522209656
70.18457003734604
70.63824104230213
68.6232579496017
62.728242907551305
52.63981323724053
54.70018152592016
62.097757343343204
66.06556447792943
66.51864584740827
64.04912108747305
59.13256331753806
52.63318759305861
54.027256614115046
61.34099878910246
65.7952289560575
66.86486803257449
64.64646417984946
59.09528501064199
50.01156605938597
44.10779827421659
47.197936844646726
49.40375579135279
49.51077397721507
47.50417002168935
44.19922403743481
44.63267310620995
54.5128717382559
61.791029410500215
67.89745086301707
71.947807038677
72.840582133067
70.4081674016676
65.86191656942052
64.9852563119862
64.35308027400886
61.618767236668305
57.29777623693961
51.505405718092476
50.42276059627256
51.8055981814451
51.685386716581796
48.92438399785097
43.39110765937808
38.3434007217751
44.03444873098841
54.734553143762824
63.21802094407086
68.34511522465955
70.24956909909562
70.6703364119699
71.03702471547496
70.976880668863
69.88752472480394
67.05231505769243
63.1080089953696
60.18517485291092
59.11244516086971
58.573006905737444
57.63167119715402
55.51405303084732
56.94201865114813
63.8456741260973
67.6567603091458
68.29875983004658
67.11686069596847
66.55618946964661
66.29783775983212
63.63660442867237
57.27924979453226
48.4673498609002
56.056684441244194
64.36132942402564
68.51809600816455
69.11772974608249
66.83743511806732
62.02523590732797
56.21157119581132
59.52026237071199
65.24880611716438
68.06255499826878
68.80472935963057
67.75859648245898
64.60805296499267
59.40490821148319
52.962756371607696
49.50999817951868
56.9692522148282
63.826547336497384
68.1161773536703
69.69910736626017
68.47678698303342
63.979570532294126
57.78530005360786
57.84744660853146
57.45565551192278
54.69048115776663
49.951222698476336
46.123779146684726
47.52777749126896
48.20768964658808
48.86765554027654
47.78902481961366
43.75017371505485
39.020871564418385
42.581056562595805
54.56367794437455
63.84169354284645
69.31601921467112
71.25743764520651
70.9613743221934
70.57989494874347
70.16856615365559
68.50844334442468
65.02354606214121
61.89192679165871
62.78662799855205
62.058908321286026
58.26523238367305
55.14533772285941
56.20272019026466
55.240811384269655
53.68011661825097
59.075320013168415
63.34076331170066
64.41693548898573
63.19754083635679
61.51356486473307
60.907044832986806
60.19496931659724
57.019957739484695
49.999057105432776
41.72615250827994
46.91976837308125
54.800061559322366
61.73294253235462
65.3500988865042
64.97470355550226
60.95320911354457
57.36575367400395
62.64673912657243
66.89465459056709
67.73481797233191
66.26922843243412
64.20627723178501
62.52804398512514
59.713909909378984
53.69787505155842
44.97271139959313
45.17057776625035
47.791940347659356
48.981307164720704
48.977954719537735
47.593999043151626
45.26451069671789
43.036424605509104
42.80744833021821
49.61957412514087
57.804055642229535
64.24421953853896
67.49261351449664
67.7018002595479
65.04161863129743
59.98320599190307
58.85636643751304
60.32629385271191
59.73606683547967
57.48418966354961
53.00562321440854
49.22713467107316
49.30247515613612
48.622799016322
46.40341165561932
42.14645355005444
43.391735236020054
53.55724999029356
61.81045254215566
66.94451979953743
68.982661902899
69.19892828596065
69.07757768619536
68.1167298453074
64.99380075651253
61.48544013015703
62.92481727919282
63.31450650721556
60.6881629386583
56.891025585176386
56.10351005318938
54.783903640554016
51.22478617608976
56.08375267751762
61.64722549371063
63.53806124396917
62.41768448056614
60.39306133702232
60.241269005851535
59.95428402358881
56.83122083071077
50.0365695111977
41.73370733674205
46.25819011374826
56.13486974684914
62.50973721833287
65.31367785500035
64.95057718346135
61.322515212983824
55.12896026480577
56.65426965745394
62.97477500711115
65.90358388007816
65.72302870049067
63.94920038342367
62.021159559726485
58.94650477964829
53.24851274301431
45.613418078611126
41.85007123292884
43.764645195128054
46.452003618874336
47.96576359128324
48.71139665739402
49.67034194357208
50.41031767129069
49.775209281185575
47.99669634760795
45.60844312070539
42.987569285125026
46.98860914684714
55.79709006038277
63.6742711142179
68.84956012538265
71.27922301020483
71.49983980014605
69.58759423607413
64.81845963810198
56.394205832401205
52.95456014384947
55.69531703183711
55.92705920040862
53.307312516968146
48.81024221687593
47.88563421917097
48.616492032014165
48.462604918703995
47.1032670735472
44.3586867983328
40.93172394964593
44.25307358053779
51.67083923145465
61.30668242190778
68.90572539077712
72.96310415444934
74.17875296652001
73.9102457985957
73.19877837092378
71.99533658135805
70.6961079822616
69.23053641015885
65.80741051318631
59.983390210067896
55.68899431189476
53.800810488195395
56.58754013896109
59.84464399499659
59.828823045771486
57.322492244541834
55.96843648987178
57.52923300607393
57.40615849287775
53.99445879357607
58.185517875845875
65.46279290495323
69.21323831976027
70.53509187044047
70.22769282751222
68.44106571611735
65.7274045627461
63.0922825358952
63.18683965964684
64.31738154916312
62.88288938185794
57.868866467526814
49.052612102814834
48.43705685160732
60.01473446762708
67.03093501620515
69.84222375382062
69.54675469308641
67.03432709181712
62.164592214769826
56.25147080372379
55.561127970975605
62.121982963697874
66.49241125679026
67.92846076859183
68.02855154268468
67.03167464560168
64.18317317360913
59.83428870050014
58.676312405413704
58.713373549306496
54.56347402866448
46.13012612600482
41.676808141944555
41.245843706894846
40.62751173083822
39.7117846847229
39.25214183801401
49.49589820632261
62.05347404034004
69.58229640477578
72.83687218237758
73.08777455673499
71.67042406851449
68.52896854267392
63.55531257417446
60.85665187540094
59.36785045794893
56.41819549095706
52.54457267821839
49.640893133447975
51.32198359735802
51.74940864722537
51.40338232728328
49.81454420241355
45.86862249804835
40.46720389465159
41.477877212250874
52.257152118301214
62.0663316129159
68.23400206597431
70.59227062752493
70.20745144133312
69.30464180316933
68.87647832178007
68.35249919109157
66.84186654529916
63.31683111055332
58.40483180506801
57.005718578793974
58.10162405080988
57.48428355215174
55.05344250377907
52.335058168729354
52.773349103291224
53.01784332408897
50.348796472134445
51.774757826362716
55.291873797421886
59.707141065200915
63.61277036562903
65.1633478376976
65.07401891629948
64.11803251721176
62.37933223719922
59.01836793611355
52.61667073422697
44.15792461490686
40.93051661858891
45.89664713683171
51.9457167015788
55.56851608082992
57.053853724640156
56.59116272776757
54.0633852181106
50.48345938002163
49.99127239629624
53.44137960314523
55.55772762840619
58.50384896787667
62.869366661218024
65.48074407183128
65.18053306093353
61.800644424252724
55.95532457231834
48.801635481610354
43.01604672414118
44.349206980850006
47.2184201437959
48.79221751113558
50.028608908642354
51.32098541098322
51.8188071823587
51.887148143392565
51.01482992767679
48.12804557979216
46.453892987932015
56.817395586709445
67.1355345432496
73.04203134014654
75.2039400915445
74.44132991294012
71.15930124291408
65.3456174845755
60.325435283409135
59.90550749295086
58.00939447392675
55.60191088093502
53.16282840933578
49.296356244009814
47.84040731763751
49.5210034157398
50.38273875752725
49.08964300977913
45.251772848910775
40.39255185215134
46.775744639456434
59.75837970976231
68.00213269641104
72.03574275304104
72.98763160573448
72.35606859031707
71.84687778525763
72.10562505279215
71.84871056353734
69.20244841534745
63.84112817014046
60.81015054190659
61.12006831053441
60.3361034324662
60.16000492781707
58.88229116244966
56.25053990866363
55.95143759997833
56.20727287914746
54.250032905023616
56.42289669765235
62.11172103534607
66.71955229148159
68.68427155523145
68.48846558859198
67.56664785091132
66.04642792077505
64.15124839411413
63.57741102566933
63.93715825189094
64.43888862840926
64.29313484460646
62.02341811144653
56.93450068295115
49.045710571100656
55.9883159908171
65.64716394825992
70.32519591144282
71.0874532425145
68.75064343611919
63.66211355649371
57.54676389270642
60.86993598722289
67.56396303206341
70.3670992697934
69.86523906630013
67.94048658743584
66.50948950276268
65.30053278110009
62.63576962417585
58.41384098959544
53.6536094060544
49.43722228592145
47.23804249794824
44.74517162033584
43.933269567676206
54.88964094647884
64.62789134792394
69.95033349482395
71.58530875300518
70.27112176086484
66.87541964506728
64.94901795323469
65.76356966575872
64.37520612735176
61.2128375493141
57.87005260987384
52.836967620334676
48.06092661069879
49.35567506965734
49.1447394165289
46.41197211862993
42.12165117875348
38.49102827701615
48.34744996707843
61.819099333492346
69.48632380138993
72.63593035489313
72.61821704039937
71.52315342649862
71.05903508991995
70.24232462199122
67.62073845007355
63.08814912298048
61.74071514004996
63.772364665213914
63.581909594108616
60.55805652779587
56.5904092017827
56.29587662401717
56.07454687741224
53.56676445628611
59.74857136239197
66.74446466093285
69.9462228129725
70.44540326638531
69.45411215229053
68.15908543854681
67.28901920385763
65.1957273907002
60.29997710904688
51.88812257927954
49.132599960434305
58.79602736271015
65.46728279496085
68.35467322102056
67.79631817195407
64.11401344910395
57.74562023273434
55.22887179478508
62.38849918682944
66.72466602930354
67.29398467293056
65.65199974963983
63.25674965454916
59.471204493460064
53.90361175263432
48.00274309490648
43.17532876868328
45.06119487513668
48.80799732057545
50.90500402825295
51.245617261692715
50.43373920844695
48.34940993930249
45.86767607095265
44.405394667770764
51.19507913957172
63.183378633324665
70.27798787795658
72.58654141460754
70.55294059316216
64.79395593090973
60.1482270346216
59.65181723741837
57.98436095729207
53.6263251687097
49.45416833452019
50.18872902383623
49.120960114457226
45.57036290153806
41.268659205614796
45.6466462901625
53.76957424087975
59.44868126520233
64.001484897507
66.50327081554198
67.29408932655721
68.10370486465797
68.93436327229111
68.27687720421497
65.09148416923634
60.35471152875037
61.276892437547225
63.02093836777765
61.58801503276153
57.65813315813158
56.15199009278136
55.61304253562976
53.92713213307257
61.40290802001792
67.76171513740816
70.44529451438551
70.32608784100549
69.44425628388707
69.74694826368557
69.23946575633192
65.75501388531308
58.21850096346269
51.65637263109899
60.888510105574554
66.2840465618581
67.62287675911844
65.48297373855593
60.22601638850321
57.74624439913657
63.75403573758469
67.2197200857598
67.65078372305779
66.47306115555413
64.54661887322216
61.816303812198825
58.77568584027884
56.31771667914883
54.159683252394196
51.976293232490214
50.39510861009555
55.58528081687765
62.04859435659661
66.27711488964769
67.34416651748117
65.18148462770765
60.3309307566133
60.150054174307314
61.821975920286114
60.311006995014495
56.33555867270655
50.90863975689132
48.11913410928982
48.707465485426546
47.11446658250655
42.65920373921669
39.34970292771008
45.68708649652113
58.021748690578576
66.19727247240414
70.27489537463312
71.18644747606437
69.9770111020322
67.91939260920849
65.37521510739389
61.901754444761096
59.09773718995106
59.853064425598895
60.32028961371463
58.435272230157366
56.46436679825551
56.20219719025872
54.15319867395232
58.00342059921991
65.9883946644129
69.88241588898002
70.348221973906
68.5557511851257
66.6227420449426
66.41519155352592
66.63733370632396
65.25070607674388
60.80724637524148
52.247307984388286
44.11000330224252
52.38007014979965
59.88439683611971
63.74283091721509
63.63368652374181
59.968188805348376
55.864472449711435
60.29394384649387
65.63320023421431
67.46668842016265
66.92423561388642
65.31008750340534
62.662421889742006
58.67418962700779
54.66488090372657
51.47661702622706
47.12140565799598
46.08869069953105
53.28336409828517
57.07401295943353
58.016871911984154
58.651222571237355
57.878102514718876
55.99239756201012
57.39892481187256
58.152838346834486
56.43704143144294
52.953326316325374
47.55311140866527
43.45465360225914
45.18650782497032
47.39847579839304
47.46174163831562
44.24095897257099
39.535310349478145
38.36520214742456
45.25433415393417
56.39416894870326
64.71400378931341
68.78808318531637
69.08522264501312
66.75340990121583
64.34426714696046
62.656627063552286
59.83381782149693
58.61261824248256
59.4564396035344
57.77999637976357
55.739219653791274
56.92666026145094
55.499257297759115
53.96703391407506
61.246021674486364
66.47019030094158
68.18166332894718
67.29721273951586
65.6236040866244
65.4694519651491
65.54996511344494
63.17543354030825
56.99182504502023
46.70790579443897
50.70809213220312
59.3916604374206
64.01586256888373
64.99502394200972
62.53592827576825
57.21077917733019
52.311003558141834
54.165999435955015
59.72055869213221
62.42198900006833
61.93520750937529
58.88981342413247
54.65253680905867
50.37336707565699
45.17065139308298
42.87409211152966
45.81454864363789
48.291863865763524
48.84157162004553
47.34212601158553
44.80363134628469
41.89745892134474
44.82738073084883
52.390164775776924
60.94187469113174
67.59219575843595
70.60584731006111
70.12397638591368
66.28106743976686
60.6389265818272
59.335973607573706
58.359927905356585
54.96707065309856
49.75600682344306
48.21013777253501
50.05434789414507
50.1693462551546
47.48092827822436
42.506505855349026
47.13517708508608
58.90492770527932
66.45700769478536
70.19497722057605
71.32628842093207
71.3748048520735
71.2527371871463
70.25683049733812
67.29590576431191
65.25595320528782
65.94620554274135
64.05170838331178
59.01087801535749
55.323563016263854
55.17465928471346
62.823444041068015
68.78360010497617
71.03008057021333
70.73598061366391
69.97571011515099
69.82142384591295
69.54612524481871
67.42243228829554
62.025370943816384
52.502272970631665
52.808664612790245
62.31786965237102
66.86193976764358
67.35716922075379
64.46579912635292
58.63207917479918
55.76034266265226
62.343282960970285
66.28691300650695
67.21416991223768
66.31051046569495
63.79012378678182
59.187585638944775
52.612080775534935
45.730310742272174
43.52745742864983
45.9023703537285
47.41372047821816
47.05046399870801
44.74232525610185
41.98205375489715
45.781741248540435
56.34596714610029
66.22284304067372
71.84293045814593
73.43589718982555
71.39241831209012
65.96918306392217
61.345258673431644
62.2239968225193
61.38194284475514
58.779444613625586
55.58309513070932
51.84086433460636
52.74656814650557
54.87395948232085
53.4633391911705
48.831238247144725
42.69574939409284
45.46491884928459
55.569248683268135
63.992035388192235
69.01934797374513
71.1040357646013
71.46138515149636
70.95499026511105
69.60419952977074
66.74237708672723
62.407629720865586
61.85440687682024
62.163780386604984
59.327133832532326
54.93870575896638
52.450628478983475
55.599172178749285
63.98742529564292
69.16546343824815
71.05172604283725
70.93835268394452
69.84929117882854
68.84126866917518
67.65254881784895
64.05545707634099
56.55181667847508
45.70899185035678
51.5034489051326
61.35532757654562
66.43228889389553
67.47567637632942
65.00459994094369
59.28962362091057
56.79683227441107
64.30842228046237
68.97147778961211
70.42203537572351
69.93471990116485
68.41997445201005
66.22058577414052
62.80384046489479
58.416229709878536
55.36323363077379
53.227348525445834
50.35355550369965
54.35929585798603
60.18653036811661
64.83246896213446
67.29959624857116
66.78827036104357
63.095525986467294
58.85491502023791
58.78087371097274
57.12345042171606
52.98919487818929
47.56687070598605
46.254768052496715
51.34877951750909
53.32569814288365
50.88645053251643
44.53232894365115
39.72460863694281
46.71413954593832
56.38870198851844
64.20034557850742
68.4758376008713
69.54639000044692
68.7227168175693
67.06762326058154
64.4379422743393
60.185980250121396
58.34481980448291
58.613302996745546
55.8436838990442
52.20843384157516
52.22713147533525
51.31949150166843
53.40774988948275
56.54537387198455
58.958588763448944
59.79440258696677
58.165966305057395
57.22011379166232
58.782535890509315
60.82179594575071
60.81147878829087
57.10398047556292
49.28432510122495
54.958515949121804
63.91195963879134
67.90519499776788
68.08497878353893
65.44785871556178
60.18333651566464
53.60610436194214
58.493746457972804
65.57792976606761
68.81670043631306
68.79504816323566
66.56294208349407
63.023037297247335
57.896229161167
50.75415619391684
44.13707390856975
45.5489969616881
49.031550689803595
50.601999826688015
51.19473514315993
51.52465664120534
50.977082091951864
49.84373451063341
48.28433193764329
45.72811367721289
42.709314235556384
41.94548322396468
50.367247133920465
62.35913847919558
70.5903577239302
74.61496198179704
75.40267545997756
73.77556828851118
69.73558880376862
64.3287227369044
65.11168237015417
65.95114315390244
63.55934572754124
59.12549633094757
54.36119745880706
49.486742705598026
48.86841251158358
51.899626060342484
52.867031756974825
51.20309447061557
47.30855908060264
41.77039540125321
39.68631450163294
43.78767579404961
47.530228755198834
56.46607367208196
64.78516699457032
69.05453413329218
70.60237410487594
71.47991578907491
71.5540362628447
70.39366851280221
69.5272855769329
69.56868809680915
68.2703409435122
64.18497801279055
58.28263946636114
54.539111593526535
53.867384438990456
52.850309781892584
51.75005578116994
52.01444290673936
52.597501100001125
52.725989825608615
52.45477572283605
51.50738802084237
53.28936094343874
58.35225290713173
61.09261257857328
61.23179390261895
59.277018766193414
56.19075664376535
56.53260199167497
60.788006002473935
61.69865398655816
57.98065431272565
54.75627383637776
62.9068225300429
68.5224046749163
71.13892531655387
71.95313127620983
71.94825705324719
71.28347442020052
69.70392071679738
67.34396624908301
64.83381695776856
62.437477907486915
59.927854018038175
58.22923031176276
56.86213223316497
55.74562689584194
55.467638829300355
57.120270293074896
56.77516991276452
52.79607575303639
47.85672491462627
45.21902882273709
53.237976813737625
63.07088417222984
68.6258084749283
70.85080687926057
70.90749998073511
68.88616724167397
63.7929592989655
55.28532418458899
49.95817276399137
59.039068308685074
65.77820589591448
68.28440337561185
67.46523957584542
65.31284763985295
65.05288190306412
65.52917978752417
64.03825921987354
59.965033802183505
53.76644982627294
45.71486841155406
39.48276528254352
40.04392264325966
42.55904201642398
44.69901138619666
45.92695923874567
46.665243844078425
47.29891051801205
47.1467864035162
45.619623086422074
42.790240879397814
39.73319563835112
38.36993436668421
38.32448062559233
44.51681947760477
53.47977849521605
61.535987820095706
67.24738841685647
69.998078273613
71.25690069001547
72.0219064033956
71.60851724395346
69.40919835037404
64.8980913047651
60.25464011940059
63.87815966089303
65.77781585199219
63.965648259498195
60.35612515653075
58.68672652156704
56.96118613319258
53.17932724830986
50.49428142231979
52.211492203738885
53.28009326381042
52.94287623648813
51.57769991670848
48.86436352197216
44.15555317928689
44.48109498761084
51.13360567948126
53.77243272952987
53.45056324763573
52.63485745621662
51.46906063039404
49.10915300232152
50.01484990951404
59.924403890993304
67.98433167267802
72.38832751024472
74.00731982553573
74.43657529150235
74.93202766085298
75.04728464707932
74.28383066209541
72.26132136873827
68.24694348137396
62.729417373080885
58.56367579950746
56.79528722
56.354669302982344
57.08042955014793
58.615004925187215
59.05333616996151
57.508984783720756
56.00994262065154
56.19823781249145
58.68163120447207
63.07823267866559
64.1947658295939
60.813074810602956
55.14549288172841
58.285163921140054
63.56607993827501
68.11502088412163
70.8021438480589
71.4975226706734
70.42999238161569
68.17282666440585
65.71740310471942
63.27581321103355
60.07134236923467
56.566196308829
55.24237494477231
55.48623367624097
54.764405881693925
56.06711947251344
58.883135459982306
58.099364658415794
52.81513339364202
45.497199057267
48.73634062044391
60.43438486333319
67.38416100963384
70.16493861132032
70.13360448122519
68.542688919813
65.20736261460104
59.49636182966087
53.531476420686985
54.54088757165014
62.73845506222613
67.52876861121119
68.50835478753228
66.81453642567779
63.736073180748335
60.08788951325704
57.73416643231197
55.0113529741256
50.507788102480944
44.37928417798473
38.91932416621088
39.35246564434546
42.290456274063246
43.96570132268822
44.61003800031688
45.34142205511307
46.60440683405814
47.21216116029414
46.848277803951376
45.94840856084546
44.09818497534276
41.50004193090357
39.24701014104868
42.104888611820186
50.96938162686725
58.2376477587311
64.40769662076423
67.960511890838
69.0130715406293
69.05394890424917
68.93403918096371
67.6790817418238
64.25863062521971
62.92026235618082
64.93968425681902
64.70703775675771
62.53508578568726
60.16766580065068
57.58113131785702
53.30854766253598
49.89108272398671
52.128297989600654
54.364068501751426
54.36275673105694
52.16829449816217
49.44786048747244
45.760919028826386
42.28534970046929
46.388178333973684
48.847950228501595
46.800966814577116
43.303605987111304
52.191534511936624
61.90957183749951
67.90083549818567
70.84833107596823
71.60268095465962
70.95095017777847
69.7952328905421
69.40441989738739
69.87966223267759
69.52407430610788
66.93726423735112
61.20483317496327
53.34837414669011
49.51369938711451
48.886400555270626
48.76196256251561
47.622469456046666
46.82807288526795
53.34125945676916
57.86893633792913
58.2038458245688
57.43456137907319
60.616011400144146
61.7987799935768
58.462088851928435
52.672949106557574
59.32027097543981
65.76559970192906
69.16904886198192
70.48666479361594
70.48339071239111
69.44184377870899
67.48903823017221
65.56075740624127
65.05914982714485
64.99062065348957
63.02902232889867
57.718236904742994
48.40940474535327
40.500426878368565
40.56498095377926
45.926099234429984
51.21486416495773
54.24855446505073
57.18566855642959
61.07573998498616
62.135415588504124
59.244651233685545
54.20242177594708
52.89144844724724
59.8803020437521
65.42416458141868
67.66587874813634
67.42165886682156
65.77911178232436
64.21412556825035
62.1010551844862
58.757974608840385
54.36547594601131
47.91678736772619
40.675645611641
38.18006659490541
39.81461843155972
42.691742479780544
44.72679571253656
45.34275204085999
44.64237166836362
43.06675442702068
41.21095457578983
39.55944941560072
39.23108659537245
45.247996837249936
52.92102455301247
61.85040874129192
68.79539544574803
72.06990541438002
72.08754156820365
69.28212334313284
63.85663492117318
59.30524499148351
60.607761203920454
60.00203471950737
56.665491392120096
52.708924198580334
49.2642522528621
46.642887079104696
48.732559075317035
50.707695488583184
52.11220135849199
51.837253344603766
48.69844404795614
43.39384345852206
45.0658450479327
48.32056514747186
50.42860063493479
59.284477625606975
65.72415343324367
68.45851826978192
68.66859322013846
68.08966979660546
67.92983595824117
67.79853844322292
66.83915498376352
63.90137741732177
58.662889528884094
53.77128119553148
51.51218742509606
51.48175494526608
50.91096234272822
48.453780062818474
45.24150485911761
44.76734628354501
49.68288723145587
52.86091543241127
53.15558768863002
53.76575763561357
58.54462039083365
60.82669118982166
58.4575411288575
53.13689181655349
59.454051127145746
65.46159608234723
68.35584659512618
69.38026250998816
69.20198970994235
67.78168389626318
66.11811390067884
66.32890304811674
67.10615295302615
66.98965434703594
65.91740039165626
62.469378910205336
55.021446908812955
43.70296830715521
45.5980939505215
56.52865367313914
63.760963730058535
67.18001442617675
67.38161723110385
64.62851502310163
58.830744640120216
51.88346614705463
49.83315030519395
54.11026579731292
60.02035694488878
64.4046366221817
65.93246948153366
65.09002956060364
63.06799846081994
60.899398300116864
58.7466658648478
55.00357615219044
49.24785593762988
42.05645704691135
38.612711216873585
40.80753656375077
44.74274781635916
47.44521426727658
48.176481832851714
47.276360971747906
45.307550402950014
43.15466616912629
41.41105916165904
41.30336472693636
47.621835254220386
57.696169298461385
65.90016174775946
69.73342526391038
69.45958813580332
65.4735640017033
59.17559492229101
58.322517655859734
60.07093254758084
59.55144197614117
56.377137443319086
51.08450870134873
48.462278430574194
47.719984004114046
44.88009548989214
40.77009760988751
42.5801076396088
50.43508233084999
57.01199270376293
62.93259695264148
66.4982670884131
68.00404836455928
68.65653305223903
68.31209782555317
65.64130734774159
61.382850930341476
61.72409594588225
62.09171110079819
59.1368156567233
54.185918183630584
55.2247213387283
58.06961509315276
56.789475022286624
50.88986136522949
50.147367082967236
56.233662587693196
62.72581582139911
66.69927788384237
67.93062003130937
67.36149192910168
66.45566234777918
66.13584770906574
64.31586801694405
59.20183676185811
50.290491364655374
52.21785062162114
60.67235955440411
65.52145070061128
66.89262119719133
65.43551735054119
61.165649979161046
55.05707162097672
53.484613821292356
59.01381319462534
63.923377915988446
65.62744482067816
65.51865636957385
64.77148333997508
63.131380013104916
61.06897483560611
59.36465346574745
57.09116379923302
53.39314508911638
49.23165654567384
48.32682315096985
54.75041847716738
60.38711301967332
63.54454458195771
64.53731431196532
63.62160805093646
61.34464523901228
61.177379373415626
61.697545653222534
59.6891649646318
56.06523595573159
52.3558360793395
47.68585254114559
45.64451420269176
46.04616586584956
46.77164095034976
46.05763568536244
42.62421841740684
39.07417490187776
41.73447797942905
47.92029767401941
54.62002871428553
59.95452755608706
62.80493473195287
63.82336721890211
64.13642167454232
64.31521510920449
63.56403678873946
60.59157655008007
56.117591483452614
55.10565359666256
53.79496554744111
51.98938392623194
55.694534660201455
56.998732450552936
53.462124995616385
48.69639781225245
53.757477740757366
60.96015678021979
65.27367494575995
66.02291782371259
64.11491438214006
62.33897794981835
62.758145164024725
61.4112254004513
56.079430225405076
47.069288987267264
51.25111245434318
59.26016178134937
64.28920258844099
66.07671971351428
64.69368072419078
59.877068143215666
52.34664903297171
52.080994979659245
54.93869825488625
56.18063623074646
57.32895863223423
57.646379909406
57.0357046661494
55.71062433869149
52.62657931780504
47.08687359819771
40.769435214057104
38.323410066772155
38.65523583289527
45.92776470224272
55.49198331779726
63.759528071959444
69.19622903782496
71.5080559936153
71.06264763665587
68.16295473603292
64.85661903777402
64.19957454106825
62.9252377553299
59.46330046636827
53.64896895218939
48.01126674986949
48.36530745424377
48.44165755112782
45.59540318522036
41.29213540450969
47.83726778906605
57.97396069352999
65.69771231655116
70.08702419011304
71.21586106076578
70.80510639249737
70.85010675609941
69.99011291665327
66.45635510873284
60.17619617155794
56.75351727588549
56.66284194739542
57.13402869339099
56.1238662549687
55.55184249017248
56.94519928757704
55.3645668365695
53.457168218991846
61.76405547497801
67.46452313736803
69.48098612743677
68.61773159168348
66.49859571227326
64.8741079653972
62.77618999840917
58.21556000612425
50.06603860848969
50.74072483424044
60.55854722113633
66.32123000037538
68.37119828418419
67.45313075517142
63.62117211003468
56.8071167310518
54.225672137289735
59.0689793981326
61.65222753489494
61.82862880643369
60.86316757610461
58.90360381513475
56.15610901115156
53.36315067220358
49.64832673888094
44.13008277559883
40.47189724478088
40.00984185411913
40.2745785780878
40.56396889449356
40.41206549507162
40.17751135749603
39.8010067123125
38.584440627354184
37.54687209813306
