File type = "ooTextFile"
Object class = "Intensity 2"

0
139.67673469387756
4357
0.032
0.14236734693877828
1
1
1
1
1
58.03665737534418
65.35191166230162
70.83848141424463
73.26559726528332
71.93940234266479
66.34211368416779
56.408332989862586
53.089672809843115
62.40391204289659
68.57801170942008
70.29266158561266
69.57037855774198
68.82201720053934
67.27334086162776
66.03529160110435
63.62828107311352
57.548886964906444
48.68644045359414
50.93041642230467
55.95433011951175
56.985038949634216
53.7519915551386
47.23467265845957
44.86276277076138
50.80213322345631
59.08970492972716
64.238262669154
65.77313751946554
63.66630374078194
58.20942273114091
51.62585140537955
48.2285066108837
46.6786569499541
44.642050645889924
43.74134350709071
49.81612318325524
55.61964000998543
56.62217151125603
52.69233898594601
44.91565413762152
43.83075415717223
47.17466606112663
49.31358553681457
49.18586405708956
47.773273482514995
46.78155003072575
45.16588399435112
41.75216145440477
56.44456152957076
71.99781951078877
80.14626221916754
82.66523292964472
79.98346061007271
71.5761462458296
55.45057579521824
36.07702910505856
34.02369733024012
33.154321911233396
39.55612470219022
49.823200794391596
54.96516626744575
55.630495794944665
54.38358263416617
54.813410293179885
56.42042982942932
56.92885312517088
55.997411345062645
55.18279674995728
54.49260945272133
53.34940868214197
51.49413100641869
49.1603959561263
46.976907983976616
44.46201170160507
41.391374786463516
38.888002931292675
37.00101614120712
35.333165301478026
34.28472854645034
34.08623636739311
35.68204706942687
37.515131421006465
36.89228892109703
34.45614360438222
33.63783019262137
35.197756771821474
38.723397908743294
40.575107204206454
40.41025593707534
38.90439608324514
36.248433326866746
34.24045507988182
33.643599564124635
33.55025033484138
33.71187646620116
33.99047203798872
34.187995336110646
34.15388884345201
33.79315145889881
33.40753052162593
33.378588633159
33.61166292932799
34.43447412613344
34.994052848468364
36.191276943151166
37.87557060604327
37.27625954578423
35.68455834877871
37.06405845725479
39.452174349208036
39.212239059596314
37.66499370766161
37.99997035466565
42.13527651652611
47.351903275031816
48.523787616651774
45.46255445160776
41.84444839086119
41.99066725252916
42.33644483070641
44.54073032507684
51.07079260899841
55.56176387672259
56.30766433165668
53.2425372863044
46.679733878645855
40.44111532110723
42.318879270313246
51.23394922752176
57.01137440532469
59.25289007156668
58.25858162119749
54.969775147522256
52.55721579563256
50.78821914330193
48.67115921063614
46.172148727326885
42.618900003409436
39.55239116434131
41.40317152175445
42.38353268156834
39.77288959234609
36.45970601454684
47.43717886643996
61.73564690557157
70.91333654800103
75.72300051405834
77.61060037130933
77.85844512549406
76.24450759172292
71.85450078275012
64.83827206065926
64.51969931452636
67.20928205299933
68.11058884578033
67.97281298686082
66.4948446976746
63.114264952551665
59.09890770476726
60.06327246831043
62.243429000075935
62.57511059326248
60.823912004340684
56.643362953054314
49.14644082497942
41.29852077626044
52.47233314017858
65.03637067905191
74.07728439566779
78.66395863952732
79.80123517962062
79.53424330057939
79.83516185730403
80.40803317753257
80.46607412643746
79.8384444622668
78.4550848528566
75.66723619372814
71.36707255158187
70.64190910645348
70.48457798359097
67.22056540467642
63.28264774377579
65.6875581232631
66.61595521006815
62.90293560367013
60.98000073328498
70.21454774398316
75.39613053047908
77.41421380100194
77.82775367275042
77.46067326399094
76.9036133206255
76.95654915070206
77.48285034069828
77.53901977440198
77.41379915719178
77.59004505329726
76.83625501094844
74.54128610694458
70.25271716508937
62.84603186060028
54.11899956881342
61.21986769199896
71.00954830662086
75.7674220046437
76.90538209332372
75.99711281400604
73.19367165104525
67.5418178888111
61.76801654291877
64.60834925258509
69.98440944315648
72.28573392402042
72.32567479648225
71.54592285189672
70.25666416321347
68.4828011042103
65.63598241436687
60.73377433676277
54.31881787712722
47.342596199148275
42.87138539429442
41.665282583235104
43.786411267054476
48.48161682165405
51.11812905992227
51.83701215740152
50.89916447070771
47.94813839476394
42.97689713908508
49.64569824990855
64.34083417659069
72.958036981307
77.01317746177575
78.1171993591131
78.25192358699385
78.11563721786841
76.66198740208355
72.87011852883876
66.74691404807331
65.21651665024962
66.94173423453279
66.44620497195521
64.79761730044211
62.993525971524555
60.17600403523899
57.64725581592981
60.090851345512334
63.053187381812954
64.53922661742271
63.497723854210825
58.8910349356933
50.19467474059511
58.04459940625844
69.67401839322349
76.03281213679827
78.17576142680494
77.65929485147443
76.90384764563392
76.7743465028147
76.70330221951781
76.401069939796
75.8738326341388
75.06990008678618
72.97686893552861
68.70016184365832
65.25157985414636
66.20510832191903
68.81337923239722
69.54885126105896
66.63817736338953
66.13800502725668
68.6822736175702
66.9986883470279
63.49735301110943
69.89264704678176
74.19955816977868
75.5801972198496
75.79567303177808
75.92285262013661
76.34329776466016
76.78852142753426
76.46686238127396
75.2696134582069
73.48196243586165
72.02967593305884
71.92898533634289
70.54270745698274
66.30181450404538
58.69855255416958
48.56699447416716
59.049130914933876
69.53645740547124
74.88219189388475
76.38059506990764
75.19257051794969
71.78114346634777
66.08305443119669
61.00737728683934
61.279757706844535
66.93993082363197
69.86922982152419
70.1018838625417
69.90892224239815
69.69233098599685
68.36539200361834
65.37465492217936
60.29017378284708
53.114814422207985
45.69856656639666
41.48680152979821
44.56691652429101
48.48367139546541
51.469158268624014
53.49563967858546
53.7710246670961
52.542084067273144
50.76011137370453
48.617608702035
46.051294232912106
42.7246674316146
40.288808877219104
52.45038874424931
64.90192162939431
72.41456336516885
76.14627925444681
77.76480723434705
78.50118400082357
78.29612001606034
76.18755727781885
71.07673151815776
66.32409381880945
69.59767430855858
70.57608190110129
68.58670209314437
65.67493958511415
63.11945284601184
59.342277637581866
54.28101331904323
55.414393251218556
58.141407639942045
58.87805038090781
57.81171577942877
54.657278941154985
48.294858650181816
42.55754674581958
60.62254209321309
72.54255422826928
78.64820262154393
80.39447533182309
79.22414647010274
77.41713671476747
76.65206127815536
76.63212570017139
76.67487568762094
76.58962014652914
75.58939014752392
72.49760635488778
67.38960623464377
63.631779874961445
61.89371993097937
61.59286776516831
63.57540518364143
65.10261093066296
63.95042223382028
62.498163495823334
65.4149394124004
66.58485332531753
63.35436705763074
62.0839169261739
69.11406303675199
72.5626858700222
73.26956888670513
73.11332322758317
72.69576511230945
71.81409202763889
71.2226634080676
72.12234744749227
72.26763929887349
72.03779602568815
72.77760659222298
71.17507971583436
65.77398074371942
56.06031697008088
46.95221666543955
60.81642553390439
70.47001842280865
75.17063022305106
76.22160775546684
74.79245275009353
71.26936175515421
65.55419582161954
60.71783759038767
59.38989475458605
64.04896376390721
67.93252172805939
68.43930323151007
67.49341052130686
66.7874825113742
65.63401286330266
63.14480387737099
59.259550856235784
54.12812378175541
47.988845638981836
45.4692040485248
45.211461588851456
45.429678514455254
44.66532456945277
43.68413827763705
42.90053660184617
41.57716290437152
40.115579610051626
39.129510699853036
48.434859749970656
62.152467257557724
70.9573227409607
75.213733782616
75.8382271547239
74.491525804727
73.67681012051462
73.10590211873408
70.87429158742377
66.18130787361635
61.22955854501262
63.740871607592055
66.85938369288033
67.04497570663324
65.18426386695143
63.32300303623675
61.36625129972538
57.724801495570325
54.34709535763454
58.49674084452037
62.16929851533155
63.333684369832866
61.67126874262625
56.374564355270124
47.66341219728292
59.75913664373347
71.09484261635325
77.16331030557713
79.24491004560255
78.63754436990352
77.5224206664512
77.12723530055577
76.621877691784
76.0687514975671
75.01807192630002
72.14695332824672
66.48215875930067
58.82942107273338
51.32530257448741
44.899071043383984
48.34088930928833
53.16739490937526
61.008616886796155
66.87816163582293
67.81858112876034
63.73969920153793
62.678047912677826
69.34336516642881
72.40686622723978
72.95794610032952
72.69135806762348
72.15412287540661
71.04255605852539
69.38625540661377
67.74419875249143
65.83888072646445
62.72220938465182
57.78935070304807
52.835785029192465
54.36061488618974
54.19861071685542
49.708253882405494
43.45992336127981
50.04789091046646
63.633444260758026
71.72001516177532
75.33635347055791
75.56658507921523
72.97315215495259
67.56238040599787
60.85125614883435
57.171484975798066
60.51515028235936
65.9504660546369
68.12964624329291
67.93504733081375
66.49197312416804
63.86596755044202
59.79997131248598
55.02598075547441
49.94848235536643
44.430519514801944
39.74858716955649
36.508414966001624
35.43670277243168
36.86274916245873
41.05192342099636
44.30406092332791
45.28026694404505
44.15518919179985
41.49186147697792
38.47321795009506
48.492761057275814
62.77908254693819
71.37274219072276
75.49185888008745
76.72595423016253
76.68069131207491
75.61934625097665
72.67249155968125
66.71046936517901
59.52572796620761
63.43479398017625
66.36595378011398
65.94719257273326
63.88638000760433
61.6969028958232
58.08542981781202
53.510602844973825
55.91693612993303
59.31162752439142
60.54962947389324
59.477577671300736
55.78474766289807
48.606590769373064
43.66053121951967
61.137606853902795
72.41650252813444
78.0753677857167
79.44815608752725
78.06118764077347
76.58890916483341
76.33364841403862
76.34942074699596
76.09876308305032
75.23035147719722
72.9178107038226
68.55759586182766
63.995667174111205
62.81264441910453
62.07627959526636
60.9220836212603
60.1215301612543
58.22992054794943
57.87062903471998
61.47465888284011
62.57423110113922
59.634541172627365
63.415815696387355
69.81362949856316
72.40033011251694
72.63088850962006
71.98199961442977
71.2655879300338
71.03956549509172
71.21568871675719
71.84495972788271
72.51242866983961
71.77575858759884
69.51435230490849
68.76649448918393
67.7158474031824
63.47147851854857
56.1534280438742
48.066466568816175
51.48150872013833
63.938440394300216
70.88956007650583
73.38042448014684
72.77891776737523
70.015919563946
64.82627222149338
58.21974755933016
57.03160166895772
63.627251949439454
67.3274033303892
67.54117470006156
66.37585225686568
66.21580620798093
66.62596008361399
65.31105470675689
60.888936728333164
53.40453132207256
44.64910025452009
38.423105137649436
40.27803862341128
42.47493878345111
43.866155983164
44.53272885019249
44.05377707587868
42.47976420527909
39.56750144271294
45.429905563503574
60.68519642294565
70.09265949900409
75.03683782210194
76.7514258261862
76.4633102742592
75.3288603491472
73.11292846392915
68.48786601513763
62.10037370452617
64.93534434032185
68.60652377878986
68.66887302707497
65.99027501274244
62.752170729338495
59.269401927178585
54.153017814379936
51.81487405529299
56.21889668446713
59.43456673674818
60.22966891828065
58.70122164507994
54.39463227156247
46.275569453862715
48.5579337876053
64.78999494258059
74.40573887217748
78.94509192453364
79.64163389021348
78.29259856753639
77.12754114865616
76.43045548535632
76.05438229489845
76.15593703556918
75.86080365545206
73.99912825355702
70.07338338002249
65.96928950719952
66.34751026051862
66.90270613216941
64.7005272776152
60.31646458498941
63.140011669567755
67.31896018689749
66.70522008933823
61.60905981243039
65.74909767031379
72.15411288995585
74.88400470783164
75.11333592813061
73.96180727676351
72.58070161747914
71.9549528394322
72.1452019523346
72.30731315245257
71.19086172794121
68.55855663174322
67.95439574309769
67.90408734842717
64.66501930453454
57.43186232985994
46.46319646993823
45.43823331549823
58.77943507107476
67.1180854930496
70.93548715616338
71.27295872743562
68.70361583813127
63.2214152603449
56.089046787340465
56.14385852610462
63.708001299994606
68.14721223504205
69.68564118578043
69.60581689932157
68.08012803366567
65.35118598968074
61.18847733529766
54.528573641677724
46.075482543753346
44.40696693196899
46.90486943383678
47.959988516275935
47.57866416797236
45.732801025614755
43.62817011054677
47.8787824757479
62.02624061468747
70.71832328244554
75.01915872198426
76.32358926737535
75.80002196994914
73.41201189003937
68.34015151409544
64.66381586219407
66.42044157377826
66.31772053230242
64.7672107238923
63.09788267241154
60.76990526710912
56.75423442696196
54.2787109977185
57.078584703898784
58.78048624031011
57.52761394073992
52.73297827878266
43.978822871012476
52.065885265658736
66.06474680447886
73.93316187160067
77.21930844477464
77.39069975936418
76.50210193672508
75.66567515576773
74.73770937893892
73.84993887754878
73.14287295310376
71.77558384268752
69.06214252523807
68.37278806951113
68.91589349663266
66.93670739242862
63.11111146691743
60.96995213747626
62.41117091482793
61.850794046831396
61.37229841184832
68.032410086447
71.81222247351064
72.56223630618577
72.31974071942662
72.21111163402503
71.27914592406654
69.5068680510411
68.64995559261635
69.67584381440113
70.67999378101034
69.64403466736579
65.6545166651892
58.78831735933283
62.72350988738453
70.70133767524806
74.09157758855565
74.2215281700671
72.28640744628804
67.9937256549982
61.06708794556735
60.29093400994913
66.1895891937143
68.93471014330609
69.3620691542103
69.1717026496366
68.29978768173483
66.0337091030544
61.739402316501696
55.485810438527956
47.729267121981344
41.045372453992435
42.67026534021814
43.82541078587107
42.97095741095802
40.23049090122305
37.88578272224009
50.55353654210777
62.85203605877168
69.85797760060457
72.93023495975149
73.70675842569585
73.76304922255471
72.91146089347457
69.92756376959439
64.38571970917737
63.55244234933811
66.08155449447595
65.30172103314396
62.262107971094366
58.39031119101617
53.01707016068767
52.44321380880648
57.16251537084836
59.17012421932451
58.00708609646119
53.42612719047373
45.34743279181444
54.33019950127977
67.02683075389513
74.14124091975134
77.00048723846577
76.9497833555611
75.9065638834992
75.03924797992912
74.47604842135526
73.91296770329434
71.91335806182192
67.47264431862178
64.23713173815466
64.04622883694648
61.38684901634519
57.18437546683906
57.92458111185099
58.32678915345709
55.974619714733116
62.855568867987145
68.9757791686368
71.53069226542519
71.93845032475223
71.2608154470581
70.07408615220433
69.15555585145854
69.3305141442974
70.29258738618884
70.52186166812871
68.99977113136498
65.8010226761966
60.46569278934777
52.146123275782735
56.00664729673305
66.59681626110326
71.97820399523468
73.46409396730634
72.01836288070417
67.84391410996753
60.949301969821754
61.31535473079117
67.01998829992289
68.83800366404185
68.00603524237044
67.21309637350225
66.7835475258139
65.02236757976937
60.48829391601053
53.44734448228301
47.5643877521762
43.52036098595063
40.68929264190843
37.76564955426367
43.26830106675039
56.600910049604785
65.72760344725838
70.58296548285111
72.24805690926073
72.04908284642562
71.32364438464953
70.1631305166064
66.8613177613612
59.90937279403105
55.35302602540505
59.27963074823299
60.57046264960044
59.954796564042645
58.52899260226299
55.36823875196494
51.857613285584556
53.76679205935044
55.96169210575291
55.35525180473598
51.1457179924989
48.4901932158768
61.9217393917685
70.77613031902457
74.82327574634967
75.31693520206022
74.31522467516477
73.65945145245794
72.88505319725816
71.5258880118831
69.88329756809888
67.4835662737518
64.81238348321017
65.37315298941824
65.41806219031842
63.373922577033156
64.5696869859033
66.62377636249615
64.72237935805552
64.53789084439825
69.4505711855855
71.28026867917149
71.15710562058135
70.9627720333974
70.43638069530329
68.97676183407866
68.27179826700237
68.79419560776373
67.55551028008622
63.33478613924746
56.02587082020154
46.961660678092336
55.03976654451962
64.2197123217109
68.4486663120939
68.60350786154211
65.22523380640838
58.58676541426373
55.11454438330781
62.242458642357484
66.65218737156461
67.57785317997215
66.80493119226617
65.9716186700811
64.20902653498193
59.98383415444793
52.494354318511725
42.870650005202066
39.560312469359616
41.65443191008521
41.57360750934795
39.850829452864616
39.46119795993794
49.00509086463308
60.74121140282344
68.25462597657847
71.69964125654553
72.16115264153399
70.57141434249856
66.69606386378617
62.580138545154675
65.35666227609674
66.88396841969781
65.55226732235509
62.625175659440984
58.91088080604335
53.63442502932651
51.67608019707512
55.50043741794066
57.23638652702015
55.79804574016463
50.76455028203986
55.82367818908186
67.54460333512736
73.8731690711983
76.02679646724525
75.38816895389587
74.06387511193157
73.32134636023793
72.77724566061062
72.18297979945423
70.45831146079642
66.6157515660641
64.74496847074842
65.10687081023508
62.74751843471316
59.885896898923335
62.41157483454404
62.94067616330716
59.22417474599358
62.20119015385577
68.45348816239026
70.84389907019771
70.75260424677025
69.89691422845833
69.1781441172075
69.40104788039099
69.37140530203368
66.85148396001429
60.751509153710714
52.91803433930135
61.77039824431978
68.35126763048949
70.363469278559
69.13931383212963
66.26925367376688
61.92475193606123
55.62825904018222
52.131505506801794
58.39102492544208
63.95206613052722
66.04806632039201
66.08395471849384
65.29000799290556
63.5187284515998
59.42902926582499
51.79650877651882
43.6411834471787
44.11848653782533
44.60622266855643
43.084511674550896
39.91592764073389
38.54006812090541
50.20698681057596
61.485768708772795
68.13084873234585
71.44487570455267
72.70830235124558
72.24634489992232
69.37675677721356
64.76863226607978
66.13102743344955
67.39200349440117
65.43723633271354
61.55867994737164
56.234720527075766
52.34788033059872
56.21864610918503
57.85519548142798
55.50819365870879
48.88014718324371
43.45670267507366
59.14999594674341
69.6502379396224
74.95958529104156
76.4012800728812
75.51033196354692
74.39150135078012
73.79472735405683
73.10438919449712
71.71653278287279
68.43319574578383
63.8824030518186
63.13981024932098
61.58521978038447
57.53600548291288
59.977704003537085
63.89843367545343
63.259969673984855
59.15334961431998
63.860269134101586
68.59191400452585
70.13128681406802
70.05132293449276
69.48579501376378
69.05680040471256
68.06324638941564
65.12934041573904
59.127923507830786
52.23931271573653
60.952322652371684
66.88982546122826
68.7266095925741
67.56118611750497
63.78693686237065
57.20537700707258
53.83615459909279
60.86382544968005
65.63696662847751
67.10187010991376
66.70260194762831
65.72001050562378
63.451021623747216
58.234645253108496
49.39617647019466
43.491373903009716
44.706734168609
45.01942773247013
44.84170903423543
43.96823345028536
41.41941081743908
48.29345172394806
58.15274686123981
64.73252680218604
68.1895679762338
69.84795533882868
70.96740776381692
71.16381771247572
70.8875266646504
70.73998111498082
69.54439448249781
65.94289095988862
59.341286730194156
52.02686580539121
55.18219952348507
58.986867881004926
59.837193043302534
58.14184931611021
55.487265004470665
53.80746189051535
52.45072186831895
49.574178281573246
45.20110852802851
47.28097631975924
49.8017766405776
51.09538932680066
52.38180934354135
52.71028671703044
52.290702518112546
51.11839167811732
48.14826089640137
42.386016479991696
36.66252592515954
39.42050626922861
43.50657846015789
43.48797172702156
39.482414196515485
36.815589093668784
43.849629853283425
56.17682591675514
66.33094759515754
71.555368353235
72.68429266923063
70.89866038028144
68.51900099316006
67.59104898244382
67.41034383904291
67.0061418568208
66.26285661195838
65.22503575170248
62.77893677941964
58.89185485954812
60.06817227966353
62.65237198835066
62.648587347234105
59.90469126565242
54.907938326465235
55.782409352438876
62.20815056006698
65.06921538217046
63.56390702873547
57.34451398394286
46.81030349600027
54.15076539408994
62.24105072392248
66.09567014985493
67.0779439865066
66.75770349252427
66.84996494766548
67.63681524946004
67.90740360029497
67.23323117880929
65.7956215245144
63.89513289794216
63.06666304487293
65.4521836266187
67.81522796064705
68.4250753123419
67.59128009974799
64.53524720602435
58.12188358383432
47.79362302230011
38.09664455396164
35.23411420231645
38.13431279112186
52.8753710338174
62.862291284957394
67.90772210536586
69.55399208391286
69.38311757635663
68.02140107531336
64.49388110916166
58.25956052807044
52.76054446258839
51.173160022566755
50.86413947321556
57.456180015561074
64.27499222849075
67.42901469966463
68.23335286467615
67.82514123243368
66.38016936976382
63.938904935910685
60.569018856617305
56.67450576539252
53.420051272181496
50.01676220708787
44.17519715861985
39.762087477831976
43.10415671946511
45.715346164331166
46.31820221037535
45.884807942007
44.722250714108085
42.27408891167791
39.02832556959652
36.49409218781484
43.35029982089231
55.51463629671783
64.20708608842789
68.82624567652452
70.27544088701161
70.31802370782232
70.96888428670522
72.06535657107791
72.37116739475398
71.05126647266499
67.12382031939478
59.59480298070054
55.001843818323756
60.562261766316155
63.34507556315649
63.37373879132885
61.354421289969885
58.918525199622344
57.679430159356436
57.06019730998179
55.617072278149244
52.97108898313172
52.387653965120215
53.49215250954174
54.06825771578481
53.69370105096558
52.92330632824124
52.06948380675773
49.36473145759564
43.33736407151518
36.3031489303631
35.06342836806814
37.352078004817436
51.32667575691052
63.56818355973607
70.48129225466926
73.07243146681469
72.39652014355966
70.46965527101524
69.2752165877697
68.56411675366584
68.35158076547356
68.37326743092885
68.34822501213051
68.4442228611349
68.2642575489648
67.30267044107245
65.29606386882173
61.60570927302568
58.81263605670593
62.45650336909926
64.94226425957305
64.33485680969719
60.389649929597205
56.49823082097993
61.42612145700474
64.35696683687225
62.67004927711567
56.00591755786739
47.17816381672998
57.55907095283979
64.82454327470376
68.06208196267376
69.04769568001692
69.20799191619358
68.95077942157413
68.6650924061637
68.41767031004609
68.14436078463716
67.68036394833816
67.05072097326946
66.3850943577303
66.54609753939361
67.1058843406446
66.93246033609087
65.91608392376881
63.48632603604044
58.30052375043246
49.21183987447484
37.39968498737126
43.33247977913513
56.51366253000479
64.23020135913723
67.57389161884848
67.95638575859093
66.77826385612116
64.13596043399696
59.35762146203928
54.212943064908984
52.14493751515892
50.67327921560686
50.43668119307591
58.443176039900486
64.07160161463531
65.81310479920192
65.06169762624184
63.59647992475434
61.725673930522916
58.66449378659574
55.480562490178556
53.42432921335696
49.591407428325105
42.58690431202428
40.089172743910325
43.05505849937895
45.78587106334601
47.796340347137715
48.9020267285165
49.89767075357295
50.44821608935078
49.70424117630955
47.5247659998605
44.5529094654708
41.10668562960359
39.32768591997955
48.25654368844361
57.784498244444464
63.68941787642893
66.82699299273344
68.57868095652424
69.67767070073398
70.58863759781687
71.32497007553197
71.009775308779
68.27800354344691
62.30224138941222
60.880960718317034
64.29069955955504
64.54401939167221
62.30624133458485
59.256410359358405
56.8366307597705
54.37948095920203
51.03140989655654
47.63142250756542
48.29745392171445
52.47857275200757
56.07142012595992
57.490493356913284
57.64238271311304
56.25070966516715
51.80864250414086
43.25615096795249
34.87166946913952
34.500923294959236
44.684242897975544
58.98627177615104
67.63206516971975
71.51553179054196
71.73136973887833
70.14255055559384
69.58960961061547
70.60114659417772
72.11092656223674
73.53143513952989
75.09533108247238
76.24233013164928
75.96774528501803
74.13622830161884
71.32931451804402
67.47870217449774
62.325799384918106
60.179596897739756
60.30275193487413
58.45514896317643
55.905262499422804
56.28274176766732
60.95573236264422
64.20335411623242
63.84081914844576
59.58289764681915
53.919899862065535
62.666709245465896
68.762933577148
71.06174277811613
71.3567000468426
70.93127163356526
70.14201899705424
69.34450941517336
68.4482196082518
67.43023113412303
66.201534828538
65.19928322804273
65.86100176182492
67.84548674835075
68.82920959997877
68.30747710159824
66.12306826869032
61.62176532594559
54.028640938847936
42.87510409881415
35.24983146184762
49.69706824426594
61.91427332275234
68.29930650380877
70.39052122370396
69.81565610218767
68.6600847180363
66.87855578861618
62.78955896128337
56.632970175001546
53.12687641165434
51.82504225781189
51.813185995930375
59.25884189961394
65.0246292387382
67.25927895633512
67.46738379303197
66.95636206048124
65.9983979358047
64.3877866082643
61.92513828191651
59.87218803460451
57.82563387265427
53.69863159099796
48.53350457803448
45.825365147527826
45.51354217923827
46.007084577833254
46.798309934624676
47.33134910508382
48.53649834206812
49.60006695803533
49.26008592576188
47.27347751858058
44.53020489225238
44.65597867835774
54.9151186703952
62.94799166330779
67.27943355966416
68.95033368711364
69.22322296066338
69.40523616510086
69.69797710509394
69.49054097157773
68.3975330203459
65.6277893559732
60.683244861361715
57.275921912893736
60.52143193346897
63.07513767241226
62.747897402378456
59.94758828361549
57.09918555553952
54.9367521829717
51.46270375975688
47.28780866389705
48.455365942374975
51.82283828213207
53.680130322442785
53.623717651154706
51.80836812401636
47.62784900356405
40.547992932145874
34.96148625388854
35.76186712149698
46.443336453939864
59.102478415085415
67.49245897134384
71.40005653109208
71.83744406262362
70.63693298808784
69.47357942303884
68.41267729947136
67.51683466190023
66.84080786759084
66.97516361675723
67.91222363028473
67.81033741766224
66.1577322098741
63.24110824849747
59.03737617003446
57.4363496642249
59.78643945886166
60.02006579448488
57.1711636554508
52.87338452261079
55.933538596127974
61.381018146186065
62.65183318413793
59.15403676351586
51.07761332710949
56.09236747273182
64.40762492205381
68.48622909177267
69.41180160121182
68.68172021701211
67.5811529561638
66.62598338370687
65.58452793840212
64.23047907545259
62.71084925971274
61.698710645774035
62.769425247172904
64.79396480574586
65.68657604105613
64.96357835629593
61.73382119359098
54.82781987917467
43.85684798296825
36.30586170752961
43.33691615194049
54.51846910080323
62.65501218591838
66.71065859758969
67.30096020261857
64.97327725772395
59.83890738305977
54.08502111466859
52.57735865069033
53.39975252962397
59.908154661315564
64.92667128821273
66.8840465635118
67.10737315534553
66.28018372992061
64.19330686484852
61.335925514681165
58.03178344145899
54.50385281076865
51.057914858186635
44.862615449970065
38.109640988448604
41.41067736323281
45.93565185860115
48.84602587905131
50.14385588028729
50.22123034905937
49.085645763622345
46.30704520840232
42.47980248903008
39.31730850331978
41.034203527075476
49.95190814893771
57.844827445606725
63.3193763789426
66.49113733710732
68.08232340002223
68.89699836559957
69.26906100559822
69.18331950810406
68.4777349007736
65.80792708417162
60.62397402287392
60.6913441276857
63.67625255664134
63.620303150172965
61.012692528942615
58.45244187426331
57.033157337223656
54.43304121239968
50.62649492446853
50.230320957701274
51.543450146807544
53.22365231437857
53.9750674221646
52.6804095393384
48.39118800818306
40.71385623645226
35.129513303765734
36.30346051963271
45.81529058460356
57.278377572953474
65.89409423756766
70.40048497819026
71.2107561675223
69.91337247165939
69.19225123820317
69.4680850795571
69.80607891313169
69.8896294949902
69.898810021294
69.66818903847877
68.46252923947561
65.5136452393655
60.63833579300723
57.693791621741475
60.27244981948552
61.400906596553824
59.65607226349361
55.868024737055904
55.95159890987403
61.73782532889515
64.29361671093145
62.215710982650556
55.37958169580597
57.96300270464059
66.30342677800817
69.94055689996898
70.28600761237786
70.09387022194663
70.65363213661561
70.49358029123755
69.39828887012953
67.8132527430102
65.39838032803742
62.34685572542723
62.3723328992827
64.41750503928026
64.64811706672448
62.558194216522935
57.76475159089245
49.47253395563351
41.43848318981716
55.435761059706095
64.77258812707471
69.12507194120155
70.05729439530158
68.98147724445272
66.09854689245441
60.76341776472404
54.78144830645918
53.372859178305454
59.537720126987175
64.76918148419811
66.34166854501824
65.61332404795823
64.31208991494658
62.694483102325975
60.54482429530644
57.904782302710046
54.63545117717275
49.06930890032658
43.23722881098226
46.204506979896365
48.06484418910861
47.04994128765187
44.33537537568987
41.08736345566434
39.52826552268343
47.43518806943017
56.036734210808504
63.88433467781677
68.87573318101386
70.91074050905564
71.0898118178981
70.99132818868438
70.27217647705132
67.25989515100028
64.37645049139726
66.71603404051757
67.68167442675474
66.04956146784103
63.246343257496676
60.68209141582731
57.04962977911332
52.30096870199731
53.19567007571394
55.16476295295889
54.689645771512204
52.55827720523389
48.29679249354883
40.92795330238537
36.545503781632306
49.828394962496745
62.46343482288858
69.67923894445009
72.3748870164645
71.95809521999355
70.60420588826831
69.36519224974633
68.5698262427543
68.93332105912212
69.649825332384
69.54334117989438
67.61777583165848
63.355637486502026
57.85077341262388
56.38268345732431
58.76534315220247
59.67607099480731
58.11282923190774
56.4167705297036
60.37697083276064
64.0441518189642
63.42304096589264
58.50814703298019
62.51647056707341
69.2182338744735
72.20520714497566
72.80654928728555
72.1394214733896
70.51562942022562
67.74292088082952
64.09557335599784
61.04008149774023
58.58033600800969
55.74655727424275
58.15031804034446
62.01995316591824
62.391904263053775
59.222808679975145
53.21308918957557
46.069207374794175
55.482196869313114
65.05529131945289
69.67497078931297
70.69232900581031
69.19921212980637
65.37234869197617
59.37126567893284
57.290327005071845
63.5829126883678
67.59172581835438
68.5221673318606
67.74385404757722
65.79356291460368
62.28568776273161
57.19221256987963
50.35001880434368
43.01352828565396
44.730364963785206
47.124447460212025
47.11358154255222
45.14687665158097
41.577480247957126
37.140789596049856
38.94386230825652
49.423033128598306
58.21509083385333
64.5167435660762
68.05243674271927
69.86079681005717
70.66523738808442
70.53062932908277
69.09604051054463
64.9570781478642
57.70143254021478
57.373545247689
60.17218795794976
60.539732063103656
59.100145344668924
57.08378075926468
54.40642306909413
51.45524185635631
54.13534938910762
57.53873080583051
58.30307519821428
56.49999555665544
51.995814191768524
44.12079124099244
36.80411792840546
50.53834426988749
64.16565673542216
71.97262868187006
75.32663386532913
75.43677169798644
74.03294340423553
72.93423719478992
72.56515568305204
72.49573818732281
71.79045330566416
69.69150635480258
65.62394445006449
60.51075236129677
57.995791704863244
58.78949738616707
60.348918325344265
59.75424975733357
57.30059980116768
57.21715606832785
61.98839661864889
65.43091442722673
64.50247227392667
58.97926991748541
61.75579615083757
68.81036217165318
71.83491897380206
72.31753947147534
71.820345804151
70.57738268487705
68.2451364051135
65.54770032606791
64.41060793892751
65.77017243219463
66.77190844929571
65.16217588087473
60.230466455221396
51.53320814525581
52.497580089109796
63.91333387267238
69.52289993052764
70.71154212766261
69.32354439958901
67.09336910890403
62.88325552628776
56.49554315505152
53.40271366322832
53.239482559571094
58.539119118185816
64.6851224767288
67.07357482012473
66.46494464076652
63.86577972341979
59.567455965914704
54.462752736425095
50.557812668117975
46.06130053186659
40.325984187391946
42.34585762575378
44.801738252067615
45.09164119160598
43.74793272336319
40.66065253024151
37.07217425656901
37.46302123290231
50.99806625776182
62.35845176813078
69.11645162991592
72.58224134356664
73.69711287133245
73.38141802472987
72.53454000887419
70.46964610024379
65.59907273379227
57.60026045295103
57.85287565372176
60.98327750868243
60.884905974693865
58.84941281613595
57.66094145824917
56.68212379902443
53.62623204305076
50.463762250979826
53.0148486460508
55.2291177855526
54.35413013391365
49.78805028416413
41.63757742291467
42.45841508180757
57.38227941645125
67.49226890723624
72.69199266689233
74.30948920721173
74.03203320642372
73.43879947786564
72.88882571573512
72.42595804233076
71.71088839920982
70.14652776922803
67.04945832713614
62.49997024448329
62.049125998091256
64.67674246627291
64.4100730904888
61.06207179207844
61.055262749560875
64.35495301398218
63.69145595083837
60.62654461554568
66.62215303519035
70.84589025281784
71.44256025452957
70.56566781661324
70.16193388463591
69.63321430362952
68.77532154953839
67.51026778360095
66.51443503108466
66.84482378110222
66.11336253140786
62.528820520640416
55.41780219986912
50.8898601600055
62.93876691169466
69.54297448569801
71.48068253974135
70.31155421533346
68.03688084370803
64.70883380510554
59.23967833626158
54.4756547174334
55.60875464178886
62.138594750867505
66.0439782200662
66.32112066638764
64.0710184682917
61.23286048471818
59.55306601470559
56.8950097255264
50.84616923443791
42.48417270814425
42.588311959922365
43.968419091386906
42.68518890805099
39.87670170053673
38.29138298402158
45.54583888673163
54.05915785465712
61.14786378672977
65.88318157224346
67.85489464521858
68.03260141896944
68.2154067071671
68.70188099985904
67.52743458192438
63.37888238546603
57.30401006413331
57.50999467660745
59.726326909679834
59.763090487668975
57.740774212829436
56.189862202571625
54.43752632419685
52.323781194234
54.97181249040033
57.32368844047247
57.67654844335518
55.591747746162675
50.04181514749183
41.03078218992514
47.67673075277805
60.174903877538185
67.65416613537579
71.0977647566327
72.52176964860462
73.45043701358932
73.34217863597829
72.26894756495285
70.85883434555058
68.86048143796296
65.43630908153861
61.25763267525997
62.08779046246995
64.25525134406136
63.25796601272281
59.696959614072604
61.38160892892734
64.11388170106443
62.597067866529734
56.7686585083863
59.51622292476451
65.96403789124086
68.84916219647215
69.27482139360404
68.96524562192974
69.23860202734977
68.7087587944685
66.87137127873872
65.63205775801787
65.56694625267721
64.93050935200694
61.87955992819645
55.21627916625343
47.131239817977544
59.30962962583266
67.80143568440637
71.41586201257967
71.21487828312007
68.19985711143039
63.15082413052725
57.25430569954939
56.11451790656386
60.587912826765226
63.28627381121014
62.94108882112718
60.61376101238772
57.937353563548655
56.18609446296838
54.91452094140655
52.02181273200078
46.24215510651122
45.333368254781405
48.58279914089824
49.82519053934546
49.82333134179751
49.38197142656881
48.5489935360537
46.62491153555778
42.54994431584802
40.31948105670602
48.40764050031686
57.888410565587016
65.90410705957709
70.63102283537207
72.4801178832303
72.04816730992411
69.24781844607217
64.01615308940299
62.369769800252044
64.35968825385413
64.06768710660182
62.25317122217461
59.88220540190861
56.63374675993321
57.925622161495916
61.39056723532971
62.183562799775835
59.838235974118554
53.9000530462219
43.816293922396696
42.097748415911255
56.67071721956815
67.02631405273449
72.79796398046261
75.29037371715924
75.75728556004786
75.33935553103224
74.94405413269928
74.59062562136069
73.54811278884151
71.13711316863623
67.02758392187774
63.54003296109367
64.34122506304612
65.51202904004659
64.77919947524767
62.31861152375235
63.19225534976397
66.50713095964441
66.14363868770387
61.186510933542394
62.63342757412066
69.45937209401647
72.5696387973525
73.10797920934378
72.40882809768606
71.07028629729469
68.7380548000492
67.06661195219459
67.38767200250688
66.43447914111664
64.84442455030317
63.46056345203326
59.976374347297195
53.23160269972021
45.62530759189709
55.74974164321918
63.70612777700157
67.39168931574221
67.71391436469625
65.18964335289113
61.480569677323736
63.31942012570249
68.99924669799114
71.7251078613562
71.56226966076245
69.47992104331914
66.00549717625223
61.8567420076016
57.327003584690104
53.551733166200236
52.31133764218125
52.580148293564754
52.3472356559745
50.839221518337546
48.64090502837229
52.71057728784061
61.92252232387367
68.61528987076773
72.28492777321175
73.10707272624202
70.80004114943493
66.83860752172538
67.57560138066687
67.93984870337671
65.77090851331408
61.65432592491734
56.248903891357244
54.40394673550703
53.54272711357713
49.662615433065355
54.60892385014195
66.7095424779144
73.52132891205459
76.31952390667988
76.60098456023759
75.80843008413241
74.65900714253374
72.70446866578807
69.01804929337685
66.89537026668988
68.3347737124201
67.52218693881366
64.10824233840427
64.82702617764197
67.26352486531818
65.6830193791619
65.55039218214516
69.64839634159438
70.91545482798773
70.00689618649447
68.74446312970878
67.55674890982228
64.66993709855916
58.581735888623655
59.8626749575713
65.83607161490475
67.54573931992091
65.73222834131107
60.995569046507
58.900583339971824
65.33469828138942
68.95176296399168
69.56690175286958
68.1352810034264
64.80322848140618
59.941789595072436
56.68432294606965
62.13797669784036
66.70529553099749
67.75075864155556
65.28514054966257
59.18744747707435
52.08016666407603
49.15277436500931
46.1468538463494
48.87565363570614
54.710273625548666
57.34410310551268
55.632325891392014
50.13345695156882
53.999773256241625
63.08489405412164
68.51847713685403
70.51600784349313
70.68281971049244
70.48761861084658
69.66811453605679
67.53845276655709
63.515736682236124
57.21873983244919
51.82922567843549
51.28494468528019
52.041306121211676
54.310909588579634
56.20456195503854
55.3391851170603
55.732698776583554
64.01155141724357
69.20050233121174
70.55525435784388
69.24237184097015
67.69522688020827
67.40294634102112
65.88967896170844
61.52612104744219
55.21548135566456
53.04688448427218
54.99778131723018
55.218581695952516
52.73294689465075
54.15770880563252
62.58390930021487
67.18702094736759
68.15963986351474
67.11965691518905
65.30206903181113
63.42585779974803
61.48703049895116
57.02931405110309
49.02332331260006
43.70444893890253
44.819203536160714
44.500816922396744
42.787134085260654
46.235695553718884
57.87275089847036
66.38373145757464
70.34198226095371
69.97398002862676
65.3635089793569
59.83114063126523
59.021553653852365
56.530329282759496
54.82121830067009
57.92187903997265
59.03107351941847
56.35155826019301
52.568428055922666
62.58157682352848
69.96788638613089
73.78248789382565
75.58505150467863
75.91570105469106
74.25521708864761
70.42052885540835
68.01064325226318
67.29879426364175
64.55998783600181
62.73921701437263
65.03299550504873
65.08571562805327
64.67118933396144
69.21122789883282
72.30455004346277
73.10708569788629
72.42636940577506
71.8496824341742
71.25785470493993
68.32777376723678
61.67053219641136
62.00851702101204
68.68571671395301
70.79040336476407
68.73237251676416
63.30542336859706
62.654712084989455
68.67329228652515
71.87388816586915
72.65177870486048
72.04865298366875
70.00195413717626
66.2799884295981
61.84181224011933
57.618145098632105
52.25497460485418
56.35773806155952
65.25357086002394
69.52281294468982
69.92972288264792
67.1350226182121
61.79833078301066
60.42996598402111
61.65843622411386
59.81611815604481
55.75267261331352
54.52933557353943
56.08712116078135
54.2649521519467
50.12626245769248
58.672114061863574
66.35584508851962
70.17623014463436
70.9328523378488
69.97421228752715
68.41089298632775
65.58278084460271
61.621232139707786
60.99703435176952
61.32758926716721
59.48895173856825
58.70598886041143
60.60010424828011
60.03874581275319
64.2039726581973
69.91328680104124
71.74133281728507
70.92951591304397
68.82719361604917
64.71750494764689
57.186623489609204
48.72539464703527
48.70107415883673
51.54458201117053
51.9407975852732
50.215199481401385
47.38859074892573
49.9476628708424
60.15869169902742
66.11615181296847
67.90822012991663
66.73338833104893
64.5503663598956
62.32944164373973
58.87900611574581
52.74262123132432
44.89127724472781
45.91514204697543
47.6231475773347
47.19714285380103
45.72728626000447
43.89039936558851
46.56012450465077
56.12681360936817
64.25753635498256
67.69196137621093
66.50342680962693
61.26106465965525
59.67443850937815
61.37684496141687
60.04571679109556
55.782952521321185
51.67590401498729
53.08836408438523
53.3630118371439
50.33484405451742
56.45492564976606
66.2363398729015
71.71032035215147
73.84277988266322
73.78463730801882
72.41476347856734
69.56525574585763
66.51565598879348
66.85763592661147
66.14191633774279
62.8745370300266
62.724759563106865
64.59020644605648
63.02720694863039
63.63329379470343
68.05307147125629
70.19376482596807
70.56987551287638
70.51690832548324
71.02534295621292
70.73985945777764
67.75787765473444
61.00376207183433
59.83988512809543
66.39117256317556
68.47281739170748
66.321606514027
60.3864262383965
57.589289098916524
65.03216325342217
69.62039288837946
71.18604120545811
70.35812802959613
66.95953046110897
60.41698503164335
51.04099199743182
47.31545364682026
48.99320209866048
48.6997766556632
47.08492839058971
46.02013007269445
45.463201121837464
48.98036808718862
59.00628321038765
66.80627890813139
70.7051640675911
70.48122817458233
66.4080578464493
63.83605977452547
63.58862278258631
60.21332095708417
58.39231679635041
59.34310448836874
56.74125301929337
53.57893373402462
62.145055718270186
67.78867626189447
70.04754019211904
70.46968905860021
69.35097750922327
65.99994644108422
62.21716202832958
60.89712171646149
58.841736209983665
59.08277247287238
62.36267177663198
62.427245662732105
62.339332837587435
67.07949722650047
69.38147913005471
69.39397540063025
68.93391171851118
68.7691039927052
67.74264570999868
64.01926328248855
56.487017262970866
58.70532953968016
66.45657107699888
69.45914371861707
68.17729845036952
62.8563213276735
57.86705134631692
63.16926962510031
67.18994172810025
68.89930355381779
68.33589155165807
64.91167954386386
58.40980620218321
49.7536165070704
47.50795153479479
49.13539649587023
48.496145596764755
47.54785131863948
47.68655641674955
47.27342256952197
51.48498133253276
56.86373294638261
62.119790118848385
65.48885073535489
66.1236386612206
63.97931696450782
58.95689275615314
54.9550745714037
59.30353134275907
60.901688797349635
59.002230873670555
55.56280618488393
51.690072724380734
50.036326521137944
52.982619914863925
52.87647312946426
48.38105058098393
40.00251528504034
39.65353778035377
52.320024117262854
61.3967887933287
66.01218921853851
67.30062793082594
66.91828349033627
66.00910365695953
64.74691780440969
63.107593740181905
60.776825978401845
59.215313306239956
59.56465479963722
59.294220685235345
57.5452387536339
57.38565582123773
59.4041444485167
58.21996617021517
53.36873758151704
55.52284411385483
59.21111931231084
59.76539813372917
59.531638271007225
59.46780954285933
59.05069048455003
58.70741555362947
59.24913593552751
61.398533246154
62.146178683520034
59.25586456693078
51.88682543515837
51.51477361272583
62.34722817994858
68.26745735931073
70.25612003118891
69.10537136030487
65.17345156698461
58.696394976286456
55.071893835542994
61.3700304871835
66.01852596826988
67.2636828465805
66.28067727523398
64.30673770722267
61.12093066066421
55.34694811368732
47.26648044797328
42.14622838831112
43.62138221306448
44.34348003825589
43.17608454979053
41.846878903519936
46.239201654486905
55.66204127320198
62.67564963861623
66.03799336093898
66.05858364447036
62.97681455161015
57.480015835555
58.82567603226235
62.026324513395856
62.03809672604807
59.9715630296242
56.217542352973105
51.652845643771585
51.36787951055589
51.76881228864918
49.314248973310924
43.429102169270706
40.076351376933836
53.31718042118028
63.37776621182037
68.6389091275021
69.83317120284079
68.36043067057625
67.15999610905905
66.89647357220332
65.90360192741701
63.28204109530246
60.785494130711164
61.939343977270944
62.57684171190551
61.189196995212825
62.04141861775976
64.44528668738931
62.95079536714829
57.341204036778535
60.2344879448225
64.81466992799408
66.07508847876247
65.22341108664938
64.36821508203751
65.29788394160434
66.33528267344457
65.46051047406567
61.42521014698828
56.0275910533084
64.10122546984623
69.58167248146982
70.8208451655463
68.55196033426664
63.31597924247628
57.351960605333346
59.59138903491432
65.31026530120923
67.81259335039461
67.55095637703788
65.35854295228022
62.395482646292365
59.269360535132364
54.82043377441666
48.12786206381932
40.396854274600564
39.71153552244606
39.501726233439314
40.75709542420864
52.246340110123654
62.649458166336906
69.43825101178322
72.92501835980748
73.25135621549404
70.12625069296801
63.21440835432257
59.28079711720501
61.76366479021659
61.22318911381158
58.86982142701777
55.21135724542979
49.30490088147377
46.93338224229264
48.562660526896764
47.91105135970348
44.03578278788322
37.96931451482279
42.416138555537074
53.6430900957027
62.35312480890332
67.59339987662087
69.48802606943345
69.59428474291309
69.49089119170715
68.4342657365023
65.89661704389795
63.83170900658886
65.40654873432159
65.75305918216068
62.9129889540635
59.69752002542235
61.26162062193521
60.15800816614806
55.39041773126832
59.96599317268828
65.1350808543287
66.98223983058247
67.37398062766135
67.47614682748633
66.67379684556669
64.02853084195033
58.358862353004824
54.27438350333201
62.83381581667527
67.39943784335439
67.7616834981006
64.44913894344451
58.3757769322742
53.59249821740989
57.34320608003168
64.00840419395742
66.73534932265136
65.89332337642644
62.60930724461859
58.63595298272202
54.41356627723184
48.29211139521286
44.056841579565635
47.70627315735694
49.60719360060075
48.97886330404969
46.30641172859063
42.36056908576168
43.253751668408384
55.56767372552542
64.97824681293213
70.3555777788555
72.49223759519356
71.82953916421616
68.35349795895539
61.781448330323485
56.173299690879254
58.113499992223474
58.1854462835281
55.47869210418714
51.15238776636958
51.14328672352215
51.47779862133406
47.91872160942418
42.6559665184063
52.198166022185184
61.30811987492028
66.00113715885611
67.30276542490591
67.28251163334325
67.57676147753094
67.31235885085957
65.35434695456856
63.34652271322356
64.72537349073909
65.35674038471893
63.189860385967236
60.73491436970369
63.75149129711191
64.58090146028656
60.862421831434794
55.97684621162582
63.01184423031637
67.6916431818224
69.27207265178747
69.08737809152405
68.7264122731504
69.10522979633963
68.18131070952886
63.92480093809718
55.41332052702707
57.0934643102529
64.62304958366237
67.2348478217293
65.51583250771616
59.913953148025776
52.9591412907708
50.759619229137876
56.804335388500974
63.734253808702405
66.76497710500522
66.54111055543586
64.06172364036499
60.61185153899814
56.332594321215964
50.66460575577451
43.90135385186141
42.79996759957904
46.035390800671635
47.01300838229802
45.415216590894914
42.32756363471057
39.344975548615785
45.18636017243743
53.01632886852595
59.67432402765315
65.28250648692489
68.46403352612123
69.22761517631811
67.46669103537089
63.65684104530199
62.87798602175161
63.73757895133235
62.07169009424625
57.58823266682714
51.92929739060308
50.38960806571786
49.074756430144355
44.42910203091295
41.577607703479195
53.52401584885659
63.464445008371456
69.25627764854617
71.62307043652825
71.64792776104137
70.51183079683823
69.07523600083826
66.8785070602468
63.99986051640229
63.84112344486017
63.323442448821474
60.5097187033567
62.37434799316924
65.90718579704043
64.88045462941446
58.9376935371196
57.88952193646578
63.535842159831006
66.21067109904652
67.37758863768674
68.23723947435882
68.4789567486041
67.67226895158157
65.10117557685541
59.69607690668833
50.464464017896795
39.59135238320586
46.332936438418066
57.267874314873744
63.60409748452726
65.73718670692378
64.21914339166835
59.33401578048126
53.04304069270653
55.17005014086462
59.165553150690414
59.950378954901254
58.64201088223907
55.80753616555341
51.49135043650897
47.43923858208451
42.49655622920788
36.66649906677408
36.21936129994369
36.976318123103255
35.89413197731569
37.6993678355756
47.0867327267443
54.52514642597106
60.3344159307228
63.86326554013246
65.04593697009102
64.71208319234681
62.4258840536089
57.11257343281588
55.301505323503164
58.46902203258683
58.74827019642558
56.63918495852109
52.70621201650235
51.33937038241911
53.44786762437618
52.79835575278031
48.16661448247534
45.88417979228764
56.86751585634261
65.33273803548445
69.78738747312029
71.1064812208946
70.42863095964816
68.17104108381214
64.3588275510312
61.85909060632141
64.09626379608758
64.93160929003858
62.69393736692467
58.43502044651516
56.95904066870119
55.24466554840242
55.02750521480727
62.99100492656059
67.71114229572137
69.13314721108893
67.96568768051114
65.06361668197884
62.869393812689445
62.55160656680857
61.29533380430095
57.36275679226404
49.981148803456
44.7722142113966
56.77535086307006
64.76193653602836
68.32101505056671
68.1390946777992
64.5074947281974
58.478777653378806
57.71989904985232
63.011609301406885
65.8447199025761
65.60936554611398
63.9540725359533
61.55048597112397
56.405287474022444
47.537158217713305
40.7567206484118
43.68049466484899
46.01699140953539
46.06615149158712
44.18597878049675
40.96027001962362
37.9769785829289
41.89749456916481
52.57136861032557
62.04493235065013
68.05111966576502
70.84417656042288
70.83615073023546
68.0604494897257
63.52069073338931
63.3594202531009
63.51749739177827
60.67125676886633
55.64064247950548
51.94107714579616
53.57194665392665
53.63048092793048
49.95196134039249
42.58113811275618
46.22785824316005
57.59229695247893
64.44248351131986
67.1994891289498
67.42504179544622
67.58333317203936
68.18706052879742
67.30116855992075
63.86920925762861
59.95834861998631
58.61664242444908
55.6579650615879
51.656163258229384
52.630421033044826
54.676922576939894
52.7205183523951
48.77713826727529
56.277089370238784
61.230591086288086
61.82920574532198
59.8241349274187
60.43008697832293
62.8068246530061
62.8395378698641
59.18916687098865
50.966526528302545
45.14105692735933
56.22574003371998
62.4063615200277
63.8127027392261
61.11701700233168
55.10118669700869
49.32669891434119
53.094881076969536
59.192697971412514
62.35976456531303
63.730274820448585
63.6302702107539
60.814445881010954
55.652654604193415
49.75241466201545
43.71055578857931
45.67683430408699
48.57785092759804
49.20882284223489
48.58433882897444
47.13824781126689
44.992663995940816
42.75717385030491
40.088494307343645
39.1413227089094
47.669348320215505
58.25156856688231
66.15309697375962
70.25069474131819
71.61306565451653
71.25046505089868
69.03380759852051
64.31658377689354
59.59615233050111
62.78634965029948
64.206526874868
62.33818146951112
59.66909635860227
58.35912998028017
56.067405097678
56.2287616356674
59.110290080349216
59.59474418774468
58.17926386595546
55.46189892161651
50.64773721382931
42.57523319004526
35.14256103823408
44.32898835869662
58.397449656693695
67.12489635260367
71.3534683970605
72.33988587232933
71.75844132595218
70.9578203079488
69.90788808004432
68.7170780948786
67.76740660564802
66.2518738615827
63.40886008695413
59.665386336399166
56.57530033490214
57.523971945277
60.208189454552965
61.688636204752086
62.253305018005335
61.579825493482915
59.6105371136823
60.032905840924
61.940587963139365
60.67900054093219
56.17003852556665
62.403954902746854
68.52369493091484
70.52854079016412
69.4169425654775
66.90085114246698
65.38159021001574
65.0316166236255
64.45622489976893
63.55516962725319
62.96038486214371
64.12391306895954
66.74035044339973
68.22198347756685
67.06978632336856
62.686197252241975
54.79931577764446
45.11353443614225
54.965812085315704
65.3889912982382
71.10491022084682
73.32880427492272
72.85084904560219
69.72368046172038
63.769428897917884
57.422394746387425
55.37944078570401
60.8588443846108
65.78314384097143
68.42197212320684
69.44434300197653
69.13947153844265
67.39002089250343
63.90488106118353
58.486968965368334
52.373986972540145
48.55370681206351
47.00197060476728
47.006301521506174
48.893565792404445
50.44463312021895
51.279838057866705
51.81383885398251
52.250695937646526
51.631342926497325
49.56472758532204
46.876161462699635
44.26322620949421
47.69760464158231
55.42578787508177
61.86867128893874
66.59669228330726
69.21777425365083
70.27069084699394
70.5430031090747
70.16751618533226
68.714236878089
65.62509208358546
59.89591335946344
52.42593992676121
54.87276024605948
57.86345109490266
58.84180347793968
59.46403076798192
59.374008514972815
57.19841570136629
52.33799584988624
48.714311438512965
50.85000566549809
53.80741124741229
54.49268135160216
52.3365462828707
47.55326768082539
40.3616894544995
35.748988452481605
44.85894162007394
56.81632259851722
64.51864718669074
67.89685972686642
68.24147677825749
67.81831543898134
67.97411447095118
67.97481268750836
67.38340178131634
66.24840476870978
64.45627354733045
61.65031373920107
58.774029866621305
59.55202586332529
61.164076456441606
60.505044850238825
57.43485735010991
57.404485058441466
60.78370455405561
60.68110933986125
55.89919635787052
51.7939460846307
60.564521857847126
65.55494873598508
67.276775893542
67.46592885400976
67.0243518259159
66.03308583050348
64.45985599992713
62.290079802263605
60.31480022351684
61.10486679202975
63.81612763074493
64.88823298099808
62.8863174599359
57.208143221666006
47.671041399208804
43.100140633526145
50.54760855152998
59.14797672768615
64.4499370310791
66.44871231878092
65.42594694367688
61.42096840978523
55.9950148172203
52.766905367057866
56.14509670371041
61.73670564282594
64.58507172945902
65.42739093388325
65.15382837360201
64.00325470365792
61.26893876485432
55.98370229243648
47.365149998446434
41.837054654695635
45.749020979248684
48.915206189385884
50.76266779736347
51.227234905920554
50.647484114592885
49.91304109908633
49.271839136416204
47.71294256209374
44.91454398649351
41.3933170584876
38.895956246391854
43.91433533384028
48.5292603422313
54.0362799345555
62.36692403602933
68.3676673495927
71.79669198692677
72.6690375155202
71.17234468902504
67.57752476509525
62.06994697443447
59.96856784440006
61.69797123164325
61.89464012581042
61.37076117458143
60.0149428814418
56.59542477440114
51.1581370249209
49.029642395523695
50.74535560690584
51.819242732896626
50.0742351094793
44.95143468694722
37.76938835713567
35.97008784610482
46.517641550982454
59.716089590461806
67.67560447136347
71.00793160911037
71.16421456541858
70.52079631145554
70.30176563402029
70.05191230884792
69.57321269634134
68.68509143557502
66.7029940392394
63.40982206764533
63.5457804961511
65.55546830064641
64.37094040094101
60.128354664579284
59.33821068794246
61.34533811156676
59.481345431998776
52.849717082943634
55.08093506837501
63.51945223828175
67.70320489606097
69.2700390082173
70.06601730534835
70.7896442447372
70.77438740179984
69.22706244961789
66.51963477261087
64.54583684807318
63.47840268292884
63.12353249902511
64.18964511776875
64.56052748187474
62.67213904217083
57.83705862937385
49.43235066200424
48.903047568643046
60.24911597924958
66.92550346533857
69.84187808748263
70.04698891146269
67.85161745922996
63.02861746397619
58.110150245497024
56.43417337438776
59.896028150095276
65.27162708006202
67.24588451862525
66.46114660483815
64.18107477630417
61.40041247285822
59.59384017226811
58.24720762735791
54.35617780747667
46.765813972098385
37.577657821820175
36.3185234902438
39.490080941379865
42.7275475623329
45.43913041454281
47.190016436257096
48.05110468234598
47.87330008842402
47.226392551377785
46.617519315217976
45.23748370789833
42.49481524217983
38.95366995323323
36.33609303187076
41.47366127075864
50.171916792754146
58.85020233538562
65.8890307207368
69.98734706039531
71.39607062514116
70.43903770229639
67.38970947874432
63.024622492216345
64.07375433676863
67.1385216771766
67.81561509641891
67.1648209542727
66.07984064429986
64.54291504213313
61.570456094079745
56.12504866275701
50.254371959846424
51.549666665501434
53.2020787257267
51.79935334483642
46.95362133545706
39.111843921897005
37.95380935590137
48.918038002058424
59.627567792104436
67.74374428587781
72.15961956956257
73.61965598240614
73.61407668371753
73.20751973327484
72.49163842893258
71.65709183441736
70.53450925543713
67.99119773707858
63.67458576610795
60.81612518846501
61.709174531842706
61.97114437153025
59.15036297933505
53.84500899460504
52.165503145144015
54.89238891275961
60.01829258020469
61.931691427910195
59.07163417078716
59.018572532659384
67.03652702284892
70.92779017175863
71.40536286031355
70.47806693941413
69.75377349947522
68.935104191655
67.63160323824272
65.85836264133738
64.17460373117164
62.989572755167664
61.744502525158794
59.0749340799788
53.76444868300347
45.70368493107411
45.82962281512677
58.88957294499818
67.01719084534001
70.96149419200475
72.03799694207662
71.21156489349815
68.16912134320779
62.425774013025226
57.4900656821439
56.37840305486324
61.28119309655347
66.85254819615508
69.2514011843684
68.92827666828438
66.7309423348897
63.64267705694069
61.424686075077695
60.63535891939031
59.6467936124145
56.670919642479454
52.73968228546644
49.75106679909096
47.56660022849498
45.91120780211838
43.50205146720265
39.6488158336896
36.03875388032677
34.820067043515415
34.78011149558415
35.11996815465611
34.95188296724608
34.53048534371839
37.594574109478046
49.31508711359518
59.888759361495715
67.25704161595017
71.15987240512834
72.28505167421479
72.01635295504194
71.55667340026777
70.44349561168446
67.45720154384978
64.18162179554531
68.05213334420479
70.86577137709313
70.56274577931313
68.39370540214296
65.86120169480198
62.990738003639535
58.8538488410976
53.90368221443555
53.51857586619459
53.997162689895326
51.95127381319874
47.134790046115725
39.92796209572687
36.44623414433302
37.26106723685874
44.47874908185918
55.51701879640156
64.22270736030043
69.24471222945572
71.03779630013412
70.96880787128566
70.22331722016293
69.17892481489943
68.49113614703528
68.06520124133317
66.83561004283698
64.34520579865298
60.74112190792483
56.52902431301633
54.25206829523964
54.34429748178463
55.13482763941256
54.94067011287318
53.86510268300953
52.53383686321817
51.15056279763351
56.12046175695322
63.02742064154859
66.65020851202355
67.91785105126762
68.07065574379976
67.88245165246403
67.26394632779827
65.90936171785123
64.13197979728984
62.674827231027386
63.15230060397255
64.6167612313515
64.002648901911
59.925865410428145
51.888382065347884
50.70805153766686
60.88324304475059
66.58693397507997
68.64079796451512
68.16995308759063
65.6306787317283
60.56341909357002
54.186770725721786
51.21643865103049
52.767019214428004
60.57808752832547
65.20625857017885
66.39138326013506
65.82704121170903
64.73435963832094
63.34941252675438
61.38748407350189
56.7074662611157
48.07245596542678
45.347666782501825
49.09263685859909
50.730571912338746
50.559839765450114
48.68432648966862
45.61755983275325
42.13281131524302
38.61646018480779
35.84926116332066
41.888990237022384
52.833219522646345
59.92347499600618
64.64399329608438
67.0825494534008
68.56945558892966
69.993965455244
69.92946583785069
67.0948507971792
62.3867392197118
63.94832876640545
65.03314746750945
63.213410059961234
59.945652943571446
55.658013168640906
52.834342630360254
54.232675010426384
53.826105512766574
50.42598239553297
44.25814519133102
44.547597456346324
56.54320383620786
64.9935121914122
68.911054193147
69.57957156697694
69.05631958915073
68.3654409716458
66.98823760861015
63.88439166555804
60.612762972710506
62.760146501648286
64.69786484522102
63.935478053418635
60.78864819201839
57.99372820504776
60.766019133079055
62.01777548759927
58.690673449521434
56.13506200939399
64.14546508902819
68.6373234607021
69.77151064397057
69.28911494019205
68.2594443339182
67.70621242627378
69.55123559224965
70.73625403389812
69.1198608556847
64.12510713040243
56.12895422520967
61.53320778194753
67.66468477501776
69.49764065104705
67.89225572382108
63.439786108022304
57.12654623309991
56.23770480200949
63.01701330500112
67.37639732582177
68.35471816764219
67.34705582541511
65.63371563031589
63.76896451978781
60.96510831588927
55.731683642828585
47.27348137868837
41.33079965337909
42.38944854766065
41.69754971493657
39.631917088567896
37.09824043506367
35.81948653452854
46.38010822585626
56.066103216452504
62.793626882602794
67.2699152583404
69.21934384613722
69.50480306548423
68.04742814235384
63.83151865617827
61.92999765018685
63.11088769250833
61.95542808403136
59.71464549772385
57.00401388017953
53.25577350312927
52.284161006030956
54.758309966283065
55.07578500378684
51.99878233008184
45.52562958592493
48.39916174586374
58.667962986592414
65.23711929566974
68.45128045937265
69.67968534009103
69.63628415714906
68.27417358506294
65.3311447214819
63.6463644533372
65.03791058122552
64.36566466438013
61.09561238888014
57.19324748617913
61.35538208973843
65.1358961756645
64.20221716489226
58.330872422430076
55.358701850145415
61.00559279764663
63.92921422303071
64.45199546883592
63.542872249267916
62.7122497925597
63.510147190681124
64.93494396573604
65.2815454575195
63.16006462889771
57.55737336424299
47.84030843718803
43.70852479832721
53.28578202751727
60.89801463195252
64.35517260387137
63.58706102627718
58.9307441774801
52.21379062058289
54.7928765041685
59.6964378943502
61.74956198668709
61.91237570170539
61.03508564272248
58.43997316447318
53.301059732853645
46.37507525019991
39.604799530992054
39.949649291286164
42.157266432554806
41.53452015503973
39.13565493626071
36.64774313031475
37.433487351871634
49.90217786214093
60.169596519359985
67.43410547376935
72.33944703372374
74.99640930232167
75.22059340504917
72.85079828419548
68.14127718971236
67.4304105185376
69.89137005008453
69.36372007658589
66.25470287991506
61.258343468115655
56.25786302631035
56.512363900748
55.667553837872994
51.03908776432967
43.193985358267355
50.07434030873561
60.61023143042058
66.90959738999109
69.33025854369421
69.1512298146134
68.26600744721341
67.26878493983867
65.33157840775631
64.55567499243276
66.7972428794051
66.98383540266052
63.95646456516147
62.16102532796235
66.3786209481764
67.47924378588208
63.925557024820385
59.1056367575771
65.60458369781046
69.60552542846978
70.27692557052328
69.54826124547344
68.40358442254676
66.73562439457247
64.98934296518057
62.3804336709664
57.22688671790638
48.6225044347908
47.53424009597423
61.02597998537223
68.95518165438638
72.17949367010357
71.42504404680211
67.05496066668196
59.697181329478894
57.36186342606327
63.352221606776176
66.41575210187295
66.33271623675233
64.81372421415412
63.523563028295094
62.607843185575206
59.82584439895467
53.351033050943656
43.315153745179785
37.71765763019249
41.39528364113259
44.325927024802745
45.03041108229202
43.63392767897602
40.77971693306965
41.97679617907232
50.10056977198934
58.16481174928525
65.05942088317154
69.24865388841582
70.6672852979756
69.16844944332642
64.36128891570414
61.17472812914862
64.57070409491007
65.21818709086672
63.292108141095284
59.57728551206398
53.56998209274245
47.6047315516726
46.36550726219638
43.619855182652536
39.414158796387916
45.89934276887121
55.55974053041744
62.87518813385197
66.56851298561716
67.54570588111528
67.39473350148799
67.02838126270068
65.5941688473963
63.05765299038114
64.06543333994874
65.1884628887362
62.8544177725277
58.67971602053683
59.5791108619965
60.0286540286785
56.227727273983035
55.99857008550585
62.66416901744127
65.96789457220292
66.97621497217305
67.40725001511225
68.36735355149133
69.77126668463131
70.24484737919227
68.85583364967718
64.97366562178635
57.81171886101441
52.16698125743718
63.319371828476115
69.80167547342705
71.81959336520255
70.68397561762224
67.54120296363584
62.487155141852796
59.06565853020921
64.06543613691282
67.6272193805213
67.75014078922078
65.52763424393643
62.2577485944933
57.79314537480534
51.41738934958559
43.5576883804032
40.66759733031776
44.41890962751018
46.90002932382848
47.43749247080662
46.29298369710729
43.91670343016814
40.53765897692174
41.99823246426288
52.37998630133603
61.65008441234087
68.70074201641987
72.36253285570697
73.17762659263454
71.83138334775737
68.01205367369731
62.990577926080576
62.6752995346714
61.9555096547715
59.736311921030406
56.94439481144847
53.085335755965666
53.86731092638791
55.248625221018344
52.689124254193004
45.887147395627146
44.271005921824795
56.50055599176092
64.87623765535894
69.08503395559946
70.52932793123311
71.00915710373161
70.89260534262377
69.26919510244372
66.02345257865326
65.37533165841738
65.82774777363659
62.92283530985587
58.2899462002674
61.648588940642036
63.65664331419876
60.973581938204944
57.1055049534014
63.145127463176635
67.43199191323804
69.18121998094642
69.61160730546881
69.28192984404585
69.37452704634723
70.24233755511824
69.84641763487463
66.86625126613778
60.55491828032525
58.863707398128405
66.5495458757706
69.92078756327585
69.5121720146566
66.26780507899032
60.94834584314466
60.15232028905082
65.61080281534933
68.36839346092401
68.37546113633016
66.3031425547923
62.39707573174431
56.61169689073308
48.73789359030766
44.839807430043805
46.12780377315978
45.36849271424036
43.94279915185845
43.8679965299352
50.95761755029527
62.76161381241601
70.73039888742517
74.68465944359396
74.85661534957131
71.28919040793565
67.14276972255618
67.613768374595
66.19370878784602
62.77196215777093
62.49224820848575
64.2389212335769
62.80434804084959
58.93185095149131
66.28072489605613
72.8275949182095
75.41512443123236
75.30558059339884
74.2398894640692
73.25498707068871
72.6292188041825
71.96850480441287
69.93609484807462
66.39827185461807
64.41562490955363
64.86542397131262
63.98015907153787
68.81670467463823
72.89688330461712
73.47987939203483
72.33854257616902
72.48477461939886
72.88035728225002
70.48518102707644
64.66843189453648
66.91870607626163
71.25213298529496
71.03706331184324
66.56883935809597
62.178361488757986
67.45478022044674
70.5825578970784
70.71168503738645
69.16705678433205
66.40469366759862
61.269888102390546
52.39399633854728
40.19980902227463
37.41895291490855
51.779343284996244
63.740207796848416
70.81976921305093
73.57683074418657
72.27459163862541
68.04233141704157
67.1950296064251
66.78849306856591
63.3316842132282
58.280754223807946
55.271326925490044
53.33060010972413
50.289193111697195
58.549861774408434
66.65395863774725
71.04841216556497
72.54995433170016
72.24994283483758
70.50170302971405
68.7929516898902
69.08147956501912
67.85578968620779
64.84251817028076
64.6435469998204
64.56496500425863
67.3080227491179
71.55152214890087
72.75522933879745
72.09173398399048
71.45423489345643
70.17325963697608
66.05523246360704
59.28665801881007
62.1922961012294
65.9302563762242
65.77699676718589
62.02527913650631
62.92075861737979
69.36815211092727
72.24969239906434
72.35959774059245
71.29923243732759
69.60591683862137
66.79427103095823
62.70364008370158
57.30094889531194
51.040483851112306
56.478452335984954
64.27999229772796
68.90000581153002
69.91935004245565
67.13889183201015
62.97177753110085
65.10031236024923
65.63124274280388
63.01889489301975
59.278979191593194
58.41652071350673
59.00990644600064
56.795768116147585
51.72188176946498
48.53854542469791
56.789384645151316
65.26311192886459
69.1990122141345
69.78972250137636
69.12419426992349
68.62117374577339
67.19482727505334
64.57831644385092
65.72136472835072
67.37819505972041
65.41933891218895
59.87881758666974
59.523288609974465
63.39942827457353
65.36449120346104
66.9432469654578
67.85964833719162
66.3705227436165
61.37947945461539
56.787252193091355
60.163062980123826
60.65114089509916
56.96871037663644
52.91254505172396
59.81461310359591
64.48396481231774
65.42065134407218
63.79957562596928
60.74002626381754
55.56056226017024
47.674653276328726
43.88387640553488
45.6305638857927
45.725424954887366
44.242956939207204
42.651848483229415
42.86975090650909
53.35180619763588
64.03659435534499
70.45774033473266
73.0227815122262
71.7828445722168
67.02146816967169
64.6989290121697
64.78996680136314
62.01354927241429
58.887902025717565
57.344411924852906
53.34820640945672
57.26735782745551
66.85446891643993
71.88765367513128
73.5824720988184
73.56492696824569
72.16338853512816
68.37966012443131
63.12254177389715
59.815720524146265
57.13242768690286
53.04621401172553
52.6213302858778
61.711474053559456
67.15325828730742
68.9981328266762
69.3242722221085
69.80492889510809
69.21239056026276
65.71214761639834
60.918697355660505
67.17693099606821
71.59872616464244
72.06713321328505
69.05498543161814
64.15940924534897
66.65042277111122
70.44605947779232
71.10912935646839
69.21948971236864
65.41562370149126
60.19973118970797
53.35446164886841
44.4222109906179
41.59873955162078
43.34376317104783
43.262854291854616
48.32728332529583
58.0086032664434
65.3726313524435
69.60089093333644
71.00616679253184
69.5786530313361
65.07024034000128
62.82711305709415
64.57961518757473
63.373304940166726
59.721103942408114
55.747359980611286
55.22566245325252
56.10296685950648
54.03574469253557
54.578802198120144
63.84940999920818
69.48664216504058
71.29029657829477
70.26673418589833
68.47787454960405
66.91509847395048
64.1892921948932
59.83968952983709
56.568385642914606
55.65180748836573
54.61784369434617
60.3955736416637
65.86328859930633
68.07798290526422
68.50364052514226
68.78494927200816
68.7370273231856
67.01230935489734
62.397173384470854
54.546068240927156
58.602942190524985
64.81118997620914
66.22522884999098
63.074519499220266
56.93103716444764
60.91919647266752
65.68852884423589
66.57657106534201
64.04871858258491
58.99793306288538
51.69490502671682
45.699413629877704
46.70819592458405
46.502822431043825
44.80792553997294
43.67481349652543
43.749735491473665
53.25210355263539
63.09937275493721
68.85020264439854
70.7108518617228
68.612380189892
63.497440864679966
64.01008238848905
64.60835235695187
61.1279898761898
54.63503611162381
52.059302237456365
51.95889289664184
48.859796121278364
50.88792854062313
62.46673052975666
69.5466863924498
72.73873735893633
73.43639398198602
72.44791898365715
69.29371929722149
65.94045585565311
65.27055359396752
63.47895432877537
62.10985141860356
63.83713709953821
64.24100772537909
61.88931927547579
64.24526794841063
67.18640173131934
68.03489220073655
68.1946006837863
68.116622847037
66.8449583419002
62.70787158430571
54.72571587672859
59.03940688012269
65.97435968428341
68.04154056656205
65.76607604433856
61.57116889003973
65.46508238475438
69.8174078245118
70.85763461326062
69.16964122240289
65.23472485820858
59.20374066735728
51.66719055309184
42.91275306438556
38.46921311684868
41.137815291542
42.54379438142111
51.206052264856694
63.00611739587165
70.17687174064794
73.10270404590726
72.1230939465654
67.29732941089245
61.96762896563625
61.63527322718502
59.257030636769656
55.250293889719195
56.123969094185426
56.99975035899243
53.730231216376495
47.14591666020381
56.97819637299804
66.35104487389873
71.29555546985925
72.6348917209645
71.41490314404172
68.45933122574581
64.65014054590799
64.33085047471691
64.44021606246709
61.78789233454209
59.58575950710147
61.108108954696576
60.49258314254871
61.99656231084592
66.14198481017309
67.93496267616044
68.79675089386957
69.6649006058897
68.87204143378611
64.81213373720011
56.73495771137419
58.15878808841848
64.35470214404425
66.03823511873168
63.46173245395333
57.885656954881775
62.28532411682976
67.94218045855732
69.87817471514275
68.64056824377866
64.48842165345057
57.3025533009597
47.900334844635594
46.229684119062966
48.53123976870726
48.34041914263132
45.93345846147006
42.017131771550396
39.69738430206811
46.4069403938976
52.82563048072135
58.69363964490923
64.58212742311953
67.87050065178629
68.30682139866485
66.20574557991154
61.716372906493504
59.90706699837947
63.41511953634228
64.42483788585616
63.11414943508517
60.039268920180085
55.07332163044997
51.57986931527433
51.91696026375421
50.97271661883723
47.615057913633876
41.84416584159372
35.978636905097225
35.9382616383079
43.352415245397545
51.727820995199316
58.874532900854675
64.83753331046798
67.65423263212993
67.83523103900402
67.61213043228035
67.95181653781464
67.63866470628675
66.20223800929074
63.67138647834453
61.62635274760095
63.63585484522457
65.6342604534089
64.45509908010729
60.02074432016519
57.487160712807174
57.79797368814937
54.858238532930336
51.49134333646696
57.72273447418351
63.09339217922032
65.5542547910429
65.92231331905592
65.564809196904
65.04342159330574
64.32722848644163
62.9249426185705
61.086298177521755
59.40419025373853
57.24260830759823
53.36513955801614
47.11774712638825
51.09710536932631
59.85048573983946
65.2891940166167
67.17131705721795
65.90575251623928
61.78791484658382
56.16903577427361
53.56967988652762
56.378666168705685
61.11962475404095
64.72454314935557
66.01319681430692
65.18998048524055
62.68216824747222
58.55513101156574
53.2644246796439
47.78479643553288
42.16925405918616
41.13516570658692
46.03629803593353
49.078153289916095
49.747108462208814
48.40087666574168
45.5901788845335
42.53850115592955
39.46801060054476
42.46989822906352
51.878470019321995
59.38278198134972
65.10797244472934
68.7132467374192
70.83434732593125
71.65757126506028
70.86256995980561
67.85774729097821
61.89249822307366
59.0668686419817
61.380409286819585
60.99579134809663
59.319453384469256
57.14472343439287
53.52667641692
51.49606303101196
55.5271937943241
57.32809087554976
55.39698971010228
49.676601908304164
41.40092618395368
50.34086439028463
61.16875075697272
67.82324603126536
70.86925420668675
71.67049493720297
71.95303421473761
72.49294321865841
72.3139552853568
70.0635707739332
65.45398305006142
61.255582475114814
63.05821315843233
64.33038383066078
61.8326594118626
55.99565297068631
55.39433846001316
57.684598131011455
55.65519032465936
48.82380075988479
52.2353034589404
61.775384340621514
67.05882869388208
68.80142448829406
68.64614554712249
68.37343774950182
68.07494295368866
66.69795733386387
63.76061861123097
60.8603714768214
61.00369166509011
62.958992353653755
63.22551608372002
60.53861074786734
54.66854767230796
47.82802225617863
56.91291511173424
64.72520163886526
68.177183501496
68.35132055890645
66.62809665508503
63.368392681661554
58.95794870939977
56.23690500002736
55.50699382605579
61.04031260146225
65.91613587511122
67.85759803615252
67.62746067331659
65.65758217265507
62.62261951906217
59.46729122794534
55.164449207147115
49.10268910509754
42.26117195380773
39.174814907383265
42.15967273161479
44.077033722240984
43.624138662024606
41.61570005634216
39.074994549130594
36.71278269448358
43.45717385875275
54.09865044649048
61.73009661442502
67.3263775624545
70.77922854030373
72.32707022286786
72.16090290152685
70.31496811072894
66.4665772159993
62.01239540343148
64.34556175092118
66.08173182657308
65.76922021580097
64.63608596173043
62.14474149142917
57.36062730871513
52.5121028840023
51.665721902013004
49.95240578632146
45.107715300378885
41.924662075146955
51.437738079076844
61.55019311718863
67.96027730622708
70.76518785550218
71.17868961764006
70.85695558400948
70.38325521901281
69.92331312037047
69.05288996256934
66.69504194029938
63.030426533150276
60.02503646030889
61.16885807539748
63.83247122664382
63.866595184670565
60.6238701224396
59.74212284936595
62.21685722364079
60.90133720373581
55.10178362120971
58.665539131846714
66.0985616708165
69.69408552851819
70.68227156629168
70.66434375283019
70.62658624218619
70.01742998804163
67.95650407099886
65.80240085763313
65.87471547252184
65.86353897061838
62.972633978982024
56.06986920760629
47.11537241692462
56.17959169608335
63.98577501733791
67.39271677932665
67.09756758321572
63.58480371993434
57.0856572853856
53.39651658193321
60.106627112652625
65.89322017659973
68.16110653026252
67.9635903114779
66.8550265645818
65.43449047939609
63.188234666841076
59.672505520294436
55.00919684747157
48.334419532202126
40.80640568077171
42.82831500334434
45.781364399244396
46.992543112679485
46.682003079610226
45.659528227923055
44.15315118464261
41.68273130324147
38.549400342878826
38.64478080229184
48.421856999591185
58.555674821954824
66.08105711117548
70.17588430233991
71.73380022668601
71.91301315318214
70.55840585944813
66.47426632486045
62.66283183668207
65.13662602977178
65.67548908353297
63.95856083210536
61.06966720850018
56.8194642953728
52.99392074411827
52.60092706129595
52.355982412329205
50.016933468447284
44.33314053206051
41.96108115769947
56.357091609264096
66.03200370863419
70.94243149319203
72.60914885733021
72.96249381348187
73.19830845165355
73.06139373810096
71.99344065227434
69.3296830199688
64.74780814093995
63.4390196796804
66.12377823776527
65.99196665905312
62.2658389299172
57.5940284000297
61.47821610751581
64.81787020823009
63.625324606919634
57.5370863867774
58.32277480592737
66.60243545158359
70.53344191045463
71.30991416606526
70.42844957073173
68.71788427522213
68.32458643570018
69.99898268153147
70.4209238878933
68.2700373430558
62.94265926223418
53.640849840045554
44.637082552888344
57.899649714553256
66.3322784488559
69.78715245415987
69.57178106827348
66.94743351883952
62.298148520468935
56.398026760032494
56.37757845731353
62.37224201485219
65.66283348514743
65.8083510356219
64.51817178697505
63.5534891193833
62.63257102319706
60.08446086961659
55.37682305906502
49.08120371207356
41.18059553737062
39.130076395830734
41.62029152662442
42.600079776396164
42.47838725255154
41.69623872679704
40.38928520501075
38.45057647219162
35.97471732966959
42.362584536184585
53.47734999535803
62.31071590476855
68.2758511440353
71.37370270053356
72.27367487298997
71.70683686057136
69.61430388339852
65.11101805042483
61.477033804363344
63.527978755885854
63.59784137878883
62.24691266002046
60.449630423037846
56.700642362566185
51.48186018326696
52.856505638625215
56.14400077097948
56.268503297065344
52.7412144546511
45.669774154990115
46.69304292947564
60.68227772558136
69.37748262348289
73.57001249320399
74.43224593571527
73.62263533982369
73.22864816167567
73.38418386065017
72.30669069311166
68.79402664951331
63.836241436268715
63.39965720393625
64.46863556748372
62.761543414285356
58.59606444017917
55.44518983474477
57.453210824252075
59.5651671312859
57.44586215644414
52.02404272645191
56.91234707760326
63.33568791314056
66.3292141095452
66.52690356226655
65.89464769272686
65.07730905384985
63.36755080119791
62.11208795324672
62.673815497341025
63.015212382329395
61.15012681331122
55.84455722797604
46.91334768940941
48.94969019439632
55.94277538985202
61.43875137472004
64.38316820828118
64.06509557373445
60.41188822172885
54.5927439142335
52.48654525494024
57.08523429894491
62.39055833823198
65.8455255626099
66.72752193005296
65.56854453083447
64.29586290271678
64.926395482712
64.37704550365706
60.507661801205245
54.92712700608496
50.991568025008306
50.09706881764832
50.23417456846995
50.5535360555573
50.38876418148501
50.21464696677688
50.47498308036567
49.848491418374714
48.87115070313047
49.03002645436692
49.287448649211036
48.14795967093058
