File type = "ooTextFile"
Object class = "Intensity 2"

0
139.67673469387756
4357
0.032
0.14236734693877828
1
1
1
1
1
32.600623105993066
37.319405846512055
42.21550858179569
45.08039359054653
44.769427644573845
40.94568266735996
34.353470500063615
30.822089175163132
32.39994355945228
37.96821890237101
41.10628570689577
42.861012739520945
50.64363502049133
57.018637790581536
59.207443858389766
57.68196224399862
53.05043325910713
46.470866655971896
42.78747506461161
46.96526042468583
49.01001247495436
47.21882526529325
42.57070203860771
39.585001598456515
42.22681951209949
50.188389096812585
56.434063505169746
59.193910446079386
58.57470861764246
54.88448034198977
49.79726045211329
46.44968877288726
44.65050850194941
42.228862264114255
39.21796359601788
37.03387250856628
35.23484591429949
34.6516406959942
34.15842102583616
49.9875651859978
64.45646890150685
72.66580416872782
76.00675645632509
74.99531817514216
69.56444106313529
58.979014842682304
41.56326130084226
32.737101869238316
34.664317766117286
40.148573176721285
48.548954583445465
52.887823540920714
52.79423805460994
48.60752465486948
41.903854438987636
37.57233693957738
35.05335135925806
31.849766596010166
28.786965207377342
28.894725165305513
29.88918631622953
30.849110995670905
31.32917383730565
31.711566670941764
31.972428357658785
31.670011469148776
30.380695750391673
29.09703868371837
28.16987598884456
27.188336305046708
27.04788519079591
27.315959093491973
26.9312040600673
27.72659349305025
30.518408389075763
32.08795974250783
31.6222322790706
29.699086328291912
27.441015672299145
26.441691921962654
29.366799837835895
32.78818353949919
32.913696455263654
30.759195640915333
28.47680452912023
26.147189151543625
24.877095160894314
24.499703432969973
24.31595515792518
24.067951675047738
24.636503298027492
25.77608858985975
26.20070943666216
26.778785411642467
28.114856749632445
29.608443140437682
30.91242795962244
31.573670258779458
31.380608236271293
30.902952170029888
29.86439137583207
28.231406656069893
27.920989952840863
29.020469399085584
29.51440457397053
29.393227311559407
29.281382161883535
28.987752428502244
28.304572214356156
27.579623410118565
26.90692385953422
26.06528378808497
25.865007948779205
27.070040963783548
28.66220065232728
29.305572076975473
29.987656529661916
32.00561291634082
33.212869267166624
33.39150362788875
34.8502460615877
41.08153426945847
46.80520577192077
48.74466564087947
46.760727413720964
41.50339216071053
34.99635736160745
31.056313071736596
31.704458154381967
33.954730160521635
35.66466021751555
35.826920409310354
35.26947003025108
34.26109009110184
32.20220409866765
29.62141544943275
27.387658763650574
25.896565572681766
26.050743482013516
28.293600054562113
30.475686640711473
30.154719697503836
27.837707491105004
26.591699549173295
31.02458020687063
47.14868096968074
59.97958346881117
69.23263839691754
75.31584922283982
78.27176304383292
78.36332256945514
75.72842375175102
70.05417986552632
62.48430825784312
61.62104379013989
60.70815551630612
57.51376861606928
54.39709010360029
51.61830137479942
51.36791980038393
55.06191077416641
57.41591905235268
58.43000958020146
57.37420539324562
53.88048734337464
47.862721975357275
46.819067566682115
59.06931317396968
67.94748430715528
73.31751833809007
76.04838572248525
76.94474692343408
77.08360722265338
77.11936599070529
76.65936214647608
75.23762225815507
73.2590009975273
70.9474318504519
67.58460287070238
63.0542297850006
62.26633698825501
65.1595211043722
66.3438499945656
64.95356110066867
61.15303166755745
59.74531302145408
65.10847473068728
67.58890992751088
65.39908811202355
58.53328363434664
63.513695826250604
72.68695410649751
77.15416713458086
78.031120668546
76.6612121128654
74.71066502604563
72.81807262137644
71.31872256116469
70.12700677369098
67.76567559892511
62.73315374602694
54.05946390824643
53.94068023296778
66.46540186278459
73.69481666578997
76.79024498127612
76.6397802010947
73.85624200231051
68.57697990513432
60.524012616426255
51.43210498081768
57.880746904046056
67.7835803589196
73.15290383098007
75.24673796772322
75.28674187925199
74.30975694641256
72.53530344754817
69.22340188330901
63.532007023886166
54.49457182388852
41.03821380368842
35.73944123518985
39.258935257544195
41.39830810963631
42.05957966404178
41.06227341970765
38.95076539060859
36.342863807265566
32.61437552332743
27.72460695330527
28.578463604335393
45.177985801360705
58.265209212143574
67.4810135638763
73.18538323053352
76.11800880525544
76.94062494791729
75.83001826928683
72.39526192900765
66.14689248996922
60.55942836767376
60.16637774962439
58.56027904798122
55.174505484688076
50.5039316251428
49.70117456167456
54.180472676751
56.829833631234365
56.97835697397793
54.929801457930914
50.76459594897892
43.91974499874971
35.120046366402484
45.37772997977911
59.04127346698034
68.1940668841612
72.87852611903878
74.16153933867432
73.89338610074664
73.40996953603835
72.68644895415508
71.49959436122428
69.60174616906892
66.97675665513417
63.49090022565811
59.06704479750094
59.01790244492939
63.21129910282163
64.91218384944955
63.394922796259685
59.764758371286476
62.96784637098932
66.78797412531287
66.18041870177483
60.97119350391391
63.53054534251498
71.99418304995047
76.07144609224868
77.00882911350351
76.58270703288605
76.17186530044046
75.49242389199462
74.65132250251835
74.33512073743623
73.49460383468926
70.62331750810269
64.91408689048284
55.72149122217782
49.617511227122804
62.95332894226281
71.4175849174429
75.6131037457792
76.72844849922385
75.73386627645684
73.21925707135846
68.840926544703
61.68328675724602
52.98706742823393
60.89681295222303
69.54980946956229
73.83798640138524
75.01222050627084
74.34273485436333
72.96857388678055
71.38165461583688
68.95732075218712
64.52917588324932
56.797933053711105
44.59432303388114
38.889127015205375
41.84877703157653
43.192614062967785
43.25264932199541
42.65729346047599
42.26596458348354
42.034019402854035
40.653845736705236
38.192472720240495
34.357955238779034
29.39932355572956
28.970944870899128
47.12692922127406
61.38833677602353
70.3480647591806
75.2244956240381
77.05933223470726
76.83757144738748
75.30265677001654
72.26629919873241
66.55698800811113
59.24940166204135
61.91207256914776
63.76423285991418
62.48046342980706
59.097714686997016
54.26796823002418
48.27178845517409
48.02960452285685
54.10095380915317
57.95130905096957
59.76834070641932
58.921324323461455
55.51680110811319
50.84976741157638
45.21865006126946
43.33239853393461
58.66337120943765
69.35187979234358
75.10590297054242
77.0750653603907
76.89021438598383
76.15123984253296
75.18571892969797
74.11140155544476
72.81863139332923
71.00086093096442
68.58668499393218
65.6383049056783
64.44642688341234
67.2690496030747
68.60718939585395
66.7668843122235
62.51741366991176
64.52975887696948
68.53238766771261
68.32157305196445
63.62275808150596
64.76930618945661
72.27399394838338
76.02185701867298
76.9933011767908
76.44019910349687
75.22961024140798
73.91533618804152
73.23227803203209
72.97097430927616
72.65250112736325
72.12162028767934
70.9529110311266
68.21590668455941
62.780164724046784
53.93110161352077
51.96603715469392
64.38827174254487
71.80288666871988
75.17269878566457
75.80134124052711
74.9115035327864
72.70462741524126
68.32955482816439
61.17140315564815
52.84748442724104
57.52463609388752
67.14818384193377
72.1717006158133
73.67206242376557
72.82619414845831
71.02345056638849
69.40208408952393
67.39093370334987
63.35784177657299
55.85189261980871
43.58743981763128
32.82691348253671
37.99722609827786
41.421294798548814
42.85586772390623
43.23780603650921
43.21319704117299
43.17178966900481
41.982871577319465
39.181380152569076
35.10508790153683
30.231649113069295
33.01282389263402
48.84937016500934
62.2889538974823
70.78278030277352
75.155325435196
76.31876914093722
75.24055628513803
72.55074503146288
68.16531537988497
64.72553338780929
64.3526717117799
62.982801071564445
60.46504426601426
57.481824523527514
53.66906498199363
53.5742973937458
58.54771055669695
61.53788252657178
61.92648837170086
60.166476679682425
57.07559733796312
52.80426488064657
46.172429926903575
37.820478590719176
51.76894677648815
65.21325936695529
73.20734507538668
76.94834070222898
77.63726683261544
76.58471636421338
75.00906459515024
73.5093697464518
72.00222724032885
70.05952607667065
67.0065137133699
62.689912722214245
59.45689134591679
61.939300007164874
64.55400595414334
65.20209568632845
63.36096277863991
59.31967427762852
61.58656099735785
65.49782769593764
65.36628526955408
60.884637557152175
52.28262011869225
59.11307593988974
68.08540896087709
72.38114421241195
73.31197190857185
72.23226395977162
70.3925217678119
68.81784570335572
68.02713226183174
66.943461840534
63.89962218953454
57.64770639234126
47.31627479010398
52.14186213172273
63.80398844828636
70.19619909858264
72.79875773178654
72.81128693195869
70.97588768852037
67.01036812490194
60.138308948674236
53.70397409246902
61.68698668608486
67.5703914643118
69.75245922455855
69.47923054376307
68.1680268587461
66.4035034334471
63.97502481141005
60.61519347910591
55.57049210953313
47.60845006257388
35.98695331996721
31.15785502054123
35.89635314350846
39.52296517546886
40.57099830759359
39.76419618090602
38.74417409735276
37.357734706405886
34.583331724885504
31.16384707590938
28.416984898562948
25.834042321175517
24.33000483431257
24.89427981252848
38.56372850797697
56.28232713685683
67.62299977997715
74.21589108814334
77.26401553318084
77.68888045260887
76.20910757673771
72.91627149031817
67.51149753242804
64.3816102518667
65.60503010513398
64.50358087168779
60.46320775034381
53.85995020103043
45.219938547578096
45.594083022383145
51.71536612316928
55.8490449251526
57.79951993834051
57.88696111864131
56.18902177650352
51.684288061342514
43.57380113297534
52.98925528615409
64.8415250312523
71.67308938756969
75.07061788136825
76.35510867241396
76.34459910423291
75.64352814102418
74.52886718350769
72.82223201334573
70.42754291485001
67.80415124627393
64.63877231894635
59.68655451055292
55.21467171690375
59.899921185826784
63.791167829459326
64.9767647574332
63.252046606777654
59.57366182973837
63.02279675873269
67.41681789022476
67.69317223547057
63.543731800105135
56.065544350959996
64.2328671601547
71.58568739685684
74.84140557903687
75.26012859860377
74.32243988230243
73.83540686631096
73.85897439359339
73.17749727370155
71.75362779569224
69.74546832962557
65.71478028742057
58.01934803288792
46.483707080490966
55.13046276483522
65.5576366893064
71.04453288434098
73.07707827809492
72.8773616377683
71.17407942304767
67.8233588354056
62.11423801987359
53.96120718483115
47.22306797794941
55.87596081897385
65.27207821617739
69.8296552669739
70.78504120132786
69.54091964495406
67.37455465889555
64.86516794465531
61.774321636543064
56.666834562315145
48.186984556494764
35.81513003390712
32.239377294867694
35.93889362231242
37.12857809090968
37.14173465130933
36.933247673123724
35.716826661887595
33.35879233902179
30.890365401662795
28.57719733618943
29.823746217157527
38.54743560287893
50.27341921089666
62.92991573903264
71.01220873181684
74.96418391704067
75.75895920787583
74.28775456136313
70.45884638012028
63.22980700142524
59.09798933023997
61.5173353587695
60.901792239218736
58.03014588094736
53.41227163586511
48.180434547002065
53.065062001497616
58.25212236011459
60.43819832799198
59.9575752922625
57.206405315277294
52.25840568065266
44.49639343087881
38.60073113705974
52.931899248986824
63.27274998587932
69.52560301084
72.5330992834339
73.08117987546443
72.25997009219873
71.18643777146846
70.25637816044755
69.13514493921909
67.00675383421329
63.616115231513035
59.72183331914118
57.234160261477626
56.001806792882036
55.8379808329574
58.19756480361885
58.34097837807404
56.88815003003878
60.94237123215373
64.48885661934884
63.829893738830975
58.58497707227792
59.81253968264717
68.74352024036622
73.24460934820448
74.34990195841306
73.43925614477082
72.26410595081477
71.69794265524288
71.26238768449211
70.6338151059475
69.15014607749855
65.54009173107342
58.749127619169776
48.41558555084806
41.91006857174629
55.28323342614066
64.7887834092926
70.25105126046941
72.72690143492896
73.04325847043262
71.57431695419702
67.96022441639737
61.577801652049814
52.93783906949873
58.39499415078336
66.07063587162041
69.42664053123069
69.75553904419462
68.66429482813699
67.2227766211157
64.70826717731907
59.56014068459819
50.562535705158744
39.70428243860794
40.89661784892258
42.80773952554874
42.4588950412226
40.651797372246286
38.29329430001441
35.28984389468217
31.08596783581442
31.440619577749477
43.30824381503794
58.51137114015395
68.7701659323422
74.12301112319929
75.48261422776697
73.52436871950808
68.67759321341819
62.595762543348634
61.014560385199516
59.72786990230997
55.67219917613238
49.43182678577722
49.448384129564154
54.24635360317566
56.944694515446265
57.384982548367105
56.06511026815787
52.68602428504214
46.06424093631912
51.48370275945756
64.71521917048135
72.37179265231038
76.01036933782076
77.04997801834374
76.89354443248686
76.32000851618481
74.88839463373512
72.12848125404308
68.37994683717574
64.04422804641199
59.74208415218416
59.27071368269874
60.105868514612766
58.39070355982135
59.59823955238328
65.82994157839715
68.3099820144166
66.07856643853472
58.8066464170501
60.259493879742294
69.53706270263217
74.26916154487135
75.6997937996903
75.27087848186835
74.50388736342379
73.37981937515261
70.48490769406251
64.56458207203922
55.681948316382524
60.637454793160444
66.95148118856002
70.20527278622309
71.2047409100981
70.32762723366731
67.77864246836545
63.08510619461623
55.82761395540574
48.25989208557453
51.28006250477931
62.98374359822297
70.10016449313343
73.32923679789616
73.57383502377105
71.64838804696228
68.27226436121569
63.68317847745458
56.933529394634405
46.333670272395544
36.37836481497551
39.21046953334819
40.88940517507066
41.093223100841485
40.598746371583545
38.53994680191697
34.78546924079626
30.382548265611305
33.41777095636777
50.81830459841945
64.56187715448846
73.24467785896141
77.80454548138978
78.92814532405522
76.96351414450928
71.90033631398762
64.62688570769737
61.628459452881614
60.20995088014744
56.49616497240443
50.60552372658194
48.42808264940509
52.12967636886569
53.92043359242389
53.65935179418255
50.882199314843376
44.5456995085319
42.03346200431804
58.72501745811525
69.04015329562296
74.45794853228024
76.44939189226074
76.53361253463564
76.14321389169645
75.39992835083248
73.56390023759572
70.307591302168
65.8302875905811
62.105454673134574
61.73900392529924
60.11379127931889
55.94332354004138
56.80290387403777
60.29954328038083
59.68553595030311
55.10936550340517
63.37606779497766
71.81257372874642
75.70970273932127
76.51323721384944
75.72524046821063
74.554693675663
73.42535535511983
72.02300927856938
69.95076288219872
66.37180360962113
60.007322456660866
49.830357546176494
49.67025077500856
62.80498650443755
70.24465358612456
73.34816365237305
73.07857874521086
69.92140698412774
63.59732785998612
57.21682514225389
64.87419311884332
70.17187483980028
72.01350818683
71.70958837839767
70.27611272972794
67.7181193959568
63.026484570004875
55.1240829059124
44.07580633837422
41.580170966131575
44.024930167894496
45.24975085162245
44.775957245291416
43.16980033220551
41.01215754002162
38.50145558439161
37.665228280521454
41.310152127319256
50.43377168056766
63.16881100866414
71.21159482555856
74.8318353358941
74.66848429248225
71.01472804114954
64.21708407338227
59.3623014486871
58.573073733479184
55.3737715002222
50.24073187976697
51.422354165518875
54.32509090907861
56.26961965282233
58.41502896194189
58.49742541553464
54.602934131993486
48.597953339705825
61.66254992676127
70.88722393874164
75.24422932737699
76.15843534411786
75.24818835831272
73.69999044707792
71.95262162720637
69.9172393307581
66.73172582731826
62.07335186906771
59.55193960534146
59.7877791325618
57.98305762274265
58.40296651240151
64.25809326339436
66.61955127139179
64.12404737943218
58.2505479206843
65.91763526154097
72.30705228500837
74.72259818255074
74.57063275760733
73.58912451909403
72.64690927317514
70.96792508612495
67.12152229201232
59.84721120018775
52.752916980489886
62.48615676010979
69.3356770643374
73.04677273354038
73.92951122868978
71.79700949343348
66.33167545113209
58.25378280068466
63.079228032617216
68.9807170349817
71.06985616497812
70.84541802507034
69.61438039466285
67.31340838389671
62.89250433947147
55.41649304950827
46.14400105592491
39.454268792117276
33.856120605044595
29.271778588992646
26.80647006320318
26.233457477050234
25.741811074543087
24.93528931410576
25.250445368810688
32.94788066620457
52.76970166542018
65.8377981732998
73.0266801759815
75.92150657279383
75.6641434549284
73.10454749660839
68.50460944839303
63.628928858761206
61.378919097132155
58.08084374702945
52.41993861653111
52.05403889986643
54.65698779405139
55.36535211830473
55.391862466253166
54.28545899543807
49.95536020032374
43.305467790852454
56.77025849025468
67.25591736845688
72.79341442290107
74.93866610657274
75.33164771789035
74.88333920521976
73.30417004253674
70.33765277761758
66.82988757960389
64.96648945462268
63.72820960060829
60.394042312109384
59.489304089082296
65.19751327352147
67.53149499292266
65.04540017444919
59.17443515297556
66.89614980928702
73.20982161323096
75.43918027029142
75.03464972994902
73.76809813521109
72.96885560846727
72.39642057099286
70.77584457684351
66.7700264726405
59.197475225909244
54.26555604377469
65.51223282634659
72.15274140803848
74.71454600174045
74.01568230427637
70.54726969092639
64.24979884993033
57.912690784997025
64.11370254674955
68.44444338143066
69.54984996854418
69.04885466902152
67.83234470373736
65.23599785381668
60.0907820887129
51.656212981468684
41.480052613855904
35.29768952131568
31.19910422702929
26.89637194258809
25.2441747859328
24.84645639760139
24.451557951559977
30.85872608535852
50.451707438135394
63.40825395807136
70.87857167350657
74.42704530687406
75.2724780419566
73.89791638197086
69.70093769561225
62.90722316096257
61.4338722331916
61.08746051554688
57.30020654350498
51.88888520444023
56.40538894886849
61.75646004022079
63.96783631532721
62.37503447391532
56.323944914808436
45.15410897384161
54.034667921491256
65.53967159467634
71.78078109217549
74.25603823863904
74.25913133522259
72.78776985689723
70.4059710884717
67.92215889190116
66.04809295486773
63.732871424669696
59.774682343617755
57.78328769854916
62.33254854693841
65.21095887391438
63.68014100366564
57.84225201911557
63.697895117633735
71.44678952588927
74.81468049431877
75.02941797949441
73.76212035907439
72.63668046689404
71.95576079307001
71.13278838162006
69.18316215627337
65.36796573084241
59.30988751385204
51.95315319769958
61.15718907600395
69.3836467214137
73.21202136736892
73.46793541403413
70.49959334811275
64.11591031622761
57.572383597530035
64.73029065483453
69.45466805325066
70.70195487026227
69.52848902922186
66.097396894616
59.67282825967249
49.39438697929869
40.75873109604927
43.68371459739842
45.892630213412914
47.26642179736726
47.61663354038678
46.461752245389874
44.03861976469098
40.661562415340306
36.94707871960429
37.32035639171719
47.470506886910364
58.554077857806675
66.69740326413894
70.98267605307731
71.84479475508786
70.04221812946652
65.99448289105702
60.10562636751432
60.55726546727242
64.67169478677849
65.96914235469913
64.42373758949101
60.992923051913166
57.03658332232101
52.875171745264865
48.10620909265481
41.9013076074917
34.68371329400169
43.30714604372738
52.55706297059605
59.23748350738572
62.69828631444264
62.67263044049649
59.71383389569205
55.58573477791296
52.23175005860632
47.94076757565864
40.47477802595608
29.181491428441078
25.129897077305074
25.703678643611756
25.68048938803553
40.49593646491691
55.562627646668986
65.08770499180449
70.2674394598757
72.52118653148304
73.21021098323475
73.28813744173424
72.97110942678779
72.3674906001974
71.80620064157252
71.18828856165509
70.00414046667532
67.94017680670859
65.42725055622141
62.46912447254274
57.91426245653345
50.70620340171857
45.17677637989653
48.52771694663403
53.181100576459116
58.40318220848779
60.73945224036905
59.384879948328965
55.127264672926046
54.84493157021038
57.37595988766505
56.18377950306089
50.42655338140321
52.588701135594036
65.22616723282403
72.69782973265689
76.16840833532993
76.68196739514173
75.3564344604584
73.57965014745295
72.23472575875103
71.34431304892536
70.74312595450572
69.9036697382281
67.95340765793543
65.65935347030542
65.20939685859224
67.36052735937743
68.48101830000476
66.84740840861818
62.195988087697316
54.28319586478932
43.186736218607294
51.15830640958918
64.22526872173961
71.85422038451803
75.43520681498481
76.13648947645477
75.36109242036736
73.97921123559299
71.27691494157278
66.29155732710865
58.87745463109198
51.788212349493975
55.74972546424996
65.77605155624755
71.31192147537418
73.11949007839223
72.16930591486906
69.63723627416826
66.79533000682676
64.01089435874037
60.27756643205152
54.378061391660815
45.156822480788676
36.06133572050719
40.21499546657232
44.41998028127599
47.224319000698365
48.367406296481114
47.365044114426354
45.21409372781225
43.82771781722212
42.67267866003752
39.85676327962841
35.39019831860604
32.78521151182629
46.56252750611627
59.27235632478394
68.30314913551617
73.83143473856134
76.43064994646065
76.75886257618231
75.29219308027103
72.69277522054266
69.7533562581212
65.71429457297269
60.283597419407684
62.77590745106137
67.25011731364725
68.236103989972
66.07243651067732
61.82153810142285
56.92844459833627
51.937154291616935
46.206437836621966
39.635288271781576
44.628413416132986
51.837367451893684
56.46935174865952
59.04142012151982
59.24954577842775
57.68827905596816
55.486814484586375
52.94912856551765
48.516409919007806
40.36340564668916
28.41304181580014
24.234095965705315
25.32106850262327
35.15074726453666
49.799778256546546
60.786252900685156
67.52298477643979
70.64780831625744
71.24648433118692
70.87409150018998
70.45930640989135
69.74073188594792
68.3643581783076
66.44090261015533
64.41848637190589
62.44218124541077
60.14086273990898
56.48218653198012
50.61002762385637
47.04135183392617
51.28381401109464
56.60780823373919
58.735160048034196
57.53053214499054
59.62595028749615
65.06773100638593
66.86402230917123
64.23531197179526
56.74367610841075
52.52508301866367
64.48396568187036
71.35381854019437
74.11392637588493
74.11962423222035
73.09757516061896
71.95429666323096
70.65783090712918
69.59305522023732
68.78629320813298
68.15195014461298
67.72151908731661
66.57054654074779
63.97832567014996
60.01359355747983
54.12531964882397
45.37958340459001
35.92190021010136
30.494558295560367
42.13149715154038
56.85032033248322
66.28244771961685
71.36021967560869
73.34124483285585
73.59412545128934
72.85050259983542
70.63504348108437
66.09326091659077
58.76369695116551
50.962548932376144
51.78772853564557
62.143830243464365
68.60198051444486
71.36996789101939
71.56504712244173
70.05779908791887
67.47567675315375
64.55364489377224
62.074542196217195
58.933752471612415
52.998073968519535
42.78691921315777
34.19247112617089
38.65972515265494
41.54251846568026
43.23822736442448
44.11087721876229
43.40461608497098
40.788419788456345
37.2337540725162
33.65794613859545
29.630261213378315
26.597710120912424
25.71299028581468
25.672104921059343
43.14511204992119
60.3201915144013
70.4260660741931
75.69439879087076
77.3990780686177
76.57055590520484
74.42056068844835
72.50132482500416
71.01166891575167
67.98877748507086
61.88990137059782
58.44633777754777
61.467209981552315
62.21222488235249
60.77604349667656
58.079344676712836
54.397945397750476
49.17394891481142
42.656965709377346
46.396144381080646
52.56041030681226
57.175642112901386
59.693431287575144
59.56722606846944
57.57941530661632
54.57966393106999
50.11367902305032
42.89985888532934
32.22611295212745
32.53222337114113
48.26856274938472
59.8577434666615
67.60356428514076
72.12139753102673
74.17388881165779
74.96951376626852
75.39491836388567
75.19654805058038
74.29339037815167
72.93479181993425
71.0251763242758
68.65126445904076
65.85283158437665
61.941344623166465
56.271351469402816
51.195544904405935
50.173744265586734
51.34712003467743
54.27484101084325
56.957103514939504
59.92750554817283
62.35668931901705
63.039212899684536
62.06282725015424
62.17545215707206
64.01384282358313
63.976547322200155
60.517623019296416
54.02174867797182
62.797974406751855
71.06400060276043
74.95288599245049
75.63195450160458
74.39148410432034
72.63753747339149
71.11811745235325
70.01620061966406
69.39720547439194
69.24574231821475
68.8790446787704
66.7873911665156
61.71052300033339
52.96069559365791
42.77461821991683
37.121204531834834
33.140086822859956
47.51948093045818
61.23569997124716
69.23254278467103
72.9089662326481
73.67863606932122
73.08143333258492
71.77879864546857
69.283544532604
64.926780512008
58.49768057416547
51.87902273218883
52.92893190677054
62.322596937317094
67.98842584068667
70.07960758607423
69.7952638767764
68.4285594334207
66.82641921081873
65.02272825049103
62.30649464679777
57.62111986446797
49.77303120784092
38.14945119860767
34.07451566978922
38.58714573299265
41.266680571506484
42.23665089370659
42.570337660856985
42.694117766133026
42.120324572551624
40.632134060140416
38.97883877061356
37.20338426925272
34.06433866667812
29.778638429218955
26.456780072018354
26.558854694863946
33.55178966819957
50.78649578105861
64.2840707198442
72.24117652666587
75.98554859055317
76.48323978168493
74.9625852854476
72.67275015784516
68.97401695962587
62.8813080302249
60.59888264980736
62.99044398548865
62.990525088772166
60.63463268313444
56.65210107913654
51.71184116826776
45.80989625979025
44.134449463046685
51.09645398193762
56.49235918486417
59.72971108943632
60.15457839800435
58.23500500587577
55.63743744096287
52.77428795263866
47.568392242213335
38.19963145895614
27.20449641020465
41.06517132096484
56.82166340936834
66.80061523994789
72.2211618044963
74.37535225365575
74.75412448551143
74.73711633263864
74.65867207305382
74.20674488243228
73.20413856720882
71.58168878250233
69.23199062460202
66.2201457591874
62.437112488014186
57.542617091838366
53.202983634439335
51.051813764483576
52.226210233449876
58.74086434246212
62.47820637621587
62.608836263963276
59.69832488983481
59.46024025068077
63.993063539839866
65.42557140382223
62.58267834170675
55.02989596006745
53.882220187428075
65.75811240793139
72.20455469290707
74.52432279661653
74.05559006292158
72.60874890546737
71.55962653124871
70.92663496175356
70.56857381284974
70.28782068379694
69.96591405753807
69.65224929938565
68.42888562373807
64.57519499059907
56.75492029050335
43.73794546045716
33.91959364922942
51.66128512362508
63.01671845720303
69.35444907372282
72.37990188396863
73.43151789025886
73.06205345645404
70.85499938138703
66.10026764911771
58.33822147239428
48.86396023024271
49.79228048915476
60.36561232868181
66.15592297293203
67.95539300952396
66.84654379018706
63.858110669105145
60.74977903041158
58.64007679017317
55.34125241920808
48.895281572661375
38.62432492571188
34.410552555966134
37.69582840659165
39.13717618283148
39.33697445906525
38.8653270113119
36.67741542037093
32.917234513218254
29.297761038286858
26.570300878952494
24.687124040841365
23.983626424133966
31.078281382233847
49.48195215810276
62.61798743498155
70.99692800431228
75.70556373740136
77.62813845482441
77.44844685381614
75.65589264065898
72.30578095404754
66.6863644313703
59.58228657168222
62.1588789603187
65.39301691292573
65.41268993833552
62.901296588537605
58.759249560211416
53.836190508123266
48.34147591769461
41.63508957841944
40.22065713963041
47.37333976204165
52.415435565169766
56.15161999512431
57.86757515252222
57.95461429526131
57.05215104329899
54.22724923131868
47.8336861715649
36.393965705342104
37.396746288055276
54.13567061336839
64.44778879535028
70.08878684181445
72.65286692122493
73.48682149421099
73.47423015512885
73.10790403428074
72.26673480213239
70.79048488541656
68.9578537436229
66.50602561730037
63.328498724712205
59.33876352927413
54.0255718731609
49.03317441706547
48.29854323637237
53.89002799018143
59.58509096056137
62.69699110978112
61.88855754290931
58.388263938936966
60.34620696562538
62.81525624322576
61.43680937945718
55.68531386654972
55.402452936687574
66.09708459204599
72.0030569427644
74.09389692352727
73.60373659911188
72.01835557655453
70.61933594218965
70.0454305498678
70.43237590903992
70.86001799939545
69.89703210009269
66.80562682007607
61.37306171554464
53.675581474615555
43.57797926185693
45.24090662119201
59.036750596331714
67.50319775093675
71.7964274398173
73.07917801346983
72.41273680769946
70.42860302733047
66.64385623032774
60.169732352281954
51.73058875991616
53.70314626395149
63.349071168701684
68.33183652509811
69.35842358476717
67.63903410891867
64.90280586899509
62.23982589171009
58.7835927162792
52.81228360918679
43.46367611433273
39.581993471205436
42.72702094529257
43.43749935647829
42.693995167532684
42.80943427087416
43.1438750186491
42.06352603356257
39.207349223213434
34.97381109489976
31.381095794246306
41.666354800887376
54.84098168250348
64.59721335776668
70.45957272469256
72.78785533881293
72.01468492320467
68.23667727170141
62.33199066238407
62.11791157445104
63.21659926677743
61.69001335506494
57.91478246301884
51.94140537582928
46.612423603107295
50.53245939944995
55.4567547467272
57.96043121930022
58.028996103235954
56.396677372114475
53.13569133374876
46.940145437283725
36.79893492194604
46.21444006840712
59.369176132312745
67.30814837999174
71.02665450600517
71.62395939059735
70.5404798784224
69.31397689925949
68.27333479900757
66.7779933549728
64.39545548211504
61.45665170630138
59.391178689059515
58.365073960513016
56.12477800446776
52.0800492768432
53.58092141702123
59.21972435146061
61.31644001159229
59.24234634157956
52.7736504119936
46.18642604336507
59.495344580712356
68.18792320778245
72.28755895059284
73.13048297420399
72.40602709012634
71.70539100642675
70.97837424275733
69.89524906790982
69.56515125135668
70.03123626964057
69.57122191288501
66.97744603051255
61.52771777891806
52.60126984026427
41.627175151301444
52.64670344730394
62.74044182519198
67.91935341363649
69.25871161237768
67.70050579109312
63.996132366059165
58.20193886707321
51.01220019998599
46.56268037053905
55.394278933636194
63.97794740482464
68.0825933583924
68.86473806945838
67.71715203674171
66.25076283481462
64.75422152519427
62.67661822290262
60.207944241837325
56.34557979751206
49.133683929808605
38.26422422035341
37.7508453836708
41.00349503361092
42.495482035979336
42.657797409126594
41.22480033685095
38.700330089915454
36.181948365464194
32.568402311832195
34.53083559369087
47.69323853667859
58.36948649293223
66.73281877965084
71.54012452922711
72.68668633402146
70.47492520855418
64.81232655412285
56.72770385775821
56.69488703075945
57.097723689150264
53.95068158507535
47.37598151553315
40.94230249544934
46.45004539205296
52.239487320996
55.68983503445236
58.42169192528864
60.45794957491195
60.215697632956775
56.422618920558676
48.13352017968579
40.43271505911626
56.07888056794336
66.29473476422645
71.73894164885853
73.57711729056928
72.97736387330363
71.35481638419341
69.63896271490528
68.03210581871619
66.6030280386289
65.66470269377119
64.87125014857548
63.23567796230421
60.475229407348856
58.83878845277409
59.704920838228624
59.25924515761036
56.62704533940225
57.02917296485441
61.57517701522643
63.04004613989072
60.06925577992071
52.416621233012705
57.745753508188656
67.61874182087404
72.72259809954817
74.45293371076141
74.19060793904988
73.1690018398208
72.12393965591731
71.52053688711861
71.19933838609175
70.8240887753152
69.7419062427661
67.2317322111263
62.46655898548383
54.48569121058994
42.89664589097167
49.29513205245519
61.684020458057375
68.82653526659186
71.97984881415918
72.23334321491679
70.52951113882051
66.88389963966533
60.60255476108894
53.65644097358148
61.3431791775553
67.84216362814257
70.16147343627493
69.52686444472857
67.78890824702843
65.7806982187053
62.72021150844505
57.82384894728252
49.884452381254874
38.34475968911263
35.45824890644664
39.335814043065525
41.91295403060798
42.55107544207846
41.244924823684165
38.88480304675048
35.570720460327465
30.923195736179633
27.223565768217046
39.66328633762524
53.245089666364464
63.380890365178615
70.5345156268008
74.44261123774388
75.54538409218742
74.27590837886098
70.47689078025695
65.09569854760147
63.844556890699735
63.47087763556341
60.86225676915446
56.17617710772248
49.801796604522565
44.048222766999324
48.75230576204742
55.80589746086954
59.7387549558249
60.84658134240512
59.98603228268025
56.52400126870408
49.47151587658222
40.50764466517979
54.03393430107855
65.44292810196772
71.64807051012772
74.01220889969773
73.99231467543922
73.11091128789522
71.78894342518592
69.55202839623101
66.38916800878153
63.127960679643934
60.93255664958722
59.2433560814731
56.46746421083502
55.32805418141653
60.843002661604885
65.30801697023465
65.37467826836517
60.64054443394922
52.264973016661145
61.65251910506687
69.77190191376093
73.5372981039329
73.92914729918921
72.16016401247947
70.0299377126177
68.93860503764958
68.63977211065705
68.2015801451666
66.68454084723531
63.05927258304219
56.4361643385828
46.27395938526686
36.11771618141338
49.85437107653519
62.36056279383334
69.68402201413716
73.02249490213993
73.148814784763
70.69103748343024
65.88703786899477
58.53876287200507
57.380169606851304
66.50010479999122
71.3737665789753
72.48941393883997
70.95275957407831
68.41378339482512
65.68477272000094
61.19398092604506
53.510029843966166
42.071263895229364
35.327538591050505
39.59879747867342
42.5194211609238
43.32762377644619
42.790184662811754
41.34807489424402
39.098896233037195
35.5118221785456
33.84489830935298
44.79452799443095
55.45405570672585
64.48804386768994
70.37204197171877
72.53213059054174
71.27917831098445
66.91161597218597
61.405782018584965
61.35227503245985
61.137820146663216
58.23903220815251
53.15494976779312
47.56860471617128
48.311403068961596
53.04043490290411
55.528363159401536
56.97442960803782
57.65945396292304
56.222999825252636
51.30490669632745
42.06224900096225
47.341159861759465
61.45054034127178
70.14696268117167
74.5301422316154
75.7721146573092
75.21912720967644
74.123608379397
72.72352748482247
70.40207111323127
66.7328248382304
61.76560812622432
57.392348148363574
55.51843492793821
53.301629942727935
50.89046243155332
53.29107558269066
59.12342359712211
61.93939869787172
60.281037820567576
53.83813292379948
55.30991008302226
65.30284838867168
70.46167826337057
71.90144675300105
71.01015581875232
69.76203051367378
69.13568191420139
68.61029318216716
67.32102361888083
64.41679586307936
58.97650556320854
50.0346006789266
47.25895435884006
59.09592411324176
66.39170444292978
69.89159649240996
70.76242230020776
69.48609407973086
65.80436201078831
59.30469146281058
51.992885525288955
60.35170167033877
67.74467385352735
70.99151379963378
71.22550516720463
69.51600202511925
66.21707323803588
60.59393484381691
51.30478673890035
37.455061486650976
35.04183934346187
38.90563496996291
41.335262655848055
42.06175202400423
41.640934736201615
40.44306410653388
38.48648408855868
35.00226876585007
30.0562615792012
36.89028040064038
53.416518926691545
65.46281271258997
72.85735115694698
76.41584717574897
76.98955919251768
75.72091836830386
73.52136270856994
69.89621973019868
64.71503704069315
62.31765348950864
61.86547250218527
59.99489267695219
56.610857817669775
51.517394319492624
48.09408521326319
53.72511974709192
57.040851586321146
56.294286895377354
52.05286281214854
45.793550736225015
45.333843211998925
58.837839885197035
68.1311605243483
73.18562684861053
75.23479322260401
75.54466429358597
74.76748803884978
73.22286348372779
71.50394927834766
69.65927815434225
67.39992064049262
64.38995197482309
61.06755231041146
58.34533978456121
55.44966355487289
53.387751124274644
59.163706314183216
63.14606649931743
62.690469699442424
57.5862416715833
52.89966561440889
63.09681438511632
69.57227282844671
72.41498198956917
72.75031182636744
71.84148129011943
70.82162597551437
70.14790954774745
70.00481851280139
69.66349959392224
67.6084564512482
62.85205689432939
54.79991245338479
43.706315528299946
47.858170273801974
60.05862712142107
67.58939107514897
71.04659668013457
71.05121179005894
67.97184267093303
61.85058648198176
56.490513501732465
63.0765065766495
67.65098444888537
68.84029167699946
67.33801352725847
64.00092539914452
58.972472783047756
50.94006394593377
44.10590185729703
47.00497070060727
48.70528208843682
49.55845511690789
49.42902264763247
47.49071386680015
43.90182381475553
38.607324282742866
37.08914280918008
51.625561800048416
64.33529836999588
72.29030268348691
75.97891968340205
75.90219387241311
72.26518369108929
65.47133196358503
59.87920286256533
57.04610753523085
52.13940577084301
53.63809354088514
58.110965815819675
59.37063693098318
57.44430390434619
52.50770755312764
51.85298942602809
63.8763179874936
71.30336958047379
74.38240287656433
74.43802080790934
73.00927499639614
70.68904626116306
67.15952578179598
62.02967400323292
58.210369810087414
61.62980244782864
62.690080424266306
59.27218717759771
61.05272861062046
68.59819307616758
72.13600172770013
72.40541967410732
70.78584521213523
68.96292998977727
67.73112801252277
66.62789006258579
64.37732374102558
59.892817024108844
58.036589866210655
64.6701374257968
68.79844375429421
69.55389494700236
67.20610245789042
63.78681926859544
66.55013322803325
70.20584536840826
71.14880934052013
69.90213706037936
66.85835024295103
61.25329719935148
52.26836138675839
43.12449851781898
39.5072553384674
44.26249064360751
55.289364785886555
63.84075336429226
68.7525398354975
69.81026998170057
67.07002274722147
61.030736114084554
54.77681671290681
51.58842030805528
49.09756583865186
48.538130889670256
48.358078473264456
45.947270416955064
50.92404835244565
59.907719051610606
64.61786714187096
66.15109694638042
66.60375202095702
66.38183788606094
64.12908969847295
60.65869182418769
63.03137098342036
65.09143107010561
63.224916072393576
63.85258553366932
69.45814206087802
71.64495843286638
71.13065770985473
70.38716543193915
70.40608436424493
69.58409703871004
66.47539010531926
60.08514144765968
50.016161643225594
42.636167541940296
53.25455761572144
62.27506296224294
67.4691218927652
69.43860964195812
68.43425474783922
64.53067650962748
58.94396677175556
61.33909386244901
68.11258228978083
71.92588345507076
72.86605425135515
71.52189103472422
68.19380666030523
63.11337829324826
56.29100749184441
46.64155897518907
37.90482410369362
53.85015159666642
65.99033879667908
73.33190667095853
76.74416064092432
77.04046504093722
74.78265475324466
69.94421582083432
63.06184390011251
59.7505924664098
57.47490094258502
52.349394997357194
46.4933700514952
50.09893511456231
53.85288139409282
53.59661710135295
49.003091457434714
47.343652183401346
59.5784080787861
67.33112090939198
71.04871614762587
72.09516116660956
71.98487896533449
71.53209105503838
70.07302807545898
66.56683053144302
61.28136717972864
62.65349002169764
65.19687644127171
63.46169433732676
63.85741892700639
70.42174454481636
73.8228491952252
74.23622506032532
72.95277085636508
71.7604052948339
71.02328747890813
69.3691927974145
65.42751943284709
58.330627531297694
57.41082022389072
66.43646110143665
70.94736647798695
71.40244650465442
68.42661741813383
65.94917514127064
70.16104094323148
73.17245678239584
73.57900017226544
71.51915065621856
66.85091101198408
59.29033527000155
48.650393778834726
36.52220350950489
29.456337723513887
37.92273990266011
52.779129699694955
64.08691440578082
70.72683542367757
73.09726871920316
71.59154212551685
66.85316278060448
61.102717116342276
56.83733149617567
53.61391867897308
56.60668763885417
59.25928761504811
58.11560953310702
55.128920251280505
62.85515901233897
69.12743521511698
71.56399006187785
71.41037969171495
70.0681936490377
68.77809560297395
68.14229357860414
66.97593712398589
63.61479064931207
60.574999554591585
62.97275933172541
62.679763504612694
57.90258271673818
58.97265576048511
66.65595824828407
70.44071089825813
71.1459278032662
70.28649147769868
69.71382582665163
69.40969070880371
67.92180442121656
64.11699307622095
58.92614630068631
65.33055056590156
71.09559688390262
72.66432183997345
70.27264840081621
63.97296773804463
62.02320211683564
68.5511364102105
71.89431564442879
71.97675602929088
68.96886973635014
62.721652181217934
52.69371403022839
45.18168312449187
47.76767666928302
49.35204343047669
49.84533671114452
48.81167165688463
45.78605005827248
40.8610003457789
46.98888764072393
60.5728456652999
69.01401430646953
73.27942909889768
73.99645869542798
71.43890588026764
66.11060694115962
62.083977177226316
60.63123066400014
56.5503225660424
51.783980081890626
53.525264834670665
54.47700984979907
52.42359232851955
53.25722024367357
64.43724322476143
71.11179834076475
73.79841570674039
73.85305491084013
72.71466389326551
70.75480461280888
67.09346439935155
61.93604309149649
63.401687921336
65.71916317617765
63.635265362933104
57.67041267274635
63.03142106639398
69.32880782532546
71.93289170188884
72.34212502617106
71.92289592684264
71.42389959731828
70.70116996299463
68.5603501064327
63.6809253074577
58.38934650715049
65.86937466665464
71.12025299642653
72.46129922186522
70.55353145740978
65.76968977502973
61.85731790930558
67.95937076081123
71.75575252801197
72.32861448053467
70.54463927041114
67.28427695162269
62.74757260928474
56.30355387551865
46.845836453964004
34.419194953028914
46.01143690872534
58.258594076818255
66.61203479566086
72.13273250486301
74.52391914338736
73.8331537223277
70.4631154151656
64.50262877602202
59.002253475466745
58.822185700789404
56.55665812153757
51.34464306444923
48.723668550582104
52.48775821739485
53.88336552321044
51.05577040612733
44.547778371514
51.586432854894824
60.238103715072846
64.72780264230353
65.77617713865104
65.22100988247941
64.91634805485701
64.10381639667877
61.68699473118622
59.45330825326959
62.02505007691764
63.08797661448697
59.78056092377895
58.50175267094773
67.08552681887127
71.47668991409115
72.28865727736091
71.1676508260999
69.56744042544374
67.15157353271434
62.56524807041188
58.65438256538022
65.3513533510272
69.58620926279365
69.97442538392723
66.91085259200455
60.784558858173426
60.15736553883119
66.10195827781584
69.41114899322133
69.79258011534793
66.78409865610966
59.840746894935805
49.1822781554087
47.01348440938931
48.77372722723891
48.58327961039129
46.73736875638909
43.66968320856224
39.82016389327201
42.821507577309276
51.385992475879554
58.02679715708419
64.97265974159319
69.52070001797077
70.62835698186834
68.15848148107361
62.57695823064346
59.509584172599794
59.89368257511315
58.14777906749627
53.87298656628402
47.354304187717375
45.796546127603605
50.297365190351
54.616211985691905
56.01503484692845
53.42082967897815
46.71584568326213
49.784287919208154
61.11712807403129
68.07203425006927
71.28006899987658
71.80453498615081
70.78420330997379
68.68366004545987
65.59767403055014
62.83253492779529
61.659519394802714
59.486607393478266
55.64115548694857
58.64489620189321
62.60234939684552
62.34320869935797
57.43780197537255
50.12954066253116
60.312193241890824
67.7577240948535
71.26690195526089
71.83720648604557
70.40634977199066
68.52345263723348
67.01848142784301
65.19545961943616
62.087275530223245
56.44572632300752
47.068373673872756
48.38954580259561
58.89549913441048
64.6985952472781
66.7819662295627
66.09843985923772
63.089570909647776
57.09369769343394
51.500555652544115
62.96247803792661
70.63878626048442
73.87906052617322
73.67772250300581
71.01439677102083
66.33909126068319
58.858377924416004
48.117387998556936
46.17107605995018
47.46960231572784
47.348873406080195
46.30509255986185
44.92034886302097
43.963904090714095
42.72094737824541
39.78943322863161
36.79895529237956
43.048554233547875
52.8422389221116
61.2151047485499
65.89920393841727
66.84353543606386
64.25827657552425
58.70209652329787
55.14124486242277
54.46547767800452
51.4846941419313
46.769834386502694
52.428652734502265
58.20057305382442
59.830680992203725
57.69620122790366
52.120686823841105
52.457402128802
63.14808228895129
69.66412817241533
72.4504811818406
72.77525459387371
71.65267977181617
69.27789438525998
65.90117561369883
61.86111384770619
57.54822938066468
59.76489528035687
64.13596409030959
64.61859144837695
60.7330255009941
53.86943617655724
61.273966372034685
67.74521452043966
70.34024407825464
70.44414072437166
69.76552291305536
69.20082947933607
68.43860430672227
66.8077042751921
63.06128531317295
55.9630894123581
45.91459069601413
53.023217860675416
60.5788843211477
63.82859616896145
63.43833491724115
59.911078224543395
53.908980625022494
58.20657109293268
66.37800724626017
69.90938031238687
69.45948226052289
65.5680301265055
58.851024777073576
49.9600375664684
39.59764844867431
30.469361652919723
30.05651667706519
34.06812051936398
35.5452982090418
35.03172197047079
32.89409541276665
32.511561335621295
38.89921680456641
44.886683058686074
50.35953925272305
55.79065109680509
60.29430046126052
62.30748507489352
61.50046097776658
59.50708742838927
57.82874172441767
54.959018090842626
52.349828417691164
55.389175212548
57.646998034781696
56.069238814665916
51.195774230344256
56.48499649294404
64.03261404885409
68.0731446854696
69.22641136675233
69.19005058011646
69.09236039422862
68.3020743689427
65.97735808281337
61.36263592547977
56.00724334780096
59.842191951267836
64.34796896356605
65.22474630060502
62.12672558868702
55.12037416941319
60.56923744363444
67.93211783358628
71.09542449911439
71.32395765333807
70.25816357428711
69.4436173952047
68.93448406490488
67.934564210994
66.27313430493064
63.08152019891391
56.824300502854506
54.01033753748806
62.78075490226453
68.09742521406925
69.88974862839758
68.28408177236288
63.03304058450996
55.09280782490677
61.65338346742953
68.17523395692727
70.54291410261723
70.03750972225792
67.28862540039197
61.705714610460774
52.49650597429334
41.66992477451465
43.26098928524634
46.47568016348547
47.82483806407595
47.68335680459293
46.05185269407616
42.81693874601519
38.51887022310272
37.01068400899005
48.477926384187654
57.49066063748528
64.99511098480556
70.33791164796998
71.8398280404092
69.30333963372645
63.646322635680335
59.449977549179195
56.717601593301325
52.438463545369586
53.34045445957056
56.6884316455221
56.78844490846863
53.070400360869606
50.56664197602319
59.35317344485344
66.18137067882114
69.7652734600039
70.92763245884677
70.95599253688805
70.47909254567044
69.46155661489576
67.72471724664194
65.131014394007
61.09719539995772
56.36935167382417
58.23408009039558
59.53438413276668
56.323701657174
48.98904459396395
57.31321573750166
65.94527884591629
70.32193416588545
71.76717489294077
71.28724312893438
69.78657183006591
68.40325235952713
67.9603867568059
67.24043901488855
64.60397174776713
59.60483932517349
53.30077995092089
60.88084063734128
68.63928574583787
72.05620932873634
71.7233246165978
67.85989958521854
60.670131442897556
60.85430289019153
66.38615202998375
68.12038882144532
66.48277321239168
61.94156760775382
54.75699575043428
44.759574642316466
37.95933660787877
42.25393834510623
44.93280604588976
45.432969099716814
44.42491402394634
43.18904489750028
41.58539945655869
37.91097408422986
37.18994372807554
48.32352334926605
57.94632491280777
66.25268163779305
71.27680268554033
72.62163140167982
70.32458359210264
64.46405189603334
58.141349941634815
57.09512172082366
55.11280515316628
50.65573566114686
49.84141017196501
56.07500578638345
59.34603924938061
58.702206064949365
54.13161644741915
54.002943749805894
62.83863121540718
68.04400746195432
70.2704446578281
70.56811893345854
69.52356015508609
67.42912661526972
64.21185059941061
59.860267301156355
54.644345360770465
52.6268292673128
57.203110197988714
58.69675525092344
55.68670106972401
48.94952464972063
58.00686426844677
66.55674631097051
70.5402423966295
71.26637036654842
70.10857152194672
68.69081043245475
67.9538393794911
67.2196072089188
65.1723331098352
60.822648346729
54.72020295061494
60.84430061564543
67.73655100260552
70.65850532061852
70.16699950437265
66.41804632744866
59.18685877093597
57.14833632884728
65.14710988023543
68.58614560500568
68.06945104306193
64.651162094682
60.22212943783142
56.81808184758674
51.665155715804396
41.87544794050142
34.81607907733513
38.669729813130296
40.987793496366564
41.475443117944835
39.70794547366986
35.413643252784006
38.46548087358385
51.277944954363946
60.23155991178648
66.89048553586736
70.74414209177252
71.3844933230411
68.76624877423018
63.29155050730117
58.39262381334117
55.085462121213794
49.85493801653418
49.90291342845534
55.79887845423575
58.11417523734781
56.48309082404403
50.70235388045504
46.08208483605129
57.71855570865557
65.76025234242994
69.91244811321734
71.11012809513485
70.43352273357941
68.88232967932838
67.03672009112654
65.01750592126585
62.2925283192595
58.021280556256755
55.717595624966805
61.575494646307824
64.65542359876118
63.28823296797337
57.22485445658105
55.11259742657071
64.49732926431437
69.53111460226508
71.04033450745347
70.36469307734707
69.0928474355278
67.70487112129081
65.39653227634761
62.22183644335196
58.00174486879979
51.65323318183446
57.19559944328064
65.56421691902288
69.3410980034576
69.2800743499241
65.75698552083614
58.610016600433845
55.80463835534196
63.045379524770944
66.45415192446303
66.61066506971322
64.73148564366069
61.65995375224782
57.06310829181486
49.97071649094085
40.77630355806675
32.806765722039486
27.363711038101705
25.67135930603944
25.067610301655144
24.310808304445555
24.36193359862623
36.20387214661527
49.1860736937829
58.61628566956412
65.24136575813199
69.14534440037798
70.39112076904414
68.81903710529991
64.16740617652626
57.62637247989205
55.83917049426883
54.681781596129085
50.67141843128142
46.129641228447625
49.34243492050905
52.13664739246377
50.83843939381684
45.30969058738344
44.08883367190945
53.36927077937629
60.035445430154994
64.12930874056349
65.74018266685913
65.22664876502336
63.001654246745716
61.32389917777835
61.09821708762266
59.662667936686276
56.03863442165647
54.32506398280982
57.015469982191654
56.58848254071309
51.36164301107495
45.74572386572644
56.52910925936753
63.18857478754623
65.8382073332185
65.87926474921528
64.85101358814478
64.33466331610093
64.47761845854453
64.56070003048173
63.260044871839376
59.0049301125797
51.14768323914479
55.01761852344582
63.23628181966298
66.55953534454126
65.96227439338331
62.20954944965026
55.580548316794946
46.460054827846136
45.575834929361235
53.89149707387544
60.450471444715326
63.26753152424218
62.685701501912696
58.61019290587467
50.174007946885524
40.45178234758278
41.98443695972006
44.70632118002369
45.77798800598031
45.6219076163594
44.70243419371877
42.72948874230711
39.38234919076895
35.08274427033275
29.883227999712595
30.352756901646867
43.78037395812085
54.125101066954485
62.5134374017501
68.22626200262943
70.95817071568983
71.03275271421009
69.15121807328994
65.89593111620859
60.948168447429005
57.759482445847546
59.45475863698408
59.20756163720384
56.447654892728934
52.399482666009185
47.518356794912336
43.675638410629006
48.630490919038785
54.068883284612625
57.27503014291805
57.19923959198451
53.61416828468421
46.57910443473379
36.35610311622187
41.1987635329987
51.09031831092045
58.31726270133003
64.0364557471562
67.02375914589673
67.57936329845396
67.33533176807757
67.08130280833576
66.30504003899299
64.65004250387031
62.32550523812772
59.94622022958641
58.45786552538478
58.60563473089175
58.89736976960309
57.56697000514458
53.58820611624711
50.136977066627
56.12557436463572
60.25011246562565
60.09035203199496
55.65274985153779
46.657319972633715
34.63668699412293
46.48524310777907
59.8897801998621
67.43861376795083
70.82046065421024
71.29126625210888
70.13088661593133
68.68127075579233
67.7360576290441
67.15442002801305
66.57484494038273
66.0885538735821
64.67308154855984
60.714933630617615
53.35541318243001
46.07187052389786
58.99669998932495
67.63903404372694
71.55256438814428
71.83739096630846
69.7276040975604
66.2686061941215
60.81514540681627
52.59653799209317
45.83391439169364
55.53556885331587
63.56309929416084
66.75378705581457
66.43528656678586
64.21474026376738
60.497224947841694
53.990046764271504
44.21602096242274
37.86967976522373
36.49982546526523
35.456154995636126
33.65882498116535
32.32211875630136
31.078573979880666
31.036212249624477
31.34245134292172
29.71126013111283
28.234300286748848
27.956723565386778
28.90729550681379
31.042585804031
30.587099101291273
27.764757069789304
27.259235728435076
28.871852511040196
31.910052803685023
36.515855746403524
39.71063515089834
41.25209869695787
41.98624452884518
42.292087602280546
45.5078127352494
53.17841742976513
58.33773991717721
60.354981115600694
60.373832299442974
60.00294343579648
59.36079190432174
57.20972223104628
53.42236220173191
49.227525395146294
48.3347898873276
53.974448451278114
58.03765144169716
59.00768533970937
58.22759327975874
57.00077312325192
54.01418020033689
47.473339006982556
36.16164045026036
41.14218017907419
56.34000786989765
65.44970535565652
69.4621452408895
69.72504228502474
68.84016816011504
68.80882947144892
68.2109207224209
66.64904878601207
64.62201064372476
62.0906321294689
59.82371353245128
59.8324442817723
59.500449720048564
56.84635433692482
53.12814794543822
53.7474228962856
59.21710200279919
62.429557086574725
61.60791074064321
56.30206601087818
45.634568666927784
36.85463473284405
53.48816846542381
63.78027702584671
68.85012580464712
69.95724591119638
68.50646703297781
66.55885009659809
65.48643692080071
64.76597650502974
63.346932934753404
60.41671559274016
54.9299023414596
47.07857128755463
55.83288738121056
64.72982231963981
69.24027908613704
70.52082349926235
69.77456596216756
67.49388122898871
62.99057156436889
55.825062968770204
49.422013765204404
57.34504499812879
66.76003804383808
71.83504364547724
73.53922109546467
72.68654198622451
69.97016415820609
66.57689341319423
63.07541417417001
57.55165075740993
48.076793926287195
38.86897319516209
44.38523646890525
47.492928982874744
48.10259382526431
48.40006456338875
48.46377366824414
47.63851006083681
46.25536468238571
44.243882359089255
41.48522656039183
37.635985300464945
33.15795983594484
43.17421576576508
54.516208015018975
62.39819944549504
67.86953053968064
71.36592593425155
72.78720087824235
72.17497334633754
70.088097054624
66.91513279882963
62.211585944689475
56.63801417882243
57.709118878641775
60.19749109549369
59.864610234726555
57.37785730354692
53.82157145402678
49.06385134991275
45.679344850556554
52.71730572940576
57.62830977967638
59.070542429994774
57.54604068034982
52.962750731182496
44.56184543847441
37.26114256121656
49.30288890394542
58.540986979867526
63.665413903804755
65.91357434705348
67.06030345900325
67.67975501192262
67.36337002989642
65.94808449218006
63.48136312648122
59.813321179384424
55.24628636699188
54.97111178697497
56.44101731053297
55.09136951078227
50.91309017076472
47.678577465701075
52.56744794218503
57.74569913078997
58.667347241664174
55.04816960319897
46.38931238212517
38.367215305821105
52.94725653046552
62.68799104555339
68.04198504351982
70.0459423117357
69.19922976285986
66.9960745915181
66.12932009099416
66.21510388072221
65.62094585324097
63.172039596462504
58.00052119358399
49.502722538205965
40.92435612420907
50.525716847791806
59.71921140591662
65.48725037839199
68.15873673489119
68.65720391931984
68.02528243821014
66.04172485673898
61.76620867559758
54.80508191621982
47.796792810040415
53.57430939882549
63.565898526163764
68.91291875724025
70.77809935003268
70.3766541628776
68.40110460118994
64.8156471378525
59.41707927618087
51.4815371044649
40.589789992258474
40.09174974063239
44.35366034819659
46.179398565451805
45.94257251258492
45.32165469667198
45.406189401569506
45.08739086234914
43.01124368718924
38.97425128513494
33.57456769608308
28.207805477486737
25.41505220923486
25.248603891994247
41.38464698687952
56.07961107511973
65.47458113163803
70.89024630518496
73.27400757958726
73.60141751548908
72.70301733742369
71.07314857622714
69.02871974847214
66.1483869072754
61.31170628293282
56.406135666502124
56.96294310870616
57.046669178831976
55.308231508834346
53.033982065992696
50.65853248242591
47.44468799117313
47.5967540805724
54.21598550079365
58.76900010209244
60.750063955654234
61.012424152177815
59.525312273294226
55.32576737602935
47.217018716057986
41.923105494441074
54.11361939484644
62.551316196744715
66.91199224949165
68.30203189767282
68.14629646707995
68.01201031973916
67.82770170054411
66.54666311161292
64.38577695304048
61.65478966289843
58.32119093768889
54.559549450761565
51.51331340295645
54.121643767820146
56.26548423442573
55.33272700317071
56.666574743967395
62.327630008146365
65.23937464084509
64.42561202856781
59.575246712644166
50.75800254048674
57.992863721016576
66.60332774017421
70.79711352962454
71.69269633245905
70.48137517814907
68.99252325170704
67.61614419110663
66.19127234773275
65.59173324882546
65.45800002448294
64.17741161942659
60.966982943026935
55.83930668630511
48.23275442779
39.67400944228598
51.503283563706674
61.27761442387437
66.17886683025637
67.68790345804507
67.42725819427082
66.03283583771707
62.93543071713856
57.441763846855125
51.873316222374456
61.565034456621106
68.97970006537926
72.47405078454841
73.05790966716242
71.4569792798455
68.52258767482424
65.1336428661233
60.46951365888561
52.8147465524366
40.920525246304955
33.77990597340242
38.47321952208135
41.434149321668826
42.75959834577593
42.86724580055308
41.7309698606266
40.952800214693255
40.664502358266965
38.57923201170177
34.65472878043615
30.347873029813883
26.17451768159496
29.783580685009753
44.4401947182806
55.25207050596063
63.58255885305282
69.44929118431344
72.66745770529889
73.69202382169587
73.08263256885421
71.09742016279688
67.65849688518355
61.929328787247904
54.73181111334753
56.332855812486756
58.05457959807417
56.5827167583188
52.856564212592126
49.14956287269587
45.34740186724565
42.61024086372864
47.729546396184205
53.679401795727316
57.72121181052303
58.580169307601935
56.13650273850542
50.12682487462232
39.737780824304785
41.80786335380336
55.62540392817869
65.30732067047856
70.63687506674434
72.5208929722102
72.1925564753895
70.95397252178526
69.54070874735979
68.05781504143448
66.0008789777406
62.61756253869018
58.66881511932752
58.80553897900995
59.45597711798207
57.37727867333681
54.41079653839143
56.27281369572611
61.41669896279339
63.161881081953204
60.29465568238014
52.359249828787156
38.96096205991429
49.473233506246615
61.89547428505732
68.69481576410662
71.48617484711123
71.50306919544137
69.9770684583745
67.99359424972045
66.48900751404935
65.87705403255379
65.6306540947732
64.59534209101693
61.427656237368566
55.31565712879982
46.08041698072627
53.00011634436249
64.01205497109322
70.14762100907059
72.70927138889664
72.84063461322495
71.14195684226876
66.98307607721097
59.78034449373014
61.83278522192025
68.85116346021863
72.0451940168173
72.52465307818498
71.40474062786369
69.1881037061411
65.79162076339964
60.76713435513404
53.265898828953404
42.051400532696526
34.68242891484722
39.786638907851795
43.17557976492073
44.27367990171484
44.16712262261336
42.87990145603587
39.87366367878886
35.38020826024632
30.07174434653329
39.84543170373614
51.92035603840205
61.2822676580017
68.13302508028994
72.12203452477966
73.34794725798246
72.35867812086599
69.51624042464428
64.32025041825679
56.73298027140892
56.445240873655884
58.856137864309574
58.19861175639794
55.14045413222648
50.53127641980442
44.86812543620473
47.64944476118114
54.16662654002667
57.89321456462487
57.784664563015966
53.58939874824525
45.173685888552114
49.69892033309671
60.772356165193884
67.41390420480965
70.22997169532826
70.29778701057406
68.81563731434011
66.7262049951859
64.64934503356885
63.697131863006575
63.41410262007307
61.21363145124843
56.94039850757645
59.71428785454894
64.43071031250219
64.93110911874
60.84326161257736
51.98906634935983
57.50094465597154
66.31287891655627
70.69684792230513
71.94002164286916
71.21016193288527
69.83437985799685
68.93843543325068
68.50172429450186
67.57302438126365
65.13551314250907
60.1769550411793
56.23298835076312
64.51195648150373
70.0321916821876
72.1544181724044
71.5196871417219
68.42388101512734
62.72632174083387
60.27857808103648
66.63825265388289
70.19799171615381
70.6254816992437
68.1672915345248
63.01148861361189
55.360594463572504
45.06610134703041
34.32040337868913
33.29970738448181
37.126345307427755
39.391423520528164
39.01176501406706
36.22786890044057
31.428638483914746
33.79466145269206
50.19134172765536
62.438514916960656
70.27622896047895
74.3140446611534
75.08143337474624
73.28173442796765
69.50809915959017
63.87681856383256
59.8368818378339
58.67540893501481
55.702533975715355
50.76776777979437
49.494830259727536
54.353578948743916
56.47454581078475
55.13350148490453
50.15176263709539
41.25120374972134
45.985284629034204
57.543947422680034
65.33961803967654
69.44123835648477
70.68421596067823
69.70400005407865
67.31971697859956
64.86019775524241
62.15605561541026
60.13112339587205
59.10943959917763
56.422841394627945
51.82914757970047
54.22616611392412
60.98488921280093
63.89267431896229
62.51993427010834
56.67411810073468
56.13340895564329
65.19370364614103
69.83312774680303
71.02165623459017
70.08172744806167
68.76249103829228
68.18058472435159
67.26050743447016
64.8083433686867
60.15014493667982
53.49514176474372
59.406416135542884
66.78201288245306
70.25740493076243
70.65316408466154
68.19676816890632
62.493245644578785
58.66285180796012
65.65586235367404
69.81931755286611
70.59119745806609
68.77309176560647
65.3090754071479
60.60949339424603
53.927018117916006
44.12341064482916
37.777105818511444
41.80422138821099
43.74508030267669
43.119117515824485
40.749094877713965
37.33989789430545
32.89249083138559
30.86106612348853
44.57585085082992
57.57959682961429
66.48306658320081
71.63683183734801
73.74555493003027
73.6263411263151
71.63388629438319
67.26565818391323
61.36897963430788
59.48729128981968
58.53425645376607
55.10236774063281
49.65541008107624
51.94647972566396
56.841109799798
58.123141438887785
55.677054250977335
49.42762852831155
51.9506479504173
61.7831954171872
67.41735035504814
69.18939619561422
67.94726366386176
65.3080349322831
63.23907634803386
62.119549287028626
61.08423731810493
58.81498252774011
54.73869470896008
55.7837183797357
61.30062925585829
63.60001630177189
62.05340733369418
56.31452477116838
52.312399307040096
62.72852497651784
68.8820381408698
71.30958239896219
71.32747388850511
70.2401154142086
69.14375054223964
68.04410440960636
66.02772766398847
62.23218644193843
56.45087866798594
59.15226867005878
65.53856732244056
68.62663917725878
68.76309779447807
66.18523230894189
60.585030659615526
56.74295392446692
63.85337526501753
68.46962777928653
69.65554704441252
67.79916028959363
63.72343051287135
57.90013210604737
49.227630360956994
38.36592818501057
39.09907883288839
41.78059403029313
42.50376129355969
42.01354410144429
40.86745874011279
38.59373082858691
34.842579702711916
30.553835128173958
38.70040691054569
50.55283267244669
60.159427594926065
67.3723874643513
71.55157977747746
73.01763106620439
72.19627878946128
69.04563642101806
63.232544316709905
58.78724528111569
57.99141129102043
55.22000281175395
50.026798361867094
49.97731425328694
55.43928972569066
57.46470638330948
55.39399352973611
48.87061702686569
44.8673566754364
57.095594288851274
64.83810084536033
69.15199320990338
71.2274520876551
71.3675570641775
69.53017342037909
65.89168938216245
61.98310191821787
59.70788875933038
57.32218490339578
52.91430031118462
50.539646564477
56.91325871020013
60.1294652883223
58.48490286436089
51.8455972093592
55.61399810481198
64.55158356647628
68.62459795183551
69.02698450698877
67.43246308918171
66.01338346810036
64.62030545993929
61.90215859742581
57.106507420450036
51.20706970330352
59.45275542692514
66.87869431770959
70.48710240170985
70.81649905108917
68.09565541720065
62.232557812997975
55.50581314592269
62.813775822696826
68.42015671922704
70.42012360006683
69.89527319815065
67.60017181756138
63.71167405041152
57.908259228834716
49.08813655265901
38.22372331485583
39.73812720376437
41.705502151656184
41.463467272577546
39.80475068005825
36.697615434288956
32.46697336887334
27.99842658759789
32.20460792063032
45.82199948319915
54.07413945533741
59.83965127095353
64.44390955565196
67.52541759854071
68.5248013074105
66.51064641214052
61.18475430883436
57.836273287957184
58.73891190157475
57.166255918009206
52.435782399662244
48.843242186561326
52.30140317767044
54.03117209555948
51.76619541307269
44.986757950936166
41.380273310738204
53.74407224530402
61.92860876741098
66.55289242937197
68.74099107729678
69.25976217550823
68.63360250890044
67.2092971965239
65.32826936380296
63.638388818989604
61.98610829006892
58.93139149190982
57.55914390381891
61.66446939854402
62.622305349425275
58.85128362922551
53.47573308145006
62.547846868035045
68.768367955398
71.1402895827561
70.71068686665727
68.9395216239651
67.32608802534476
65.66263510620604
62.17044123945138
56.98434060309644
62.22467159750009
68.2106346327742
70.6452466402222
70.07730620114599
66.81103403257932
60.73896043331889
59.00155815871888
66.01831834857484
69.66471808796308
70.05118235621885
67.62803907002926
62.41569576016575
53.796506630873026
43.64293568770776
45.59063342040354
48.67553417824866
49.37985672866802
47.80447695373134
44.88212559181075
40.89464241206517
39.5864875616862
52.65347216329533
63.1830727689993
70.5483926938713
74.83231009761448
75.96107119393935
74.01058644875705
69.66944658036985
65.81995920030549
62.606142330164836
57.52411639055305
58.73364474008544
61.68934389898194
60.833183130043935
56.684020921624814
62.19606485970078
69.27062665009464
72.25237407397066
72.45906889962879
71.71432425264601
70.77179073540341
68.69284805156202
65.16420452486896
65.3060877462026
66.7096236371235
64.55201419513065
67.18321417613618
72.37301026443753
74.13662609305524
73.68477412629281
72.48099382580288
71.02314177738342
68.8208983484183
64.49411220262364
61.248787156750964
66.90531554703949
70.00422705333011
69.33049511384886
65.53569139427086
66.18140256084
70.9233550980483
73.14279581772645
72.54263262277966
68.81779781930435
61.282965547880224
48.78849392068872
34.67259541313521
31.64968993619333
29.599050866699706
43.526662714489284
58.342675482504774
67.80917274050057
72.7156525586257
73.82022834835374
71.65460948975786
67.13163588171474
62.97609737154964
59.47469195808988
55.86341929079629
58.189987090607445
59.0794214520649
56.04722631414511
59.946388073381726
67.45482140552082
70.74492264138841
71.0642641902227
70.08429166438073
68.57343554030065
65.99705392921212
61.68553986005472
57.11654801925594
59.75812089130302
61.20356730165089
57.91093423208579
59.14716696128778
67.25744131933024
71.1121507824492
71.75928521258197
71.13119759517628
70.22041398131574
67.94283585464552
63.42906173068592
62.95908750427971
67.26784905765796
68.49201767549528
66.22237334241129
60.60678267789416
61.044122712242164
67.50892751471189
70.37651973993695
70.24000334064195
67.76571052584734
63.07941892269852
55.617713710521855
44.140040116341375
29.811320513733218
28.12165816486571
37.854912004698974
51.03863213987837
60.12185126900471
65.34654190719468
66.88975893367834
64.80926715133167
60.72414467643016
59.721501896043264
58.82172592563985
55.332341373871984
52.78711963438872
51.9449052506549
50.08353534133545
58.3035244406114
65.10405278520715
68.12036557155787
68.78670776758821
68.21599214640482
66.94775347065358
65.48480977123843
62.82275169626092
59.512398405173286
62.74498668858217
66.46318914694133
66.54349156282952
62.81705424695416
63.650475671690245
68.89618203474457
70.74817100859463
69.94620486628716
68.17582923593903
66.49894686672485
64.58803914592193
60.814499540257536
57.22364984750196
65.0121452496274
70.36097124672865
71.7074838629955
69.30726802666396
63.60188771612905
64.64702559469
69.2772926664672
70.87226090279236
70.03010571166561
67.50096370292854
63.54992712108589
57.78065728835286
49.15734706319274
37.25878050039201
49.22807650950975
61.551380671696876
69.03541210902225
72.60933469341626
72.66291472184395
69.38716648600192
63.940612178962695
60.81361505230696
59.399977674372984
56.16831609368349
54.93023701719296
58.716761868598894
59.32262450615448
55.560768495494834
51.73725616428663
60.875600046118315
66.85550497955211
69.22359950208558
69.41439358387663
68.77307668655529
67.49035403452939
65.22892762857222
61.39701189985229
61.808349685789
65.32590732349658
64.64597950766807
60.26902044606445
64.22679722902682
68.9198154658193
69.80411702630133
67.81275190220407
64.62633705502427
61.899957198875306
59.116293601090135
60.44686548048333
65.74065069115852
68.47065236637829
67.81413518203989
63.6110053141507
60.225869556659426
66.64018043889034
70.72362028502892
71.57354754441582
69.621036021658
65.16780905606001
58.18541113336689
48.00781589364757
41.22854329524724
41.776735745248956
39.83815649188159
42.82718586454741
54.495998734683724
62.73526042152604
67.69631706208597
69.14476947999263
67.35351144535662
64.44348106336783
62.904135156761896
60.16362535244184
56.18303623550196
60.51861131542286
63.58565870248121
62.249302797236936
57.0531107828863
60.79092774647586
66.91871626184012
69.13734708911873
68.43839529678469
66.2178547889116
63.586722595045735
60.55199470464004
56.602733513433385
57.254553287447756
62.72092942611476
64.2630368382301
61.218293455192
59.41577116062209
66.43054664997928
69.57506916590874
68.95024517355691
66.1365541145872
63.650522634540806
62.07853571187847
59.89060702444079
57.54199571133013
60.53635926007925
65.9810586760711
68.98072366365172
68.67566424956432
64.74219677655438
60.97520311974978
67.57280518629747
71.7532137325571
72.56296098571964
70.55637527396019
65.86946033029858
57.932557665645916
47.02293389364846
47.142033046397714
49.90181866277611
50.35167180959003
48.88646972459132
46.42968045747436
43.71381858884443
49.95953361562056
58.91164073833923
65.519216310867
68.65434659073173
68.14007947061222
64.57567589900275
61.59498176394344
61.29501439874826
59.233552923886485
57.288349706211235
60.64954013792482
62.108329079662155
59.776412149606024
59.83515835954843
67.53894404550263
71.55307921971847
72.48302297326984
71.95118971889548
70.60553657999552
67.45988307243894
62.23890682687617
62.79094555660172
65.00036583528573
62.6498541815988
60.82670810217269
67.99004081243345
71.76979439211178
72.45300939507416
72.17017436789155
72.48339830818968
72.44931687331676
70.68012629374722
66.10460531680259
59.917905277643904
65.73755394583773
70.60360542878298
71.57990623153425
69.08956681170618
63.38345384440907
63.11198561229232
68.54717591537747
70.79959622243078
70.05909363612084
66.82203311381747
60.9586289795568
51.392836252102626
43.213537703730665
45.0754924892688
44.81453738612629
42.05276963229161
39.50954544044208
48.712733729675705
57.63711596025638
64.16672924165778
67.41732878175945
67.33297336183847
64.58302379793496
61.10461488019912
58.141326570082505
53.88977577465304
53.78432893274788
56.27436340104968
54.603720090952706
53.38527162905369
62.82342107979878
68.8438188412623
71.26675434679669
71.18567359064167
70.04200581186422
68.6245996479125
66.07964821395756
61.2161502239988
58.10314995426058
60.95609035714699
60.726391817973735
57.64335603668104
63.23190066661671
68.74410592709646
70.98828401252249
71.11994201399821
70.3060980636896
69.36207039981302
67.68107521206954
63.89283882421685
57.670248347481646
59.35417476041164
65.68764155907748
68.2798380010457
67.20046615725698
62.87623895635608
62.66670360182806
67.26105225084366
68.67556832408117
66.75324916359153
61.55277145482597
52.686682724407284
42.60299740227257
43.93275203032842
45.57824395172413
45.81797541479273
44.261825761421036
40.65989354381932
36.66271355084318
42.473950019780425
52.455197337409125
61.433405856652556
67.92209695953306
71.21751717406325
71.79262068790882
69.96470365239729
65.65022864464807
60.34046605834013
59.313609574903026
58.89469667695266
57.39809564965071
55.04085684768004
51.1510662116168
54.10062184320626
59.52132125145588
60.952553977937
58.35251977802686
51.5119517884773
40.80561720683011
52.23734708122629
62.852730418834994
68.38280933981494
70.38145498819004
70.43540482120406
69.77478094964718
68.29038535290596
65.79599855399042
62.605949345592904
58.824115745465406
55.80682743580685
55.249122591872904
54.065722630355744
51.54752612606737
55.4658801041401
60.766877372417625
62.21739475608893
59.397251878669046
51.77029058850561
46.21404751584937
59.18111668049126
67.08748808875855
70.96863366341212
72.12047341041594
71.66885517779858
70.32754815094228
69.19366481082787
68.80544491910762
67.9549033910199
65.9400096160894
61.9855716560171
55.17145233275768
47.68246708519506
59.40106572779367
68.1005496652281
72.30471712680699
73.03085291575738
70.88880904463136
65.86966200869962
57.512545776753186
57.422131297678646
67.02586014293325
72.30853271697649
73.95877249544088
72.575738388349
68.49240757202217
61.62216495546786
51.25495999094741
42.84012985316341
45.31853133020583
47.68434622866308
48.370748728923374
47.948661693167026
47.247150853934166
45.687201697769744
43.90058767318867
41.26661953430185
36.16620217790689
31.759766007567478
45.70235465986545
56.7773419435785
64.57598848592397
69.86208286532259
72.48821427152143
73.01018737473734
72.07548624087099
69.36156226319685
64.11546072243968
59.18840900105004
58.85215622234982
57.602309765570816
55.52799401363735
53.23666037771477
50.7762899779846
52.95020350766704
58.16731269383281
60.39683569235986
59.422642454603725
55.28675298118695
47.513842045734165
39.28129500939105
52.24198982797703
63.034239514928096
68.9533978462039
71.15067287212965
71.24859358130851
71.16671913108611
71.51603966780522
71.34317894713638
69.99513739539034
67.60631431593235
64.42783631794498
61.28017377889525
60.50451515927274
60.07558681579526
57.20028522380366
53.214036021203626
57.590378596166005
61.45309394504443
60.939101969996656
55.83362137214269
54.718172967964605
64.39918026515863
70.02742790765608
72.51632459089608
72.92711219253587
71.88507548070548
69.96368762116373
68.0575817328228
66.94986490921569
65.97790769686033
64.53225012346113
62.31675170570895
58.318243417196555
51.19914434118541
47.87255874749978
60.586030688987506
67.96726679270977
71.05493260344966
71.0903633650406
69.30027201019185
66.00962065556844
60.176885191519894
55.40445713546709
64.9073908793874
71.16329665694602
73.49298974470888
73.01928484423544
70.83112448693439
67.58378876598536
63.23397253083784
56.5809024428564
45.82342653625328
39.766131556335
42.88984931471067
44.73510641043633
45.56028520196952
44.976080226053064
43.519298457306526
41.31474432649107
38.444702423646284
35.393209434588485
31.538439810791957
28.19280222171049
40.448969229879175
53.07873972961241
62.16156156715006
68.14871716885976
71.32359572296905
72.20121933000353
70.85551897422774
66.89655808239172
61.527127506249386
59.11136034693132
57.17756690673046
53.90634515838882
49.91267920010959
52.251960203668276
57.66382741628068
59.83216579319641
58.779555001618164
54.598091421885485
46.73227906831258
37.79895686376294
49.68733669892801
60.773149617642176
67.25570040253119
70.26520524309345
71.2153458824755
71.2682298289869
70.79898487765138
69.69898551299986
67.93288181222694
65.66154134911815
62.903413504335134
60.120876260148506
60.38858603936875
61.05932523869864
58.84976806333949
55.94144233463099
59.20852248660647
60.6866914767444
57.563035927038236
55.360811820209086
64.09225159746315
69.08491003265725
70.65751416048119
70.36374387516018
69.49251243326773
68.77714203553057
68.57256821473969
68.18120621584191
66.58457886545988
62.95932111445218
56.878489426848176
47.907200344617294
37.621980797102474
49.67141591227054
61.45960064210409
68.01856943020323
70.49464283289306
69.96574906022354
67.33848178445449
62.41031330675986
54.536818130607294
57.72729763646093
66.1464130790474
69.98760628309877
70.49136288642272
68.9037535133626
65.74669439519897
60.37647912196991
51.57960086373361
39.820561987708835
40.45734363712587
43.01999052012391
44.05229850871217
45.12286908414644
45.72159623566827
44.190535261951396
40.854920245800336
36.55334128552938
31.562450066937945
28.62697658043706
40.768187248256886
51.156002614755174
60.54784263320694
68.15213217363302
72.25471285192253
73.15236945259196
71.18119590116714
66.1503544892378
59.419943621242965
59.970245450979505
60.92964835518405
59.39456731851813
55.93842842794253
51.671274640194156
53.70258721431156
58.50835261311764
60.14768964126388
58.57283742296811
53.64838211005389
44.64691101477857
41.12271083964406
55.73869660499638
64.94319865131504
69.78387229630914
71.59069325643938
71.80315397550243
71.67999136667903
71.646046188428
71.2287385675729
70.04684819830133
68.01313746196014
65.06775023209825
62.3000850336036
61.00013987939204
59.19575583818344
55.26609367223622
51.935210261534564
52.49157719659712
52.9203333304834
62.130005693900436
69.10773211074914
72.21027805713283
72.65750252746753
71.88621421599483
70.84842203093628
69.72877960491584
68.93333267403509
68.47389382550699
67.6028983001059
65.04274846656672
59.74103805421825
51.245245368570586
57.2899435493961
66.11658912462852
70.15677366867382
70.5449639884211
68.45331463465516
64.70061185547975
58.713813262043416
53.459746900918134
62.68338758185632
68.91925813113919
71.32516486409588
71.20368231769818
69.69520004338492
67.05249363960445
62.307463336132685
54.07940290567343
41.87098601660469
39.39369829574206
42.28093510568329
43.432375758164675
43.22149717094612
41.71180766599495
38.834468174659506
35.71606372573979
32.190176198496765
28.06248665218679
34.52949651363133
49.27253067200165
60.398331939142466
67.73441011098696
71.62114360795731
73.04984306415574
73.18875679535189
71.94738388177052
68.36264804176894
62.71791116030784
59.187169618518645
57.7992485444063
55.86346411854832
52.50316816345426
48.07260801543292
51.52009060983061
57.19304192194008
59.54987348784193
58.611101459620784
54.27892160010739
45.77035253088947
38.233548836296094
50.7792893338881
60.7804609433747
66.66420747897374
69.10923000830319
69.44746739993332
69.12883592862995
68.957028111739
68.86578642652687
68.25583957714764
66.58032879085536
63.5627913403128
59.35312757115877
58.316579174108824
59.06534720361137
56.53151538855965
51.930233138039995
56.50506672712717
61.250546282929136
61.49360242505744
59.19026999781287
64.47932267990316
69.26559230643464
71.17926297404597
71.00929054928363
69.552349696272
68.14027473147337
67.7752967800808
68.36578914307816
68.83556534955093
67.87075591821021
64.5359527361934
57.883557981611446
47.181380752106435
54.157947020722034
64.17517169855937
69.08749339406718
69.89391079465723
67.27041392978951
61.47366033773345
52.556989890370176
51.81902879422533
61.14219868687948
65.83385307398274
66.69629329936215
65.0054416774912
61.372825606443485
55.20518686886508
46.56932730317108
40.220184170480124
36.329341455816675
32.134257388593745
29.07780796001374
27.469792429471767
27.101554839050024
30.246950581463178
34.35101867574882
35.67184788034831
33.45072530114799
28.750028551714287
26.81359139783104
26.995411168093753
26.726222975735077
26.54167614320174
