File type = "ooTextFile"
Object class = "Intensity 2"

0
141.0554195011338
4400
0.032
0.1437097505668934
1
1
1
1
1
54.52404885525708
46.9316942204511
40.046679208479
39.267399446999306
45.12446771603778
50.42829050539807
51.45479513461715
49.32818330765365
45.83410709426663
41.1931882150035
38.32253766908501
37.889396632854755
39.498892736456575
44.86329732660931
47.91973202810483
46.047975849053955
39.318766261202576
34.47619557489333
33.63774911706536
32.94675761852279
34.080938761148886
34.27982597601961
32.160039486441924
30.4044507200901
30.08978494528819
30.06815322458404
30.37394452136882
30.751925848885946
31.30519347537053
31.37421977302074
31.61623590336415
31.83280840066187
31.52921438370828
30.66195987627399
29.80083387949184
30.800084805064635
32.20177070037254
32.130636604614004
31.299817320796095
30.585509673284903
30.913640767314106
34.62321322619601
37.40834288667705
36.11003592374905
31.71638613358074
29.304107039005515
29.822624911222476
31.733987441018087
31.89159152688078
30.222128889613483
29.70510908744155
30.865320396372237
31.624857638724425
31.362216633291936
31.483574291577938
31.08812144172343
30.415924266556548
30.394366402009588
30.123006819064866
29.508988142682362
28.734917015784198
28.20003866672005
28.223158802706134
28.508548159020414
28.53066407876438
28.033972231015575
27.53583250262894
27.32412057540937
27.494009216256423
27.791463356155713
27.902897925368286
27.8907764707336
28.165366529958717
28.340546256914145
28.080974263349383
28.26640743316597
29.51439423003082
30.94329184272749
31.669719752198638
38.12341481619431
46.559009013972755
49.715652224335
47.567349711938654
40.04545910710246
38.432769612190775
47.020295275516055
50.48989304671014
49.00227900689363
43.09286599749004
35.53318820059403
31.54213598724151
30.201437630916594
29.747493825120657
29.929219615508277
30.378191010465663
30.702228568516677
30.884395940600065
30.71768982832282
30.575635691899276
30.5987873093815
30.334490809359373
30.34089900522342
30.841788558551322
31.196899377833777
30.990804520471084
30.882192915146568
30.834594222008676
30.712807987260824
31.306755309684398
31.94933814827611
32.05376622452985
32.28366788476453
32.2883222507768
32.39047965313236
32.27290029123183
31.7166445971981
30.840169014362147
30.550501386473762
30.545604937425132
30.083554596642614
30.76747968989696
33.12198103978556
34.89514860627612
35.01481698839298
34.21403764525077
33.479254229368884
33.41661900990736
35.31988233664872
40.18325264104915
44.69877474943773
47.02549225536401
46.669687314976244
44.07920966550957
41.98413280773561
40.13566767677608
36.1546712177632
34.617786955644306
36.137598437509574
35.87532203883143
33.66183202934597
31.998240452901598
31.674857860982492
31.8029316859542
33.106702406216804
34.38701837736542
33.66952531836188
31.895316376900666
30.971780460176973
30.813713816176968
30.69118735598307
31.011507722865872
33.727604623168524
35.970535967596796
35.27308045637827
33.75421028990597
34.22373346320405
36.82696709510062
40.53343358603475
42.321394636160086
41.464910417963985
38.85776768029393
36.109325528637896
34.14418026032496
32.81940169728741
31.990151531724283
31.519574318623068
45.85895609866541
62.129847991943436
72.82642632155574
79.85856384173789
83.64918752058117
84.4558793059418
82.4510399424601
77.41670047088097
69.38260384977623
65.07419218694102
64.09782953108976
61.14068246927074
58.22070829510932
59.41350772887623
59.44849149112731
56.34588153298048
50.69852219781871
51.65157038371153
65.79258488018898
74.3656310748021
78.59715316476859
79.77058813809943
79.24899655910097
78.45854464552568
77.38343095740945
75.16955121372976
71.18782168299941
66.49125754921951
66.11996139674646
65.86516860983649
64.11664462113603
65.7478066736818
66.37582184030681
64.2617496456295
70.11165524719885
75.78277428519579
78.39932425241445
79.02187141105807
78.26369589617544
75.77212597210227
70.4555596667573
61.234300591608395
63.628837465061764
71.43896157540135
74.69462717033261
74.13095901118525
70.09530145705773
63.75028369762881
61.858321711412316
70.51759244093431
76.58524686556905
79.12718901043638
79.3500323979079
77.98342076181473
75.2802084803447
71.40299431825079
65.92472080555592
58.26819843987077
48.85544187599203
42.81882515880811
40.142479819514406
37.40543701733952
37.67423656367731
51.688336131658914
62.97410869113325
70.01299502128119
74.26662962893987
76.32608307379955
75.67043828730789
71.54239037374813
64.8926168171988
62.81571067729142
60.88815224426945
56.7084874259746
56.42934660621344
57.94127670187347
56.496404888134805
51.93377482156188
45.75898176844348
58.06285856540076
68.65639558769894
74.38929001103051
76.85971774168597
77.63507824839331
77.5702020514469
76.76588802566018
75.00424962074827
71.58122456308173
65.7367072043439
60.42165940553702
62.26798925652509
62.78793705425468
60.759315871482386
61.6445084308439
62.558563007867576
60.41400273341358
66.54310469093639
72.68292389144116
75.11583625074265
75.30977112880008
74.7434376408924
73.41317204721831
70.48841118505973
64.86542539455272
55.38671901670847
58.03415816834981
66.64539550617626
70.56771424772629
70.68001176207362
67.53172890577835
61.195333351588204
55.22412217033383
63.87992816355502
71.36268085540155
74.57643384834334
74.67390556027637
73.15605522494825
70.75007945887505
67.11852648453774
61.971258779902314
54.79314190102629
45.50874985471403
36.69279565075426
34.36168221118154
35.60099694754962
35.98913964220483
35.134459166298264
33.29526352529057
35.70401803029026
53.216685422221346
65.64711784407804
73.30922282394589
77.56573053253737
79.21007752781135
78.35339707908099
74.64560367176169
67.60460274645192
60.027663776788565
60.27086552173513
60.092376998681104
58.77546698145995
55.80505290302824
53.54663321606771
56.06972439915605
56.16521153734671
52.38591643622756
45.49589424358673
45.962482248958466
59.99843673935749
69.03421451602873
73.96431446542154
75.94029617097753
76.04850344204564
75.18332312922703
73.85158102644674
71.82247962659673
67.87115857374704
61.488220196182006
57.83633507126689
59.065469091060486
59.26623456434562
57.631499616253166
55.90756195332533
54.850420500117664
60.71730975235028
68.78695502373665
72.97184784595248
74.34725103324021
74.04843001036333
72.19271053447996
68.74244981433087
66.571437681247
65.88634823204733
62.08553034176476
54.85670839861019
61.82571531070424
68.11565647353424
69.57696992712525
66.61616731471428
59.952299183384596
54.4739766410138
60.07318579862102
68.29238861258345
72.24987372870176
72.90371383160115
71.8433932881749
69.92849232317631
66.94772935943308
62.730712866282225
56.58914712191234
47.30914166751973
37.637149340900635
37.64481284161985
39.14976933224834
39.33009124687769
38.58593186739488
37.85022504059621
37.105659965607046
35.995535196619095
37.52308493533521
53.6333751644577
65.84743448736836
73.3983296680444
77.3530903895309
78.27434822362628
76.23264662762104
70.85261048764173
62.82177097817909
60.38399938557775
59.47934023389381
56.65738280008205
53.244700955667874
55.76239017888585
57.849686476578775
56.226368503602195
51.420847158179896
45.32234021117919
56.311422142725604
67.92889011502885
74.3646607956056
77.02762498969499
77.31751997047806
76.82282826651799
76.11796958521063
74.6821158416159
72.23321746534745
68.36169821831082
62.446951284493004
56.71069067845491
57.98242166729732
60.26085428352147
59.542047521575306
58.7695989787101
61.06180351539706
60.920868276741196
63.18186884664467
70.39592538776458
74.25408266662744
75.20900228462156
74.36638604805164
72.36604338922521
69.09750516928291
65.64635323274463
64.30347197688677
62.28088510868958
56.44686006146952
56.318489389045936
65.15005158612343
69.26182019887764
69.03049011233897
64.7875132156475
57.93144054718597
59.558946761332415
68.58528152093322
73.42154863012179
74.71171828139188
73.95522587188714
72.34355569365852
69.9746838340949
66.38245170395331
60.74857690280935
52.322735798872486
40.99785298882288
35.14007889085908
36.949427012781484
37.91463633891894
37.82119140272678
37.00675103203531
35.9304230070075
34.84007622378948
39.11711602716764
55.1820838056091
66.49315972946368
73.55513516340794
77.25802042016808
77.94853161946845
75.47100338929592
69.48105144452681
62.52757581749532
60.70750778105796
58.45054435919895
55.41505517215314
56.734631770202384
58.23672095833164
56.330869956981545
51.17021165866504
44.35349496636561
55.445277533977816
66.50139496337778
72.79137931310392
75.58241010741425
75.81180235292516
74.68460913620677
73.50251269571442
72.06766568692908
68.95213121039178
63.2848210919353
57.959106542461775
57.63929854306334
57.39873879593243
57.54243642101863
59.21411713856987
58.717403988711666
59.750446778271424
67.74940918720014
72.58914645490947
74.33087101939053
74.12477022253007
73.07302473257779
71.42456636376701
68.09515892898266
61.549307412583815
52.50849248857187
60.961327874147564
67.5617447254765
69.80165061287264
68.23072465660844
63.06890125285611
57.57420477506186
64.1856904244642
70.37899299795072
73.13308740324273
73.45822768886865
72.02038501679569
69.05529222205557
64.32805095355296
57.17340105947666
47.11899038699383
38.020035633822246
38.7306721464399
39.0953957439104
37.99607581924277
36.29757176955494
41.53959314081179
56.274225535472404
67.53912079164041
74.67746574516201
77.92756157975299
77.35993870059716
72.898884148629
65.26043011298795
59.409823823374175
60.3403907959262
61.77142268368335
59.192998484984685
54.68623901005593
64.80744700821258
73.27094433315801
77.72451612641191
78.82093447122601
76.9045328666173
72.38237779913209
66.48723049183674
62.55234088146885
61.25298081883795
59.284130173302145
55.466926688632384
52.65326197741253
62.749315748705314
70.1396469549206
73.53024680205157
74.38679246104691
73.77178952361757
71.20663617660286
65.41071715389734
60.68199588582361
67.26240522354891
70.02848534709013
68.1600818667884
62.12788122626129
62.704553257953926
69.17719099224166
72.11170131198942
72.34078757084374
71.06466276569798
68.79718908705841
64.67980518262962
57.65359484627025
47.07723717743476
39.274969966955304
48.11571919562254
54.34384050186769
57.794905979034084
60.78663624655264
63.24963460633879
62.93388332384238
59.47337649964646
64.26091209943506
72.68384752159867
77.16878372444981
78.35084556706642
76.42631221087983
71.03364832141666
62.44557844481491
56.29986230498643
55.4926387402104
56.722505994398674
54.49612665646495
49.2772249703258
58.590152735612335
67.91807482959597
73.29239163988045
75.72133628721073
75.80490524839783
73.70113744396014
69.62588783503813
64.43813173343591
60.00368569872382
57.83887661023861
56.2219270901342
57.0059779449452
66.16238733472305
71.95322911747836
74.0199396982094
73.62990102540904
71.74964749746097
67.90271251907002
60.74437306595069
59.95973213049763
65.90051555392452
67.50762843837227
64.93420585689147
59.12908406336471
64.33192745897588
70.78270780704307
73.17965559742743
72.94051537546758
71.41818598704346
68.62059388830376
63.94386866580519
56.8296119946902
46.93013535466416
55.960203230807075
66.33054159912763
72.58743277052477
75.89633609285804
76.31900518324653
73.35313778066778
66.51670744496536
58.65336726893788
55.76027390282537
54.35565756756056
56.08762039341832
55.22369782334202
50.85276222063107
56.42358938201831
65.63210660275817
70.86244524077301
73.17694183002703
73.42467767960132
72.01079760692034
68.60857126969196
63.07098416007297
59.450830965205974
60.18309432259521
59.684850917200905
61.39082339001111
68.38387012595328
71.94704435251401
72.76476084681866
72.34324781892876
70.58097282748454
66.01172145224892
57.91339324790302
59.43100558562232
63.31053999092076
62.6078527005572
57.96674914629768
55.923772361528215
64.77336153016492
70.34997808878467
72.4045813588784
72.26508162481028
70.52352041058276
66.5703498092069
59.407818618587676
48.523454604873415
43.783687995901644
44.44798892515668
44.189809631926394
43.41572118443956
41.72247212332208
38.98452166354213
45.4720832234659
60.54475769143614
70.25558844378358
75.46623102983712
76.78999272322709
74.39999536413104
68.21856756356038
60.41215209968055
56.82179576185938
55.13604335661959
55.60211953568236
53.43430965478815
54.167989955059156
64.85893222439188
71.72163094359873
74.9095450228946
74.94534363573553
71.98524799790447
66.22914695566709
60.62922929952103
59.63860813211176
62.338049905763256
64.4954572063134
62.83741531090166
63.93212793512822
69.95404192059792
72.631695939002
73.24835269835263
73.29031735798174
71.78171807870889
67.21696677513029
59.63005247006248
63.867306082571574
68.65256721560574
68.77296801256038
64.42283154936678
58.48395884442105
65.98716873421802
72.61231099675318
75.46874479851928
75.5000732693629
73.86669916175553
70.83707491748395
65.31839118373017
56.28527507303013
44.319826688186275
39.260728024570355
54.95040324550751
65.36944893549132
70.93631462429744
73.44264037949684
73.84148847031804
71.67707700869583
66.56422059307562
61.65288105791931
59.13559736016851
56.76528575028443
57.80258042611773
57.3001296467936
53.042358991055
58.19807511544687
66.87197690315126
71.4195597437249
72.9283866441014
72.5887173993257
70.85262402069078
66.91310532707725
61.045794220121465
59.69500252246184
62.81736607514762
63.14501209225109
60.354476746804515
65.15569281970534
69.75686573733518
70.96737685343042
70.0614935216012
67.4017626497878
61.834937857859664
54.244442082725996
59.51109627769512
62.92967306039848
61.49796478307707
56.18201745731617
60.63741353771491
67.90831835375704
71.457104613622
72.25590847434653
70.70638019075666
66.66548563143846
59.73868297973989
49.17719268398172
41.080812523964234
42.12246098483929
42.332460348853054
41.55752725248525
40.39188330807672
38.55216824465445
37.028157151440276
49.363798198866185
61.62375027251053
69.6533430388928
74.0381169330923
74.95712128655426
72.2488902419262
65.82439840106451
58.70909233556464
54.871285977643616
54.574870697367686
57.36358691183724
56.64264612344504
52.73085455734189
59.672353467853995
67.32847294044457
71.15979396357369
72.12537645485556
70.73530708826304
67.47544331488284
63.138055418993204
59.02380729276348
58.32821035645818
58.94159552079424
57.1922498685815
52.84276280830148
57.98398367755161
66.20651315301569
69.87561128797776
70.40128627025585
69.93460769410208
68.99219521008247
65.82042248576568
58.97341538304487
53.07573317262335
61.8214299781516
66.65225757645474
67.43666717039878
64.78731266422172
58.93125456254734
55.81408139485088
63.54066368795512
68.15993343059657
69.45503191365937
68.62475617411951
66.5165778552645
63.19975191657833
58.53644892159402
53.35131059662729
47.91920137536803
40.670821953148184
50.298465154812035
60.84110516746029
66.75845300713267
69.40243533122157
69.95943366460155
69.53188066907134
68.58708573126506
66.64505159644855
62.63892343575593
57.39556591917476
60.09965838493987
62.09821662146083
60.102220590914015
55.071022448291835
51.45551630458527
49.78014520179301
47.847602810667965
49.90530447290166
54.55072812051579
55.98623575747758
54.00622203381226
49.46033708078072
43.57983529609499
38.2756021771181
48.29336902308266
59.45135579346049
65.52206095909291
67.21837945544951
65.43179676920407
62.53436249928366
61.96386514098051
61.54692559618323
59.79476734683701
56.16507355832554
49.32772952977179
40.092891409655365
39.24355273986469
41.74520310240624
43.59231156268733
44.261171456658886
44.15140889774997
43.50030218985381
41.598061923274834
38.7126296292288
35.86547598877657
40.85408531826654
49.87143200877179
57.73729278694769
64.64717726401392
67.42287822913147
65.41997660490998
63.89328960964814
69.47095861854243
72.70432704462732
73.92108988549744
73.58830559142399
72.0513875096234
69.43543743270303
64.41649148159092
55.42747838659387
54.93415451488336
63.95220615656025
68.16449148425042
68.45883325201096
65.3475773018614
59.15495578498601
52.87142780065375
57.21073365253148
66.35061940046002
71.11949008046307
72.14560311439152
70.63831458833404
67.885913272466
64.67685672037882
61.251193170854336
56.70247130330894
49.756337270772235
40.48997460976217
36.475080179609265
38.82096623016618
52.85807588039171
63.49568091111165
69.79487085989307
73.25048871308391
74.9011202349987
74.72279813119401
72.07357638360334
66.32467003143945
59.438701878415436
58.43665590451992
56.40028194710374
52.37480513515202
48.55689402470681
51.506779737350925
55.12485241357045
54.87149283804102
50.994109777359036
44.653266930998626
40.62300347845331
55.222074843960755
64.85297702353283
69.49254083772327
70.76222730230552
70.83326001234273
70.83913381106244
70.14394897260486
68.41465050441379
65.8747459917168
62.26832706753168
56.894932545655934
52.50833464381551
55.41908993759183
58.26915080495351
57.524835907478035
55.160859505529565
59.10839264123675
61.23438621965222
59.976232110512946
65.3925115868129
70.74919690956902
72.82797493569626
72.91006544331702
71.9595355961943
69.75399544624017
65.16868409125603
56.920076283125724
53.401549505658785
62.82296016468064
67.30474511137476
67.32414092277111
63.34887838165302
55.91252055348704
50.510153531485926
60.318638060722236
67.69527231121924
70.89558460174463
71.29716509507028
70.22941452638644
68.22373921719019
65.63279892629255
61.6685587477798
54.670895999289534
44.044053482539844
38.894687558419534
40.08891277866648
40.65170474355946
40.74034615445388
40.74297024243414
40.86144127565746
39.49065712576066
36.55465918685274
34.320999944163844
43.852787855525676
58.63761774769123
67.82952991936563
72.95606952946164
75.14051095518003
74.9592211073933
72.21442120208197
66.28333218014318
58.88789320819073
57.383565194671924
55.915151061660985
53.012749414580036
54.073849772414555
58.799340516168115
59.80366358503086
56.59341210175454
49.40254725614189
43.13530197659291
57.29458464247628
66.90341471901675
71.77363499062689
73.28143101593778
73.04229801609827
72.34874278217473
70.94814682164117
68.52050659647945
66.05969804338835
63.68885686655514
59.47058783486116
53.903808599410254
49.5692160117163
50.83818246771855
55.73723564824967
57.377050347611814
54.96440729191657
51.58023199776035
53.43278408177974
54.67744623650951
59.70717889305479
67.00611878575674
70.3067096220285
70.90515759315355
71.55886606939043
71.87131697191146
69.88277428183304
64.8107704081376
55.802520254467105
51.43661859690796
60.376681856803856
64.52856540209749
64.2894372621931
60.06434875122963
53.358073065752805
51.139757704651046
60.52592831183684
68.26080009637876
71.928644321712
72.54751993364143
71.25233107339292
69.11028138835327
66.43106752696093
62.213586717001085
55.10258306311706
44.15644336013656
36.36534520973272
37.99868245453128
38.599424366515265
37.99588631660526
37.48164749165582
37.57243667787905
37.36011774294922
36.156320541764416
35.47305001893416
48.88294091065191
61.530816392316645
69.75649504077285
74.4818181560152
76.04608757033789
74.34554625825099
68.94995666196206
61.18723429531698
59.01992060692656
56.963387124968776
53.68218618148522
55.083728259605785
59.38844723358555
60.038235174379516
56.65435438008657
49.53127190058584
45.3655425277729
58.592743058992355
66.919100986448
70.64916420766052
71.31304496984672
70.48012384524351
68.68871212101168
66.85048907682089
65.1808179798686
62.07585665375882
57.1690111962231
53.36105557455351
54.629354482689905
57.2935953263443
57.26156443597533
54.26141896835813
51.967935844790524
51.32403709802395
51.71883819770353
59.8259263138861
65.71315495623608
68.33658770149073
69.24293878402624
69.26826373205277
68.09819253750868
65.2340706364244
59.76901949187052
51.47091650553415
58.4265330340807
65.38146930478851
67.91009132138822
66.70953387154141
62.046050526788996
55.040430035279385
56.06993684167818
64.53084225467195
69.27934941976803
70.82317478344714
70.34937129030793
68.53130107998072
65.9411172166488
62.30227793730706
56.29349501491372
47.179063504285885
37.94109448754365
38.09889064207172
39.009167692334536
39.140803440554805
39.46363192983472
40.14295449042129
39.57664690427653
37.61705191705386
35.39736604601174
45.43573898336575
58.977454316405144
67.15480119384942
71.28032875655498
72.8249195631468
72.93471214503187
71.24554426555889
66.99107808750925
60.43747121220086
56.31475963357845
55.91927699447911
55.03308700920762
52.73219266436379
56.42838546456155
59.98936296186719
59.369857914669865
54.43618164848112
45.31898571979071
52.33426542858151
64.64102364382936
71.45198496964825
74.2321777695552
74.55882024671816
74.18972197834655
73.16894663430398
70.78727248530483
67.04394756865617
62.263241774329856
57.505297749741366
57.467059719072736
60.19204398440419
60.31521476260074
57.430207242113255
54.07643979131221
52.49001087686424
53.68254155391981
63.25381222021042
69.59810780170992
72.29991156932465
72.79391223349377
72.25293427844927
71.12544005304635
69.17257827649016
65.20058833706982
57.75364763836157
55.2641401713522
63.72552293811591
67.71767034221722
67.55949650291909
63.47691415581095
55.57350078693388
53.41518123331188
63.88080898730336
70.04875627358827
72.51088535711742
72.42850526267368
70.44941154129687
67.09390844998248
63.054918490274765
57.92975464377517
50.036043415407896
39.74342175637416
38.262130821734665
38.95416352571699
39.08563743600956
39.077750018510955
38.592314265182274
37.296508409787016
35.62975860470052
42.80148572196079
57.097534393049486
66.03826716369944
70.60140023758864
72.06025501468274
72.26997486445254
71.78086074809787
69.06559738540767
63.046546846472104
56.651152338503564
57.93585026498728
57.88801118860904
54.990850161992356
53.68730521594398
58.5931716070992
60.351094622008084
57.86026647843443
51.29414137214226
47.45645528959811
60.17055825209917
68.13441291005664
71.69899735233601
72.22056650237138
71.30787788763894
69.9539037765005
68.40570914795576
66.7111549401198
63.98264134963192
59.525255514351116
55.9165071724603
58.45278612538568
61.168589451650924
60.55088802138946
57.76668539248686
58.76090576301684
58.99060419841436
57.396853152572675
64.02931350771618
69.02995790998092
70.82569171416533
70.84471869818897
70.19290779949101
69.39176500590129
68.61975051567431
67.66385451136308
65.17804303556123
59.33030583984348
50.63025210520308
57.54855191908988
62.97052982621019
63.605904361036785
59.68515232816394
52.51030320466948
50.78326416962941
59.753634462650695
66.56924451139156
69.53890356565626
69.32151632150023
66.45436557063549
62.18782751561428
57.647285046575206
50.981919829262374
41.46606283368473
34.58604271475104
31.58564688258554
31.008511234567322
31.72942506669805
45.37770793069267
58.454535618954765
65.72442586001613
69.09110550428753
70.36797371634648
70.85937279232802
71.38989339893789
71.42322763674072
69.60751877880543
65.0415397357184
60.936480555947654
62.17258645660917
60.83863558229059
56.71123934848792
52.860792651834004
49.50919167978487
46.59093158370049
52.42349353197626
57.08773283745452
57.89880089586575
55.35583304428986
50.3953020306782
43.52831264006895
38.30622152875881
42.72163650873878
50.57880838499819
62.45835425433781
69.34173697929268
71.83476465722026
71.65961878151882
71.36508147776306
71.33362655212211
70.64041275816702
69.38021190243995
67.3607707053821
63.50253089540189
58.53646974171872
55.665311977029944
54.471237219979045
55.063421784669245
55.517045049723976
54.45390483217991
52.44149899417253
52.79470985416856
56.54631533965335
57.60563676313947
54.11338337091223
57.67878030723648
65.99673865891417
70.2276015326945
71.66249079406093
71.50182816465846
70.36761946827053
68.85877972248294
67.19612152115445
66.34874565039256
66.60267485849873
64.9821019468839
59.84482760415578
50.3979886457377
46.88366631966197
57.825194945913516
63.95193798549258
65.95044882352171
64.3071048206031
59.235950882837685
52.595029805776676
49.60094658611134
57.11513437304866
65.08394054625792
69.22616047816035
70.78666232792696
70.88897036820852
69.69228435539112
67.56362608491092
64.9110460778306
60.92982085116786
54.7296658133493
45.76900932715106
39.61737205993099
40.588985452060754
40.51963452650725
40.35055622878225
40.42147444550573
40.09476777328729
39.68394398785996
38.947023326646566
37.569392566973
36.22783374438258
34.73752105554754
46.08675582391999
61.71077618323545
71.53399721774478
77.25363361745978
80.12888498320311
81.1187858037456
80.64191632924775
78.6135323329234
74.57708368616477
67.79163473889983
63.14869935084275
64.17333802772232
62.43366314102663
58.97834809670485
55.192763559727034
51.38856348814851
53.92882207674973
56.34428970449649
55.62031876133734
52.27958457779114
46.881095903468115
39.232295287818324
35.877691001029966
51.74101723072176
64.20768093231185
71.11752281890736
73.92106368564075
74.23762500857566
73.94688237747464
73.33425945552752
72.09722304115734
70.92199906450288
69.85670075612771
68.05162049708254
64.31745696108027
58.557193093240336
54.02904259275597
51.755650485980745
51.66504170655331
55.82852884049842
57.87735277075795
56.173291258959225
52.567393828036586
55.233645401277826
58.39252512088458
56.982825922347836
50.46481216485795
55.28271801671298
65.23472497701323
70.2265037455539
71.83717031219435
71.8006778496836
71.24821938394535
70.14552677905401
68.22506538466973
65.03143895985883
61.121928148101006
59.50693302099775
59.57371016991033
59.44303613403753
59.61490225299292
58.57848931718085
54.50627450416163
46.210725691653394
41.90507082958447
54.27158544232002
61.65164270413512
64.27774254935164
62.63783818223497
57.16381984914379
50.84275924004878
49.38180033622228
60.32868028135411
68.7944801438652
72.95975346787743
74.43445762998378
74.48071603077581
73.07149784803745
70.02438173584396
66.17487614952721
61.62622095454761
55.008789796521285
46.0364398836399
36.91876698925463
36.18100815632487
37.7975953523675
38.888378288003516
39.72412502306091
40.255083023045756
39.87808466438168
38.66296847122251
37.3039891472195
35.73471659059217
39.07007021056556
55.958150753802165
67.1606443419848
73.93807168446924
77.83831147667586
79.5868682627549
79.17515341973405
76.38461840283024
70.77266385179277
64.20369941997335
64.41808329007313
63.844010819508405
61.69231524910753
58.96874231148689
54.49878252977194
54.20086067280239
58.71133954938645
59.949098319566936
57.72093869047174
52.98958901688301
47.183105046391354
43.36353170345441
47.0155371387703
59.15441668307153
69.13730939784477
74.23287182985706
75.84494469404858
75.57268543504594
74.59921779475592
73.25210330093933
71.65904797798707
70.4766563521276
69.82263473900903
67.53041478222157
62.69217021240933
56.929236239907155
51.96604726094211
54.61459211287171
59.83841644558905
60.95409134420228
58.1533024980065
54.998297551642366
58.3771106635119
61.153646198210694
59.4362962866779
53.191688156534774
60.51930230307059
68.69452146000926
72.5193577120598
73.6390339880438
73.41852603958682
72.44738233096372
71.2413073833943
69.81203637478689
67.50185195708626
65.77747470262491
66.236410864626
66.51540127380983
64.45516629152637
58.77433413829203
48.49997861185713
47.22426696343273
57.164351356978074
62.57270144574309
64.07550165050216
62.003387289407115
56.95801265825017
51.767553638113284
51.30591355442245
63.21477316369897
71.06070187422662
74.74489414545315
75.74142252025276
75.10683549733663
73.13176582022274
69.75875938845306
64.87087407437818
60.122912473285304
56.707180284985164
51.03455549819583
41.48148956117108
37.49876837659762
39.16342523456787
39.300198816092504
38.615362595401436
37.93281914337776
37.35481729241097
37.1370723894369
36.60378921242037
34.599648492192195
34.32584531756325
50.532895211266165
62.58318049174467
70.06562229988047
74.85104405232686
77.73586847872318
78.36521357077618
76.02378712683805
70.25168840261055
63.58374596121172
62.61382546854434
61.04717666526518
58.253575678950575
53.714444882071504
51.61713801743198
56.73248547253895
59.0267875970015
57.57723682980021
52.62375408197541
44.58645800945444
41.03752098878356
56.287258484521814
67.56914230896018
73.63511056820232
76.02348805306721
76.2936704402996
75.33016758859438
73.99976612146737
73.20213648124641
72.07343358788558
69.96321003873419
65.90051272455617
59.85934767420713
55.21272617257259
55.93935689261366
57.3037882871902
55.79033338110352
54.170202554997246
57.7525078213543
60.55502657798296
59.10880799825122
61.58073517231993
69.280414977883
73.03641330452697
74.28247338081982
74.45218585175903
73.27936915904979
70.85222292680486
68.32207547260038
66.6733296001189
66.24671948098894
65.44753966276109
62.08929283927522
54.90164777663406
43.98816475854539
52.018568667005944
61.71760701104952
66.59003670337717
67.25820708018605
63.95088158770043
57.4821081685469
53.216728227510906
59.957349307340195
69.1327567531016
73.45879625117854
73.91384709047674
72.43567546232752
71.21194799969186
69.8399140451174
67.29430732701411
62.969259387005046
56.42392971717487
47.25168024918779
37.326439246607976
36.63122149115185
37.32987316244821
36.69126362928276
34.98776004246773
32.601708012080465
39.54052406134719
56.71490241083397
67.74547268755055
74.2546932892953
77.61125782803768
78.78314198568238
78.03772085058677
74.91712562532823
68.65424784445777
61.40454146056498
61.31722106889529
59.930459666742905
55.62226945960667
54.72213335292224
59.19228623723062
59.862517222757525
55.90795590545322
50.978518514423364
62.24400986505712
69.73242912703486
73.13958644648741
74.0009085357654
73.84368163125959
73.38636668913381
72.58382202723536
70.62259471085247
66.38922529911552
60.11243777342747
58.517579882128445
60.42874568189219
59.88692561624034
57.04949686975509
58.33158699367611
62.0358181906382
61.5384788876571
57.139205656255754
64.19974223113569
71.12340893597092
73.79653052477937
73.74930302459023
73.19314717565146
72.4234009707328
70.38068831380282
66.48160209916304
59.5655424239009
51.11019756985675
59.32411598780426
64.7408396612555
65.41086375661993
61.67945252937373
54.77978323690694
57.61784313968338
67.3548147856626
72.65156543577606
74.22993152999982
73.85537497198703
73.13164933586629
71.74155684062778
69.00989868964044
64.1732248539765
56.14359055214674
44.396840648175186
40.258287385361164
41.279604951426556
40.67485711332917
39.31208700736992
37.65719715859553
35.7529441108981
39.77379477445078
53.07209382835544
63.146083009963796
69.82168852691885
74.03636095018881
75.88973148660213
74.68424341251895
69.89643837802392
63.18260089219727
60.18738506369479
57.4130976373636
54.824610188819555
58.22216460865413
60.005168836754336
57.48525672055506
50.53839389877176
52.757923660747466
64.62944571670074
71.2393915958942
73.91069113980238
74.09763110652315
73.33182747131279
72.63794807980024
71.92106709380386
70.0436827601236
66.07070197922533
59.83470349275936
56.27442749785633
57.316539215284806
56.400077456595696
54.10807940364027
55.09319723317123
56.38417415727017
56.410329677538684
63.96592545792731
69.58659769368474
71.8271995204029
72.44792679477291
72.62916520348718
71.71662872808926
68.7054292573538
62.50372552296526
53.80009514669606
61.01802214554128
66.54707132279029
67.47597498927347
64.23588616994097
57.76061826152676
55.02904528943971
63.921171161014165
70.84045003417063
73.82624519969382
74.31748341755261
73.47290217979645
71.22212764039188
67.21879390922851
61.84644990114781
54.85948592960801
44.38607949802444
34.41018058457404
34.51766198236771
34.85993243734863
34.62064574474647
33.743700819311485
39.7349181904228
55.601606037640394
66.27972381810336
72.84685216997822
76.25512218850643
76.69311416384805
73.76997273319996
66.87736865556482
57.7924386175405
55.87701749548697
54.84012269977952
53.0625570097899
56.15733607330503
58.314305255724506
56.31905513783774
50.03641505087317
54.28022773766771
65.85710430573217
72.23546189367171
74.66347843696583
74.47050350045726
73.2987872716373
72.01281670749913
70.62446607054444
68.50157641245338
64.25643667728934
58.27720867625344
55.14143564240005
56.09886619932073
55.6221724600026
53.37037023608852
53.63489464401317
54.05198126898061
58.69572155896961
67.40704601395132
72.21784816285407
74.06509458070815
74.43375521599747
73.8243100980204
71.47744586085308
66.32085361477104
57.173607437027734
55.09227048798718
63.27447225615475
66.66807664616094
65.720645894547
60.83535953802819
54.2513572664693
54.56538195354106
64.03586849432648
70.23044511661307
72.9863819930436
73.34024658267516
71.96321916918808
69.24436658309755
65.13536778840526
58.77000844343282
48.926666164088424
36.91727155812988
36.24549739303123
38.31204124952544
39.43202179904785
39.274462953672874
38.48632550655656
37.00715983875972
40.2057047391191
53.512094397403146
63.61729030432839
70.2817267013518
73.93869368609576
74.60447004982302
71.99314057723144
65.71831969251382
58.306601089798995
56.28298238380248
53.77602797535074
54.13475788922363
56.701597988293514
55.7162436896289
50.49968471371527
42.827907148056674
55.93762551452436
66.74398515679076
72.36433006863467
74.35679635623278
74.52925212968158
74.04174913554414
72.96096486341854
71.26651970286262
68.46932495887953
63.73543353671962
58.446011179934054
57.39916719094707
57.8467696934931
56.716314348739196
55.67787722769478
58.68684488164622
59.5641240662944
57.522289397619126
64.05871319475895
69.86953490808784
72.16392686145227
72.42634971324257
72.16751341822271
71.37719588473216
68.65172871027014
62.4763645558232
53.787264631080276
60.792068071201285
66.02681072647859
66.78019733220285
63.42428760289089
56.737511055975965
53.10818863082677
62.03869855164024
69.37910518137814
72.90554475818658
73.39179226968825
71.78951991517778
69.07964128995788
65.29117971722877
59.42804671005974
50.79695559986555
40.75223395062446
36.44543238580336
35.512591460379525
33.290426501539145
31.22584075485551
37.84334405390403
54.71763046647864
65.57314975836447
71.91499394873894
75.26149083234947
76.34254635425793
74.88755653100323
70.1924595722868
62.511347168180116
58.88223640450681
57.57369569798768
55.469769180033275
57.87107898600158
60.503320437722685
59.14036002052026
53.332154451806524
51.497283516069345
62.35520625662721
68.55292362333043
71.02022816381377
71.3346111844356
71.0204638671038
70.37233878049167
68.94267841765947
65.70945763508404
60.0826541674044
55.41418977486504
57.24005260761128
58.587667808664186
56.81319433269475
53.287328580428024
52.26201066006286
50.98360215338047
53.55751478935094
63.42919541514209
69.18266476972225
71.44613165879906
71.5895098901894
71.08594540614051
70.20239519781997
67.51068931844752
61.43407531400329
53.10474056024838
60.57463583870086
66.13228785733527
67.26660147450528
64.45146213154399
58.07717836495417
52.09069917689053
60.308599878412245
67.58617874040743
71.11259622884026
71.97187720362112
71.20788647941768
69.53040393923169
66.44162547008351
60.62128015799325
50.95948198349487
39.87816992989935
39.948635005557435
40.87886424471051
40.96533167534895
39.7416533677891
36.92743382562125
34.39947092495863
40.65769751767999
54.96621145022962
64.76821827914124
71.02995594733223
74.4827120626175
75.05777512844976
72.24574117337536
65.58765701276099
58.78458607551612
57.87114572628945
55.85549836018857
54.3653999164478
56.96916847955433
57.260084061785676
53.396911423328135
45.25234183748266
50.33916801605798
63.312895206468134
70.44042732705476
73.18369106776326
72.95685853503927
71.64900617827979
70.43191864305723
69.29786650071236
67.1288658765514
62.745621016397294
57.874593820937804
58.77567917015579
60.434946967857044
59.16637170625079
56.30151897724774
56.99346556025486
57.36695018503224
60.476104920371164
67.33562614415565
70.99870962414494
72.23980144390482
72.32630187152934
71.67601798620224
69.64565768849292
64.98764823927294
56.75195218593486
58.14173806004046
64.03390384329049
65.16892280880892
62.03748256820682
56.26900411675433
55.083048379867535
62.029670500638154
66.60432574997192
68.01254618484131
67.52071759920816
65.57060363683473
61.241335544725935
54.00213091451792
50.75054178769621
49.82901187296038
45.4639520743066
42.39658984041094
41.04657033274278
39.0323757013072
38.88911452325421
55.40044981067477
67.38121479093567
74.09464333637048
76.54183463924157
74.99746529622178
69.42750049642018
61.06569067662784
56.88499919648282
57.813626165687
56.56976306110963
58.768272949464006
68.05485622845241
73.26734780209553
74.76257381522021
73.12330799342556
68.53193535262543
61.757987579101226
56.792450829983004
54.2993429811439
53.48745664396588
59.66917544296075
67.60386351143137
71.67431022503763
72.34137870192664
70.40938730646661
66.53823199328136
61.03013647347528
53.612484546768115
54.386366342261724
59.91563257331693
60.40269023803774
58.00939658826705
64.63353991221612
70.20120923664186
72.23072249031964
71.50668475045804
68.45166226858585
63.24927931666427
55.72991314675802
46.59756581891494
54.187471677010535
64.48999102139128
70.46660133878186
73.15992743421933
73.58663958734189
71.9741795074036
67.64578602115488
60.843724920133546
55.32880016214507
51.34470950488556
49.721136799101224
50.91025466589055
49.39791153694976
51.90230823673364
61.54735510924831
67.20682337559657
69.53767647234999
69.50154832512044
67.10612047783565
61.73614178234564
55.90871289011088
54.19558950068519
52.616091507757204
54.69759972784415
59.29026159296395
65.63625718499745
69.46725596381218
70.36170090834486
69.48134616396023
67.12229482163478
63.071077419564496
57.48066686780974
57.86374760388486
65.82207351305021
69.25649713328936
68.13813140023993
62.94924204454662
55.85847582742542
50.07551589479412
45.00987410247015
49.5059814095316
59.798040040664446
65.04289373320238
65.93602134202496
63.34060179591867
60.748656405721505
68.57942128312605
74.87655568938826
77.17332648504551
76.09997271126937
71.94903434057397
64.4267343166764
52.779624360505544
45.069619587737826
47.06074733862078
48.62491700912528
48.90704877245427
48.09074405322343
46.26398035705748
47.34146815579864
62.532412011170386
73.03089417084064
78.45634216760172
79.56653941032589
76.52919560158638
69.29955463101123
60.413763320544895
55.03504799710993
51.389364795212764
48.63824771307772
53.593528696709726
66.56814728693033
74.02552815782453
77.45368805789735
78.11251506019163
76.93714018928117
74.30908583836724
70.17847988849566
64.54704068350071
59.487296002941925
58.85117603000125
58.05428013104041
56.140053903971996
58.23628036508991
64.80648639531864
70.21291008216141
72.54156215043774
72.31196982677227
69.8955563634208
64.95293899006859
59.07028375932932
63.75676370447948
66.33788050543595
64.03686554461362
57.836053678129474
63.666539924210525
70.2582235335778
72.97997566359398
72.64641456545088
70.19515977946517
67.35949648429555
63.74963478959964
57.495662218924394
49.24091502258356
52.4794444004806
63.76761695499554
70.42078089250249
73.59718872724412
74.27311776017271
72.77797392182924
68.58230025971619
61.58983799695797
56.361234004097994
53.17519391175018
51.27571532939222
53.0285822139451
51.95015761266916
54.55494437883896
64.00405846523893
69.36727158642978
70.98177386831753
69.85104958371107
67.39457397011272
63.75930417985504
58.60489987041072
55.38318332212347
52.953640845192346
52.42486464604489
62.66078807807218
69.29866803917392
71.7730614975617
71.38732697072294
69.33990506378626
65.38108869145785
58.2008146159385
47.95747146926688
49.09170888737358
53.15735065282606
60.81603035974681
67.04840603207883
70.20325240943365
70.87255200199195
69.39525170277972
65.6327078523569
58.86752826437547
49.2954432415653
58.32423569565856
67.19814672453975
72.06427563914998
74.10381162135307
73.97620183401133
71.50661923711971
65.9636755392649
57.61504568470362
52.32358846414706
49.62556558967381
49.8908118346803
49.849743141932414
49.8593397676023
61.30513719336876
68.92523439714982
72.29577264109366
72.77185559509799
71.45431218349518
68.71446853589325
64.24049553952416
58.192622306413085
55.623220716968774
56.651592553570424
55.79754577445002
61.62790902371927
68.8699649997797
71.89056395195573
71.79090892572158
69.99124415005977
67.10565172664687
62.26527652121922
56.806157410098294
60.97485978170088
63.17253329005843
60.72742274520191
55.99206571156097
63.22684378561921
69.14614482095357
71.26751183855046
70.52897917263744
67.68960535198636
63.03941268444006
56.315005073846514
48.8670039577586
56.63516737655453
64.22231172871086
67.96661635341164
69.02627980322995
68.58428438315529
66.51241094211362
61.8368655773852
56.62172882645764
55.409847298000415
53.08713836772437
48.7274134910631
49.86438368142739
53.9695615554143
54.74988465722153
51.82064306664458
45.12643945486744
46.46500166571359
59.73319010325938
67.53668268815243
71.31982107737495
72.4470280896511
71.92998456193783
70.70864002069112
68.78233312360479
64.67516437701565
59.15735429443646
57.86264474511729
55.984432256613246
51.746833701085095
56.686236125248975
65.96076814596233
70.85802403653172
72.36140946361559
71.79262674198566
69.90448307391995
65.9289748597374
58.377551741025826
53.0138261984887
59.70781469165124
62.01058925314645
59.65142135283927
54.591284430654724
60.660290386068226
66.66898908600487
68.43357802002237
67.56038774132496
66.47347136979572
63.78487127170981
57.5569590057436
48.29575344105925
44.61295728611526
57.53849491281173
66.0492769299886
70.5448431622647
71.77949490917631
70.10407717599405
65.3912976408513
58.02422515314318
53.51845038286726
50.980373969191845
50.26945737392248
52.57528279868133
51.83581815598401
54.71918785731381
64.62367055901996
70.22248012906893
72.26070915301084
71.73425431394811
69.2868819216671
65.17304433133651
59.06204781278744
52.808345017890765
51.19989404162215
50.45830290590356
48.71836426884566
46.200920633650895
54.311403036294735
64.40884450754196
69.74613061746652
71.37433679919025
70.27287092934218
67.52341916063743
63.551641149722506
57.24005502347174
54.03615712373845
61.879421040571565
65.49591438955122
64.61093568886098
59.62557243421096
60.94857238162735
68.11924927069566
71.09493779713289
70.54004570844458
67.3659286840016
62.264377273853604
55.596693643748765
47.122194924324674
40.440626079678836
42.45050479991151
43.84852191063225
44.29827049473943
43.707479296314176
42.724995529285785
41.318469119737074
38.849959470755174
46.6152466738545
59.43936800511702
67.65050389093024
71.21610272276234
70.46430278141516
65.46511153279775
57.51897959361668
53.19274133753976
53.62971643999746
57.24967436928643
57.553288010920085
53.53767680384479
53.647679702762154
64.51204569085532
70.7185669314923
73.1595487246611
73.24012576082731
72.04921084279138
70.00693127935398
67.00325971750013
62.026509308375395
57.52616370454538
58.29519265964468
57.470328513355014
52.94545576443613
50.56579975630826
62.25328893144273
69.88853977969298
73.2590162586781
73.55120123356014
72.19075267126944
69.7791980461343
65.23859904361078
58.79195321559567
63.49594780851124
67.68441245088665
67.2254407483352
62.36184538094986
56.79763611584728
63.845054262217744
69.51321531337104
71.67618341964872
70.96085032950941
67.99723219784173
63.982846813124226
60.016572421285915
54.753291255853355
48.09956188752052
57.11665510527483
65.51208047366998
69.93144247443306
70.91067815659284
68.56286028551979
62.7962973073734
56.90506509192079
55.71667581072475
53.25234807639735
51.22743475869845
54.97892623991923
56.493582652155936
53.73334477367755
47.89758591533281
57.15568388739474
65.65541314812816
69.59064786980922
70.33627026115234
69.2199347325147
66.57210574749053
61.48884177609808
54.03310615500306
50.21101672061282
49.83114413175559
49.11590999969391
47.65295072390596
50.10782320822716
60.688520653583566
67.44017121877522
70.28232390121568
70.30225100700261
68.40896810570789
64.90976856506879
59.183285150197506
53.08462988242916
58.832746729149434
61.91190370952565
60.33652335165733
54.976917095623264
51.67764093950936
59.23274781931633
64.92789159460418
67.20791002171563
66.83414696439786
64.36244217906679
60.18260742813824
53.98100395578352
45.02045240921451
37.983590477423654
37.07015562277117
49.229553702223505
60.73232817035429
67.58145392454856
70.93916605017964
71.26459045737882
68.38470882675199
62.24896012808869
57.65714023862765
55.767144690233025
52.13377839721743
51.37537979100821
51.631494562759755
48.560342401495205
55.32054698019982
64.42263123346392
68.96373850887977
70.31371411705833
69.8975918253287
68.12414739667682
64.33051877412527
58.07281617417076
51.926861961932076
50.24558606787502
48.782693992913984
46.989910690425695
46.09591465883457
54.43283806041891
63.477354406342045
68.22902188212545
69.77406019302099
69.31662377568773
67.62727339559652
64.23179030560513
58.01736973496495
57.39084197042999
63.31781762621834
64.71170317520483
61.521244735156756
54.66483880268185
54.297206433192244
62.07796065142465
66.35539986131923
67.02298048262252
64.99250946875553
60.78215451792622
53.83866620500558
43.44842605934316
38.539804620805384
40.79885994905723
42.554900104798236
44.355882900169235
45.0624146524071
45.059096040603166
45.00088419591039
44.827245400801246
44.68850350726964
44.07048199652438
42.26099004027368
39.02563591879856
48.65266740184338
62.86440582802565
71.11404044132308
74.94477902561023
75.33310809111872
73.41935933068257
70.67324124720017
66.85992704651889
61.148315559806534
55.6945928703874
54.80449460039872
59.17202572698179
60.756484968566355
59.22528361197714
57.463306138951566
57.86752091158566
57.258903822773554
54.13506867135682
47.88562253270065
41.62137960324175
50.295895479150865
57.48384929083969
61.54906219051608
62.71561777347945
61.69136563618256
60.05632099178396
58.35084514611397
55.41790688527215
50.66072167657439
47.04728771086069
50.459782425881066
57.36906774617994
65.32356568876612
72.8394798910374
77.48125115030591
79.2451801787594
79.71329112850138
79.70741130467638
77.6839741714631
72.16039185932472
65.02812484868957
66.65169601135257
67.26355362257596
64.840299254456
61.328016101507686
57.149442278202045
55.117440359005116
61.98454286427533
65.49147335913249
64.6386773090113
59.78704144345115
52.71617544118352
48.588824092590286
45.18877829236661
55.40343616429122
67.76737900062668
74.96217543927355
78.47248704437816
79.63096369515272
79.51053945627298
78.44815989768121
76.5166390078191
73.23882070259886
67.63411318848688
59.778780813845
56.3875983267844
58.41675584903062
57.97746928779561
55.009725211839466
59.4190972324357
64.3623431897295
64.64348001014484
60.1788375485627
61.33744873193605
69.04119054099844
72.71388829331846
73.38208072049366
72.38377797505528
70.95893101623312
69.17622549405802
66.36332581945945
65.56366006195347
66.46106978669715
64.57338431885965
58.46286481723148
48.40306184623604
56.262736430897256
64.16216726356878
67.45475778508103
66.80694230419707
62.53857427313403
55.54690308869499
50.17709331179859
51.809861768648425
62.772660405846075
69.98774873952588
73.28534693035208
73.4582862177125
71.64645239382134
69.3662146826023
66.39801839617141
61.336957937351855
53.290101106651385
42.06092231500488
39.260154029069184
41.5620584644443
42.64945482665642
43.0091429439398
43.091915574298696
43.06080001981834
41.933685132582184
39.1193478303432
36.506552586956126
52.30353555469701
65.26777221126753
72.9039498523746
76.62824343385427
77.40544630047985
75.66550975913896
71.0439447670545
63.162150661301354
58.220698545749656
58.081042201626445
56.76599412902753
54.013274135746315
49.97687959836759
51.07167571379985
53.78499846359919
53.1414058590653
48.926347331258484
41.50307994603225
47.44790715203386
61.71517084945151
69.73462770775434
73.21174675155858
73.69952453228541
72.97845342599615
71.56790654635952
69.66124656993102
67.87756999788448
64.74998325633723
59.32458076430082
55.3560014100957
56.62819654744693
58.224845830069675
57.13046732495121
55.3219119467071
59.44094419390155
61.964582293600245
59.95681067912392
55.56600093671105
63.10302863007945
68.73258118372787
70.55593451498936
69.67090705499477
67.50153699883903
65.49980739912732
63.459026662512166
61.82641555075356
62.68582738425692
62.185986170056324
57.72015783104423
48.42974972216784
47.46692946356268
57.99958027637477
63.25548210394609
63.9316957353808
60.45512810867086
53.86933347986734
48.597019463832254
52.804367970556896
62.08320116235928
67.16083895083925
68.79538030320019
68.19660064076012
66.45184369443001
63.899780448945535
60.54778301243953
55.86952567572652
48.247956956159676
37.67631050622471
36.721786996932614
37.81301978179648
37.563504896557085
37.53328984788863
37.414095683809514
36.38206714450034
34.65421577684852
34.35440526972415
48.51809704287924
61.21468459954826
69.32119958453296
74.00106124493343
76.10227247753716
75.82335101355399
72.73953379211052
66.39343287772189
59.54509555815103
57.862134298930705
55.637364297179104
52.205884198630045
53.61937281013108
58.252495542441395
59.02712585618612
55.57491950613535
48.03899486146891
45.86181491173748
59.37787887562778
67.53935937834754
71.27739784900615
71.94626602204141
71.08269310796737
69.40977980014333
67.63898996928674
66.19966379166567
63.05647267762587
58.160111518600395
53.84736475183156
48.3711755994916
44.192024081408945
46.95174061515892
49.95133605698578
55.321992625129724
58.92769738152788
58.059387868117874
52.853709001952524
58.12655165040865
65.55923153855207
68.82107628461085
68.97408919631793
67.48842782157577
65.90969154639009
63.84467803208119
60.46076344789353
56.96190995230333
57.70273960315356
59.016548091843234
56.26742042139025
48.6345839399887
40.9049539566513
52.05544097132095
59.425664698865496
61.80950202802889
59.70239166028681
53.9671688364745
49.94538644328142
58.24043292734316
65.79856014710943
69.34808102087074
69.8713783000988
68.28109594705076
65.32040893547878
61.53344537105588
56.500072927280044
49.09553299049499
39.44701950452855
37.437191401783366
39.859851375514815
41.08518243956243
40.5965511678359
39.537060994182085
38.36432824255428
36.070980385560254
38.13403480397519
53.48126758764699
64.30818396832808
70.84844867427366
74.04716932576818
74.39999443745543
72.00196517840516
66.75112368686753
59.49049911675664
57.207752051908614
57.13964917215925
55.196120282230375
52.115053492930414
54.23453404666881
57.97755440687727
57.866720845508546
53.917812424933054
46.738891984998034
41.54454211387126
55.11850025113448
65.294800702998
70.48013708269127
72.15156539224878
71.86972974799977
70.65662142010054
69.06424600217241
67.28024844308153
64.21213276133545
59.09820105830221
54.41100380830826
52.98142073788509
55.33734825566029
56.31822199944584
54.74318494527405
56.24597262548117
59.75188519704933
59.285622834846166
56.76572624526312
63.26403581868502
68.26716395308468
70.26394321000937
70.29214348476694
69.23293101469638
67.75431967259448
66.75623042997613
66.52413974960457
65.4543143388243
62.306015391924305
56.407918400584094
47.49800029328697
55.800573990370324
64.42075613382113
68.00371071208839
67.1944091717475
62.091411141944164
52.78089271520016
50.566007142203595
60.765317168069075
66.60616845677834
68.432001447736
67.48474328947465
65.43961102341689
62.914824530404125
58.694241478795604
51.455586476670476
41.23807089572007
38.44381864843338
39.89403317546517
40.55287013292446
40.7578145795738
40.36024522626729
40.14744500624914
40.05841350174702
38.518174229231576
35.73019770649961
46.11764414086031
59.48914051084212
68.46283997554588
73.85913354373912
75.98988516751275
74.97971544028775
70.76996741053533
63.30711000221114
57.73487182468458
57.903744576344934
56.664749737927444
53.57519030985844
54.288135374991306
58.489685790490356
59.207894176675566
56.03608137934621
49.154740892998305
40.433018343272025
54.27890878743689
65.81586204643179
71.79882721220822
73.81841259149972
73.56916800459429
72.52256134006467
70.98610429912111
69.0316833499611
66.16259683236962
61.33203410120382
55.12396564269633
49.873680586675
49.21871053674107
53.62074486895299
54.77093399837041
54.74583447395937
57.98705848215092
59.36872276999679
56.267568371232464
57.20321422441348
65.17770077086061
69.21058521259401
70.1807709652875
69.36193868260153
67.78279899074748
66.02082904434634
63.854680879985494
61.50960908608382
60.4658991483911
60.35546825933192
57.95258562873176
51.35807208040963
46.512143437405214
56.44576335577998
61.71926493965167
62.246428016535795
58.35871826765921
51.46428865240899
52.56181816064387
61.87104567385794
67.29973059924716
68.99309395650481
67.68925587857288
64.18589622945973
59.64950646431093
54.54711765567714
47.77635362007842
38.538547848760054
31.621444811805326
30.65441710145038
30.79742424713059
30.818835918685416
40.118101937797206
54.50905160291975
64.11729184363824
69.6262543392066
72.04879147229282
71.99066483104606
69.34936219650471
63.52142943627797
56.664879773424644
55.8571173720243
54.3913941015311
51.011583224162884
50.62945556977925
52.683796618673
51.63402975532606
46.69315042558797
51.99096970667885
62.99933030160559
68.99291658670794
71.45880694198024
71.67379728943882
70.64662380187077
69.20220748748585
66.67332880746717
61.62262192129944
55.3934255667211
52.80574652266311
55.17197604627797
56.19410197127771
55.01852013785671
56.605201051558524
57.51910274594956
55.4518117015595
61.82440295332192
67.92789932350875
70.40658842832075
70.31967042359021
68.97327694144755
67.37450813492507
65.03419028319142
60.79367751794124
53.48377112060103
48.10087105521366
57.59192671455729
62.662964928643
63.14474202323026
59.467650661083724
52.98959137493135
53.08751785004375
62.19145713100286
67.67183165986754
69.7526293052382
69.51135091157686
67.34734879954446
62.76109197419011
54.94548145403269
43.760339588137064
39.65583524154686
41.19088735227271
41.1928679847394
39.53266971267082
36.767660299123214
35.160059524060166
49.22009629223449
62.10323527430183
70.14019187422184
74.3031164025301
75.09276324259699
72.4642479517224
65.93543971452588
56.829060170575325
54.47716331014044
52.43500591186332
48.58998032008837
49.21664368005153
51.01081229782295
49.10850497860842
46.882256514949134
58.57384946335726
66.73603372130533
70.601103289685
71.461070841055
70.53954774988094
68.42622246245013
64.88547907353775
59.32550632615821
53.40792930745758
53.43739105615146
54.988416244217376
53.8454492101987
54.07316864893059
57.182076185112294
57.18169675703442
55.26343907429521
62.10193372990828
67.20210952314422
69.28493280605791
69.6384741420035
68.56942250159803
65.53362633668598
59.81755983706247
52.13086158551981
58.058395669361545
62.806772442719634
62.75242765943229
58.30984142968162
51.2022886965145
55.76990329421952
64.78218120413115
69.42689389197142
70.89024897958338
70.33943351273605
68.46693993420267
65.38021021950945
61.28984249372902
56.77125135003483
50.68386325891424
42.010927664632824
39.48818426222439
52.41097971519656
61.94396483485046
67.75648966728977
70.708981060767
71.39228864134564
69.58583496219627
64.71767257151493
58.865292495678375
57.04753243969928
54.526138633051
49.559369865701186
47.88733548551293
50.70041402306355
50.73135876320326
47.14834909339645
43.63462835295663
56.55887365815215
65.41808687896825
69.94280226693063
71.37727610691616
70.59334874480872
68.7792664157292
67.2544530881198
64.51806332142733
59.17676317031158
53.67790981597448
54.90059774497083
58.05914855560857
58.0259263858241
54.430314261150166
50.166506748128405
50.857817198598205
59.01754723058387
64.96554686899756
67.50043840491485
67.48255239666452
64.95129040706327
59.071435657255805
49.31897966818603
55.26732806419381
65.61058643603192
70.87275216892819
72.3866291205611
71.66990570049555
70.22091282452577
68.17179709378046
64.35033383523378
57.04249702032223
52.79781899680144
61.09004429443398
64.50990791356519
63.028142303103785
57.03686846170089
53.49150966619505
62.72235396851229
68.60081350627391
70.50480423962416
69.55133923376039
66.75968969805271
62.965896817244406
60.493628520507805
58.55728944827787
53.69248147561029
50.62501643510415
61.98768123198916
69.11900103796148
72.67459989538621
73.85126419843789
73.05542966046731
69.64378701148404
62.949026301241126
57.310727720951974
56.15785971275514
53.17037765770506
53.244689480398684
57.888697120290345
58.838675987726575
55.56915454958164
48.13676207589181
48.96603627268544
61.87159121667313
69.30155110177707
72.64856339377182
73.05285129302369
71.51570642976326
68.89110807499031
65.72663391668262
61.380862322644944
55.04573303128018
50.57349275523456
51.18243057731159
54.00957635508416
59.04947235664439
60.85471021508131
58.95147409831556
63.630723985643776
69.15418258896288
71.14171880003296
70.61817448196238
68.9285597782217
66.65628351283316
62.926868459998914
56.095282910151106
52.600688241905786
61.64506035336415
65.77059344634914
65.12530859592476
60.207299104423136
53.79190814509222
58.40429388516305
65.68180230365941
69.23034332169871
69.88740025484077
68.33508116742175
64.59131833939867
58.04646928766067
48.077375470538186
40.78191236727669
41.633573227823376
41.80089426063637
41.926087137903636
41.87869584093917
41.41992157527181
40.554825166805216
38.55217688874365
46.08055102890273
59.41967216910978
68.16190058331559
72.829666444494
74.08170462591103
72.01036379715463
66.24528096696393
57.30630753642291
52.62252931902538
49.803704860435815
47.87059786194717
50.66195238740649
51.3902807802565
48.39932262512168
43.00133623991756
56.23991963836982
66.89675801104254
72.61462021713139
74.87074161580162
74.76934262273593
72.97006985869841
70.31715179812085
67.23730283175323
62.65819486124223
56.68977134009327
51.59228344595752
49.64586085609133
50.732663338489175
52.26981171565634
55.11042498099948
56.43556637164636
57.68036538097711
65.16276556786919
69.7874974337897
71.28264800802671
71.30297257920972
70.61341497482319
68.55772182411937
63.99613736111169
55.87375978821507
54.40694093243658
60.75895344956032
62.18527995639158
59.129132211394804
53.9033784153125
57.39640957609402
63.77049390693205
66.14140614688706
65.78519317294777
64.41469911293845
61.88022326278255
57.61401153802513
51.29374072897241
44.10635605911849
51.65353100114813
56.9276935255126
56.803803624101704
51.377252445342734
42.214404183310606
38.64091398871046
36.73704117296843
35.051662872050954
46.4779434000343
59.51075996577566
67.65027955930617
72.54581792129154
74.60554786466373
73.42126692814112
68.69945738262067
61.41737267677692
58.28272158652956
57.797942460734866
55.361430576844064
52.15789420356809
54.84763461934165
56.70126759534349
54.68164010470068
48.903037291644075
40.31812972566625
36.51891473579483
37.9909564204885
52.177517243377636
65.18948457274506
72.29757430526176
75.02775121774047
74.57448305649054
72.33689287152247
69.76466400224673
67.8641779394812
65.59524945338445
61.479580238095224
57.05394127643998
56.51964990727949
58.170187575899625
57.88448564880885
55.32730506629307
54.443347328033376
57.664800619840165
59.37802235925667
56.65107767206027
54.65970596147802
63.64483354493093
68.79462264353506
70.38449164772588
69.81444189364777
68.65994623005831
67.86092856803431
66.7693402832611
63.77247590181735
57.54116323763149
47.11413467893549
50.269781243783925
59.426830422826825
63.98927780887935
64.605978375715
61.6038130968182
56.42956003719755
53.544196464944065
51.97507962215721
55.9354731266567
64.00095324553686
69.05320429213731
71.09850966760877
70.6404473557909
68.76050389710912
66.71541692099366
64.00883290277068
59.45381191197522
53.03395834894968
44.246690552452975
37.070937020644834
38.988187642692274
39.469936426898656
39.4030587190789
39.6918821694124
39.15928294796424
37.85828040884061
36.88080491942551
35.61260770809832
33.883391453835216
46.43080613350331
59.78421019642798
67.95554140505958
72.63776615461146
74.94434479626762
75.17894245513782
72.87423016988666
67.4241578696925
59.18921979452619
56.98282948227536
57.52256332455418
56.63345614627395
54.419331070949546
50.83948941361446
51.9515628093379
54.86111364732076
54.69427784394977
51.492887334870005
45.77651649592831
37.639498629763864
32.14051542232159
40.69765143712117
56.68073570667535
66.40058274299717
71.28892689496688
72.85812051879107
72.40612566718072
70.93723772598464
69.64744277410999
68.60731509926092
67.36767408848634
65.72537768193487
62.46908106600798
56.964459128414504
51.544721601899056
51.33458088789065
54.03858000118461
53.98839915154741
51.239253488167016
51.20596941057373
55.24400731280733
56.24629964926983
53.14442810646704
59.04732568615671
66.68616241516011
70.24957558605036
71.05289777924071
70.46789127267624
69.03671947684576
66.87471696583914
64.34982231163717
61.608983621518654
59.428902347869645
60.14600741313999
61.626897876663335
60.27643176598584
54.668090662586586
46.142082249628736
56.14014449501718
63.39246931539171
65.69917163814783
63.72662633422598
57.856445053364496
50.69865279843629
49.53009358061866
57.59272660397417
65.78716571745997
70.01346159456433
71.18157387132551
70.00828754398465
67.23175322979768
64.23278242444603
61.80040952333995
58.7946690808371
54.07782481382938
46.79491824426053
37.44632542468682
36.2700632149624
37.49847549869426
37.905368481567756
38.31068378243626
38.35571183583301
38.26276321799541
37.710873584994864
35.96159897004979
36.0348604527231
50.99529825709418
63.30562754080391
71.00858900290915
75.45902153734858
77.41077868978397
76.95778228974659
73.73693594461942
67.1852195465726
58.80876570333975
58.66684179202295
58.741416417352355
57.55841356037229
55.0324653768299
53.19503096762652
56.05524071522489
57.309621353110316
55.21855463730745
49.70428825370975
41.10307107838332
40.81741754286242
57.45196036406955
68.41289425814391
74.19488753494929
76.21116040141212
75.79339336475999
74.24131574441881
72.56065164963478
71.17383734180534
69.78839124199182
67.36413229635934
62.908851065632724
56.81369044514453
52.2555650528514
54.512226482668396
58.92595937228238
59.923681257780274
57.34802824214077
55.139567093192625
58.10345009574351
58.855824072862916
56.136611781229504
63.10448475734967
69.98702264643713
73.05224884164588
73.50913031435711
72.66536533496337
71.41262967368263
69.73306783216688
66.72750043142824
62.74349947267667
60.921948349214404
61.670766778049426
62.28726214220078
60.08561038745626
53.5403716460847
44.620710150127465
55.96763241734833
63.79457852655496
66.64820756039902
65.23811089825456
59.90397418466973
52.28261097748896
49.241348711528154
49.825574782326214
59.892481951405465
67.56413844281552
71.11219079032507
71.32094037420863
69.28139534171527
67.09261676329609
65.53392961391273
63.288853636264754
59.443764657690615
53.55279476136222
45.08120305217159
37.06919650050431
37.730043784087705
38.41400337237495
38.216418176328865
38.18406552931043
37.96866037975704
36.53025644447244
34.34752632434934
32.77255792993327
47.95281090059469
62.31632768713613
70.86814284201437
75.58998841542476
77.88828294386968
78.39768963705147
77.04664076438812
73.45876725032377
66.93782756295119
59.02590569025371
59.42895705666025
59.73453725717866
58.90822572621467
57.51971299347346
54.26276941974977
52.401683047657166
56.63335589268488
58.37930464990145
56.63861560700531
51.90050086387535
44.30773826417437
38.52872944163428
40.99567091732882
45.53428048365372
59.25479381542566
68.00904933021046
72.07292863290527
72.65466525021971
71.26260457181539
69.60131066821982
68.42432975622873
67.33121635937634
65.90732698806242
63.20082336390001
58.482270842839995
53.77623695115698
51.20870632536162
52.74143005626004
55.665006201720345
57.76635705336354
57.45123539860724
54.55685505589463
55.24895241267891
57.91957890801669
56.62792738818007
56.39553734129409
65.84965970002764
71.52561273164523
73.81141456040668
73.8327368229603
72.61441248190997
70.77039126576072
68.17492760958145
65.00293936614584
62.90845854650026
62.29388987341597
59.92632327907195
53.40257364848519
47.233250576347494
58.61871806683466
65.11768281910784
66.76557847456266
64.05711475867912
57.31651743329033
50.00410184656613
48.528709487733664
56.977851905099755
65.45982042195328
69.61329582069014
70.27335057243317
69.2643771577261
68.47507529791119
67.39030207537066
65.50335687249505
62.13445560936777
56.17708247014498
46.965508389720625
37.13063973658522
36.8121318021205
37.704088691093894
37.95993446789234
37.621911612161455
36.44511514511819
34.898087163820314
33.692312341226724
40.28869249959048
53.991710825825976
64.20117430353074
70.74733251374418
74.65759111038251
77.02115204362292
77.92888809999829
76.9241228278797
73.40917442265163
66.8116891970728
60.75261232721064
59.5776833263184
58.469646462014644
56.68379474423523
53.331167323578455
55.11113790721151
58.888275792451765
58.99067215498748
55.490510621351625
48.74805078912422
42.80892693972489
56.64116611657021
66.53573750110367
71.70514450020455
73.49306132357695
73.43599928734763
72.6394966461444
71.27549270953911
69.65330689078643
67.72223365542186
64.45656528214771
58.91461685893033
51.98156806561375
48.36849442101602
53.15236666284072
56.13628454032223
54.94307498453804
53.08142438018423
55.98176868935945
56.99838563736604
53.69678103267769
58.76507587530434
66.80092024909303
70.58915568267466
71.24745445919085
70.25037784648389
68.85237739598965
67.63711496552789
67.18287910820243
66.83220353780874
65.08829572655246
60.49746855814856
51.77547430751028
43.564832798640865
54.92299862301773
61.650397476783496
63.82079169331564
62.17329141491017
57.15866976417451
50.69546018673309
48.65874742495195
57.64872847046152
65.27581386352661
68.82239581519714
69.29952668110367
67.90234322463452
65.78614641735979
63.10688298188111
58.76684526581228
51.80331899592125
42.28744135582123
36.27898941561749
37.358330548637085
37.59032753213732
37.316305888641374
36.87007519978384
36.21122071559846
35.78501581480255
42.56035145976392
47.99610707655426
48.23019803233882
43.45637986365183
50.57058693779787
62.17347591637055
68.95615375191662
72.40053911433785
74.02790689277487
74.82914114660476
74.39630637603094
72.0743999459724
67.19879370272373
59.90323769612819
61.07153192995356
63.17958852734277
61.70029680448238
58.76477917096514
56.657693642676094
53.6167397347336
47.94943068865285
46.066179244705324
53.45308352041904
57.7156144785763
58.27162865895846
55.79924714404079
51.54142169813785
46.37462493399195
39.562065924494846
33.5418931718084
33.28139522074895
46.33575370269904
60.038468817354165
67.98224467120761
71.60151293889207
71.8488580204975
69.50431597931484
66.05586984764648
64.20782206411499
64.09785309412916
63.9722508947931
62.97945002738042
61.194556521873665
57.60621160665711
52.118803014152306
47.83987745282587
44.55199358613563
47.53523496746973
53.743794632653774
57.30618003151655
57.040443584480926
52.8078176290701
49.87642726500791
53.784392809102705
55.207362190164
52.128011122304386
50.68854549551414
61.56338655553034
68.29457149311767
71.42056042465978
71.85663834410289
70.53302406023218
68.55627436056396
67.10323925484528
65.99333562732544
63.271619557420564
58.15780367777216
53.2304635523999
54.58475752297989
57.86300610685275
60.119318468273775
61.93127115671857
61.516966543651186
58.066969303825566
51.774988965620274
42.62163279361455
40.5646015490234
53.72106084817118
61.26762526644306
64.31311181109459
63.821928822254776
60.1537646693538
53.256517721594356
46.829844387383666
45.25324150478821
47.769221726316864
59.906025801108214
67.37649099677586
70.61129990449155
70.91219304107204
69.64054065938758
67.72843588466404
65.86490254833682
63.92875188514306
61.0947025166179
57.20049241590538
51.5554500762359
43.04726096821771
35.47482438939903
36.488321299908
36.6406298313375
36.09299951342176
35.80603864354734
35.54404305300192
35.3533486295418
34.83536963694498
33.75124555065422
32.358878006458426
31.141323074008543
31.726971642441857
43.83579256197634
58.27333674773687
67.49190454971425
72.65248282911875
75.33195187832608
76.98988048715852
77.72901584534516
77.10707434944374
74.7403523812745
69.8456890351078
62.05382596885848
59.916884729900815
60.432658123230226
58.655429569603044
56.97597277478782
55.15048101047892
51.123272607551044
46.02586803764871
49.28415085528506
52.80464243841347
54.27830731954359
53.446051244172246
50.84719055193
47.15252316413316
41.73315233081218
34.862421075663136
31.717683874795057
34.69158767538442
52.065391600835454
64.27507679794661
71.01692096513683
73.68980421622432
73.59094844257842
71.90471138750773
69.66665412597428
68.43819916548596
68.16218878608729
67.8070563507808
66.74149173293357
64.63219113805857
60.740874294767806
55.51486656521504
51.98087945261942
48.76164403415652
49.929318652530974
55.7176570389891
58.64465170268693
57.68191643135815
54.0947863232024
53.10681506141794
57.89559645767514
60.929604183384626
59.42642465521125
52.845682535785656
50.38961837048389
61.71347903324659
67.87668082251857
69.80101895222978
69.09715245242028
68.33777437744794
68.03044245669176
67.1989538740491
65.04014032979954
61.256723267337975
58.26992231876568
59.08183228383514
61.56245790158209
62.86827904373283
62.425173983925134
59.32711374678041
52.45375242035977
41.323160509605906
38.458612481031615
51.95468878350651
60.154521388110645
63.76602570390421
63.68434331480293
60.28906670513388
54.22262296199898
49.743387887304415
47.258702542821794
48.472842456457705
60.821479629266086
68.69655995023922
72.41917112478254
73.15786482911462
72.21409239522833
70.63008409949023
68.77187818915847
66.82843971614629
64.22153668438442
60.0797874384902
54.070603050370245
45.85417723250676
35.70591196397179
31.809490036727162
33.26913023646286
34.62532525096006
35.343529220788305
35.7042878204825
35.72171379576874
35.47339006206033
35.32542988608283
34.5844558533869
33.34403811058617
32.09357442418162
38.138612705565855
55.50498583621004
66.74575654597697
73.22142476262468
76.31670295445015
77.50519871619116
77.7273825252311
76.88700793694538
74.65521066553984
70.17870047038814
62.81434365675508
59.834802658277184
60.64071562344193
59.33073423406725
57.698011757144585
55.80072631763897
52.0211721315121
46.87438556826743
50.47465215526921
55.31460606958605
56.51780872579362
54.038044875381516
48.53172965690437
41.14646889859675
34.25227382907329
32.94341068994112
38.57429812085722
56.21721817996911
67.09962146753247
72.671757334184
74.39140805592382
73.84930669096971
72.96984127306155
72.398698226498
72.04661286310741
71.88685912922536
71.19612456285593
69.65292113031728
66.60485385000882
61.52463213632298
56.64145767740936
54.281288051002754
51.76522738936069
47.81837936067262
44.61228706562186
46.4141273811814
53.30403731017277
55.8912624349394
54.38845430688733
52.21821300928206
54.612920283951816
58.29280708255466
58.006231526335526
54.48817552360555
62.70155553603355
69.54128013038286
72.46114871957545
72.85534513195766
72.11704478162444
70.97599496364614
69.62442900378272
68.64744257213422
66.77984083254631
62.677915250122396
58.02846075685481
55.40219285620141
52.28312134332172
51.95879650880201
58.530422219706395
61.4644266457334
60.578331073427414
56.26398154893501
48.21395856958469
38.69972386645038
50.924659837895874
59.91753733776714
64.0006344084486
64.09629026703288
60.58088808533285
53.888451871097786
48.621860893438004
47.01146966867022
52.97509870966004
64.25092971094861
70.86243227128745
73.74840955740423
73.83604946942774
72.06207779909752
69.9806413752177
68.2566579311449
65.80923326340967
62.54741846566489
58.47379499867407
52.89631144484288
45.013891948928595
36.322375204972616
34.66327092992732
36.12542950580903
36.965332439860234
37.266729386115266
36.57331629415905
35.97286480607548
35.78275322793362
34.887170686532414
33.3811318164704
31.996159200129494
42.138785591403824
56.12921861221971
65.44468652561746
71.15764188286319
74.23925327851949
75.81418748485237
76.35582369599088
75.68163636344114
73.40157108174202
68.5081808774831
61.5985440676097
61.56590181475884
61.52694495898743
59.49367824456668
57.56985890319171
54.85429199673274
50.20919592710729
52.06251891459055
57.432813793152675
59.23605637019408
57.43591904031209
52.85804327989023
46.23928574235369
37.223340064569925
31.764594894351873
33.71426763943364
48.57015705441667
61.92303879859757
69.77315909566278
73.17169458083342
73.33013208161897
71.81635545079841
70.17408319244865
70.10991529353291
70.73483962971648
70.4280108044219
69.34227029893526
67.4928623482765
64.483132040702
59.692977676210155
55.10842161768264
52.14592195931357
47.94591188125868
44.56922426423425
46.19500273580239
51.67130621982768
55.01217879986592
54.66536876787637
51.400811896892506
51.180888142081216
56.36133188392752
59.75975454993018
58.69250054711117
52.63770579508769
55.47770158054995
65.55057769815919
71.04820590649521
73.05609717110647
72.54939753597571
70.66724782785573
68.55977610883636
66.76721986569356
64.39000761939658
60.48156454310292
56.422954273644315
55.07977605791162
55.27852170257744
54.10969285226548
51.47754056981877
53.507708509164864
54.78641464854568
51.99360009320639
44.54844205611888
42.00609347954008
55.76733392036396
63.620993376103215
66.81461691931258
66.23303695817528
62.16541644109654
54.897760089178924
49.035251582602754
48.340539210273846
58.69606243441627
68.0673027067082
73.13571922249288
75.02785086604916
74.61388929952904
72.78117559059427
70.41824713062309
67.62026910332348
63.81385955831112
58.33607216156257
51.04292849598717
42.14059539217044
34.095873324053414
34.383072495413764
37.42904954586352
44.313633510944555
51.42202836516323
53.65374852180042
50.739734587629016
42.93601695233889
35.767084289836845
42.283385699921396
57.63630745150566
67.52344755037866
73.05893068948747
75.10843746682332
73.89434242642322
69.1544367547442
61.43224165740433
56.863215138007845
53.588268004704034
52.476569993531264
55.99013570299227
56.32876608635957
52.33692521237809
53.43428404006091
63.76488587901208
69.45975921259974
71.67161663591487
71.92780815056413
70.55124014129129
66.76890733356913
60.4800833001819
55.59455506332376
57.784930812336995
59.888055130051455
58.801784431327505
57.061112040065254
58.93474393037231
58.59427990686832
60.98210863253748
67.52444623150078
70.43488251523777
70.42792632325744
68.91461368421558
66.03952116398824
60.411383609802265
53.05920529941011
53.605489992368476
53.99617158816656
52.5823595358097
57.47225481509857
66.4778175294708
71.39678415244455
73.03958773793559
72.48547969258138
70.16993613149768
66.12216020927808
61.57078958271186
56.84075449170527
49.638685299873245
48.73593677591904
59.73864336854501
67.21748884864209
70.90910464555618
71.2338582837703
68.60349091161665
63.14712888207769
55.31576514827996
51.809178108053295
51.02346045283872
52.75075637983164
56.89057818518697
57.68660163740604
54.378305252812794
51.44061700787083
59.80729455640865
65.48164246837064
67.99609414951044
68.72598423129632
67.997629350204
64.81657485755096
58.693372808310556
53.998243711637514
57.145139287977244
59.50616068002687
57.61229407284453
59.09344022638778
66.06389080400872
69.23304236359377
69.22501977590792
67.4563213531509
64.56012147545526
59.35391023036311
52.085415258216486
57.22687430161373
60.958425363316316
59.78823034491215
54.44342730489474
53.302328537769085
61.968004936160945
66.75356814673343
67.79178849765002
66.8004661854412
65.14033761146067
61.88866981744617
56.8951086858182
51.182543143061906
44.913816472128055
49.08512107965008
59.7889986531266
66.3097016092915
69.61125997101357
70.26861041064295
68.23188000918508
63.19068117078132
56.35405530765446
52.87794458023456
51.12659955966806
53.1568392620115
54.20502196979886
51.13673460166267
51.52722460643052
60.453997105791345
65.8558163789966
68.16012704551433
68.22368711567779
66.76783817387597
63.924974804789116
58.74372860162087
52.18574026930098
48.83290429194279
46.12337190942583
43.10241166933984
45.311830013158655
58.59118473903733
66.54266955696264
69.85577761707214
69.9390339957676
68.72625354122344
66.79929323347385
62.706712989910756
55.085537396481676
43.43241763163752
45.78981100539987
51.090394109184665
52.155090415956465
51.07864744519141
59.31310029956791
66.9907415800443
70.65446057096885
71.06480568675751
69.27920277408856
66.29909735949927
62.58514175519453
58.47798664829913
53.23413183202955
46.16777859341565
50.973048615731464
59.85362038469223
65.22825267063891
67.8144137284358
68.1540889526909
65.99222264596476
60.72671924465443
53.27433648665185
50.245313857066954
49.27129640601666
47.60388081887963
49.26639403799763
52.25644883065745
51.61215636117373
47.18979422191376
46.65403459471598
57.50748957397242
63.854519453902434
66.10960017520445
65.76315571394333
64.59892656351806
62.2632831340244
57.297116319862255
52.13926211692004
50.93289273978787
50.04363198717993
48.96341591943503
51.002246553207115
59.64462298531693
65.10420426003134
67.4282831059322
68.28695561096686
67.91154508671131
65.60605358965204
60.70862276488103
56.82359680233957
63.659791975405255
66.98537715970281
65.70933598132135
59.91666161813346
56.75186094214236
65.76475205640531
71.18083979798496
73.26777437602858
72.75784257097789
69.80898225061536
64.14668527955094
55.12053950861891
45.79476202111327
46.5986469153611
47.65916192404656
47.515334806198844
46.0596995154427
43.78590239126724
41.554793985703135
41.0225197141288
52.46284214883494
63.37106877245496
70.02565167077708
72.63268980809283
71.27120359599259
65.71686257696481
56.91130238617327
52.5382435804794
53.55382272458957
54.26179569618956
51.00416923874094
55.90487864635133
65.98572547906977
71.56633319119808
73.9013492664128
74.1466318633
72.7395276421073
69.48149512836648
63.920797010975576
56.43964677879049
52.30326775449313
50.39198750797239
48.18663012216994
51.55404427081266
61.69530076330999
67.70923988937673
70.06105703202823
69.93810537897649
68.65793102696715
66.36455579282948
61.69499509104202
53.28512327459988
44.15941501519658
48.991936403734265
50.914326714948174
48.859876158450284
49.92444453565038
60.075851514009685
66.49507659475442
68.92520908713117
68.54784762478876
66.3926601104337
63.17830859391863
59.7981573571814
55.96378451670112
49.91112396612778
48.765555572211554
59.41974498875025
66.13828690228395
69.30973933343375
69.76996882957758
68.3284533052242
64.93525228710436
58.835170625336495
53.4973471729828
53.645570516497784
52.582229997394776
50.06173518365234
50.770765387857
54.834678235317824
55.8201467950353
52.488488605099676
45.01452771777457
52.050048700918275
62.23094167996373
67.42261857797044
69.08277132169859
68.5942394994638
66.86214427430325
64.83843753522238
62.99099621826221
59.725366636710376
53.729166731032336
46.92509145635988
48.61037373967225
51.13543784502877
50.31405993106289
51.85172016991846
56.91815228719484
58.374137377525344
55.49347831223572
59.254409039521434
66.91199251417012
70.52935437351073
71.2908477903427
70.7044163299216
69.69334956379686
68.15980612705889
64.97173118181505
58.604851510006036
49.173368821965376
56.27216878681625
62.346816411094004
63.72940473531122
60.95751449951926
54.98410351606802
50.24348678270183
57.464942152971176
66.02974215027166
70.39035798687428
71.66281107143227
70.97859110029788
69.14008156300059
66.4176944264804
62.3110624633098
56.32541005810894
48.08668763455423
38.1271995845892
37.84830734876263
39.69808098663628
40.23048109105645
40.268492561685214
40.22175297685446
40.000440383808666
39.05780410939468
36.686223271200966
37.50750358284867
50.75595097869404
61.85017234365519
68.74969935570056
72.10913848579538
72.36950148796727
69.35632774074365
62.58831552595409
55.43499728400694
54.51727346273495
52.7631296626124
52.37479556623793
56.691497269538274
58.156330403868424
55.52608153883601
48.8243060429142
42.74258686304599
54.705711035030845
63.20965588928224
67.65231116641789
69.10181749817454
68.76842869721989
67.93486345387633
66.48867036825492
63.12814728720946
56.887117075868275
50.77675086693145
50.10936533898777
50.81353880294985
52.623139959531436
53.39814722902063
58.75201816327771
66.47833078535776
70.20575541958183
70.70258713481746
69.46943366011863
68.370181132172
67.7521939698177
65.9236922768528
61.643950457376704
53.970438983490475
45.09101768540816
55.449707965929285
62.16943151906071
63.950107119036744
61.3531790152081
55.04851408104539
51.316494631233994
60.376923584191935
66.21787062747858
68.29209593153341
67.7487254956932
65.36422316489733
61.31793873975746
55.22393781592727
46.9115883987364
39.64318197811797
37.5293934808837
34.740291276251256
32.14830506544716
31.14110749449033
30.978742443766002
31.521105001801356
31.872370405255822
31.35562033650904
31.05653663381029
31.58155384548563
31.88016312290117
31.292555622387148
30.926664945866975
31.385714224347723
32.033855791235474
32.37220696022279
