File type = "ooTextFile"
Object class = "Intensity 2"

0
144.50648526077097
4508
0.032
0.14124263038548612
1
1
1
1
1
36.32189584042849
37.64732888509757
36.80149435383814
35.04123076670597
34.3120601073587
34.37735105223497
35.28474421470962
39.513302704315116
42.698644863631046
42.57822128453411
40.85188349460108
38.70877419573743
38.428464406150184
41.21308428550611
41.23772089730818
37.31463834087029
33.60878002641442
34.13342018620595
35.724429855985605
36.715930777555165
38.32047197684272
44.08991945437681
48.92204335785685
50.7818919991295
49.751124646851366
46.730712802443904
44.90183723568493
45.699877386619114
48.649983655534676
52.249104782163954
53.31558545787952
51.215829945770004
48.15280120608176
45.96159372867048
41.61400357855339
35.32582231229706
31.32350541897135
29.58572513871499
28.6451719230974
28.05133152475353
31.18759983523075
36.58474690712919
38.303080459742
36.208185769422556
36.175616876155395
42.31154361863946
46.490189883620914
47.81042181002222
50.01630989567311
53.09545326643784
53.094582572646274
49.09611938427755
41.69907447355121
34.98463293237541
33.04166753131173
32.288523460794444
32.11535484411399
31.89726493062519
30.912559675161006
30.34864465225851
30.341418450496377
30.38909571672547
30.417476515051206
30.132880101579328
30.072561082584134
29.862044576532
29.16273800292252
28.463823683308796
28.64222715940378
29.63422795171653
30.330770404300686
30.480793267645048
30.22225287867397
30.25210172449773
30.590426813546703
30.630129692248342
30.73184359870328
31.35790736582569
33.20048787474299
34.113402629627
32.93711929368767
31.43748754644704
30.66784311317545
30.292176138202784
29.91685905798191
29.84297356655557
29.930768466404572
29.840099306659784
29.98966421828539
30.488053346889764
30.92799173478212
31.060049013071115
31.286316195050077
31.337062489070924
31.161451865780485
30.87897564602845
30.61761219021081
30.865049684752186
31.39557843286658
31.598367095490186
31.65006663828641
32.62737233002558
34.41405515688185
34.95184441764012
33.65744644057657
32.34780840834389
32.13625815435819
32.49776284689183
32.82689063765843
33.05572166792056
33.20156827979437
33.617293109407484
33.81419136660568
33.43921004860094
33.17488487160753
33.007956334470215
33.230782175008486
33.475039966128705
33.52975975763406
33.819719570658464
33.59983050082579
33.190244704963284
32.93767667680254
33.17540793830777
34.770054086585674
35.301525580119744
34.15817969063447
33.743098297976
34.26731863193032
35.364952439815234
36.61924608419687
38.5450527432329
41.993241802456936
43.18570740174144
41.29877142942428
38.52074415972951
36.29704945129278
33.821404123890616
32.2090248101687
31.462478238823792
31.60397139587898
31.791216669514554
37.73267551142772
53.3115720587396
65.62522748760722
74.2215477766516
79.30340366870613
81.32235116320638
80.52187382093354
76.66232923331579
69.15854541583575
62.06888289668461
62.04561198961055
60.942093953637375
58.44030005450519
54.89018653769821
55.64605068211796
57.86068202770796
58.40568560373073
56.74555624350428
53.20134592892664
48.07748213018495
43.04174289276331
56.23056407644228
67.77968373820441
74.73465117847356
78.01915647763552
78.64510144761685
77.99319580695153
77.61482784465179
77.69262104623581
77.00311142177282
74.4794934307812
69.55943418784318
63.053653031178484
62.43592991012686
66.34370158818952
66.8671338936827
63.95049593311241
61.798588736202845
64.09619697640054
64.34154437399475
60.040881707582024
61.05478462826335
70.25957792582555
75.33019608713775
77.3449429921342
77.66040431472794
77.55377489034638
77.08295741256676
75.14958825914067
70.61437351382418
62.39352397089594
49.80128916835264
55.805205847179955
66.7122861233719
72.68049724620698
74.83299214132242
74.13378773091863
71.00928134600903
65.09052691733403
57.91323417271619
54.88731144430852
62.57487857477933
70.87906306876744
75.14226808703398
76.34672910171338
75.45726360489941
73.5000760704677
71.54271276149325
68.80409056420488
63.82536516715625
56.04980965728128
45.688281623012855
36.169210283292436
33.36443724834091
35.21264972748072
36.675980668079134
37.25020681477475
37.05104723580503
35.61873958275949
33.907124300624645
32.87760591962842
41.5125187371403
57.27941742450022
67.98726588712628
74.41121908693974
77.84268961848134
79.17127271338076
78.43405844993208
75.15785497125008
68.8080730773339
61.559182499429106
62.29590755060211
62.12033935922256
60.21254182884189
57.0398379033624
53.02580939574418
54.30647765663217
56.94143923102565
57.364471940000534
55.47032615191312
51.92656905279826
46.53790931440493
48.744731063701245
62.11800621890785
70.88226794630877
75.51509520975199
76.91847261762143
76.4593126943079
75.6539339514639
74.92748852997633
73.94459914899511
71.48956010227016
66.50973749781213
60.45712655322955
58.75908962642262
61.43166467960262
62.49713103010937
60.58103147577014
57.90676596953497
59.41648749362127
61.83293109000655
60.437551989028044
59.26125193242237
67.61696014809145
72.69389325245933
74.5508157558203
74.73593223267218
74.3243605406801
73.6804937705973
72.06257546934486
67.903112191998
59.96821998723288
48.09225594539789
45.86344606117126
59.036675452194146
67.72514388994368
71.90233391552297
72.51778610524903
70.08931510432981
64.7269643253598
56.942480792257655
52.693323229935345
62.94809130702178
70.65160695387688
74.1340382624941
74.2572620700693
71.90501437263949
68.1889353032495
64.68448483964548
61.79087305782388
58.01280017931148
51.715154139370966
42.06960490709012
34.89609119501181
35.19410745459429
36.2534313263761
36.264002839337714
35.140534516652046
33.8221183978824
32.530513531664006
37.61723967199568
55.780040040996184
67.58548966925639
74.2983503235561
77.6838365466679
79.29146783764475
79.65174692901081
78.42940726818353
75.23920451274388
69.50410064853658
62.710784588073295
63.16731884288313
62.85202777677572
60.06475348653494
55.71188744629303
51.346141949828564
53.611855657107625
56.48651546108691
56.88609059650364
54.59926221201778
49.61185192987794
44.23821131923327
56.8398937018085
68.15848163217896
74.4031180565021
76.82004686110908
76.61610085275092
75.30820408955361
74.09728806485856
73.0864603806938
71.53730774551832
68.20520813734282
62.55044053767698
56.204003341810136
55.36462925128798
59.77185955736688
61.66171823641
60.428394908188324
58.12679128755555
58.319434265012845
59.53530164763755
58.146081132416796
62.26027949204406
70.2305699666492
74.46079116385735
75.75141675229878
75.44611649458888
74.65651730076536
73.94568509904688
72.95093504820312
70.0442906926696
63.69182944473886
52.90605787226972
54.05117908776092
64.8422976691695
70.82047831367315
72.70395169733939
71.31026866286311
67.19501190650567
60.65610158574428
54.656641347615114
60.14703975528141
69.05881434460723
73.45664624890122
74.27698749329628
73.07210681256312
71.27096639495262
68.83041949356428
64.91782798999547
58.697709314393535
49.40339399263398
38.70337822438852
36.914835652714515
37.817219582901856
38.225127716214374
37.88491103051448
36.19195768036188
34.04282894468783
34.52485182096203
49.33497452998202
63.19169770827366
71.72001016664416
76.26048660877015
78.11738559809743
78.31156880565669
76.75914184012763
72.65301758401836
65.45875391849431
61.89361975007732
62.823516489478536
61.256615742306906
58.05576327956839
53.96222198927337
54.85893521225226
57.119743248617226
56.55369871919122
53.38960647568254
47.512728415755745
49.400473631071264
64.05965355102003
72.83119782776359
77.15868308320113
78.21321778757364
77.37227876227662
76.29079123720702
75.30246594854829
73.95242380003673
71.88457788108602
68.005149316481
62.090061261646994
57.21371873138142
54.16065986617181
54.27546032834783
55.812547843511155
57.14531931034347
59.614019649887396
63.625169071824
64.47728712586971
60.680583984461805
61.400072932338546
69.28924059305888
73.37408189267346
74.7100657565357
74.66513962167443
73.84179809125546
72.60434795316432
71.05471433177938
67.83448362665637
61.23908512343279
50.68852760292369
55.27363656515037
63.774742733282
68.49589197090126
69.99719440112627
68.6814246918316
64.42556151515922
57.85281355921842
53.194167370796
54.83184179138962
64.38681682463573
70.43282074393198
72.81141075445896
72.40587986397266
70.03346056314508
66.47968371516923
62.27089695628874
56.814340048629
48.89648002919559
39.63827439875059
36.919767872985275
36.815119332121185
36.893226766841096
36.67478858534947
36.61701091783058
36.38518366214551
35.55382460871288
34.76062165412469
33.59272520406778
44.256465223883545
60.83165424305914
71.03662002844331
76.74698026129717
79.249698612309
79.53548998009542
77.88077649085527
73.51235426712839
65.64375830273528
61.6922154683061
62.641747349911405
61.766097588752004
59.73056915651193
55.662607718569106
52.19559051553483
55.37002574041004
57.527922208765105
57.48381963927266
55.28104232752022
50.266769572401145
44.53768160484258
58.681653902092435
69.0008079865673
74.31534069996613
75.95253719291782
75.42762181110172
74.35785851341447
73.30811979222173
72.09373875772903
69.990859233703
65.8325984062155
60.10875674923944
55.95431602996081
52.80506189348276
54.694467575766346
57.91447998595978
58.13400067119175
56.42601655619528
55.84270635150386
58.447937123342015
59.3135911145255
56.875476478708755
63.47476668101536
70.57753118001858
73.92704180155987
74.80773367364154
74.4052111024684
73.49624085473467
72.49468485754373
70.51064395650863
66.09206236698637
58.24553896742712
47.33485372550525
39.424052211037456
49.67016431097598
61.828942733480936
68.58794003249065
71.03611596253602
69.79087151467014
65.11875046330832
57.81738938245229
53.80566565232265
62.390110955449885
69.40265505620084
72.49059923952233
72.66284582980623
70.8260320492742
67.56387240642793
63.16931404064265
57.175373253161865
48.4320768470664
37.574700535364364
34.47039164349548
36.26219612452353
37.686338562436326
38.558080993964225
38.513493026363875
37.04416194877052
34.436167758942794
32.387388874148705
42.67309085370316
58.496407788965605
68.44242633740578
74.11624040996802
76.83568425641097
77.52670521154607
76.43997667657044
73.25296800273402
67.26082905921531
59.96126050147104
60.1251424084392
59.71562950941159
57.39059770131486
53.66537707626033
50.795392811325456
53.594402884555244
55.27764621162866
54.29335592318944
50.68747726293941
44.089508990466115
47.566837801588726
60.95943601271511
68.94063568450457
72.60829788717199
73.11517285286124
71.99234848195508
70.96063920323061
70.17406750351826
68.81967203388084
65.97283974929026
60.85447435389996
55.442846301982094
51.82157456973971
53.49252432843379
57.82724572307658
58.75054550727305
56.42372392695887
54.544113231767035
56.305891093906084
56.132328477213925
52.98430381493248
59.91693643053415
67.18707606825569
70.84338452328446
71.80704524699297
71.38363741948996
70.6898586200859
69.44893795689963
67.1793847854486
63.72474373299221
58.03350425628296
49.34410415331758
46.20320979463612
54.59283165452767
60.72634370026887
63.32009148450776
62.52335876235261
58.518935897988705
52.20839134661567
50.39582515733832
60.09841845340863
67.30416388894022
70.41139417814067
70.56097298488685
69.02887068079086
66.27460392954922
61.87374936748483
55.38941379506489
46.24707926233306
36.953578888428524
37.321020020794634
38.53880058638786
38.76845178860489
37.5524815202329
35.52093107282895
34.122181039952075
46.51538410369605
62.12878171273197
71.52375774540039
76.61859491969214
78.82739318054485
79.03652495192866
77.21241000015675
72.72524672805272
65.03560878805001
60.091345073878074
60.251292387839925
58.02123798773539
54.18431515327402
55.346811540063825
57.99591502446643
57.703148559193195
54.723190329358395
49.03909724007299
52.355865747361136
64.87610960038953
72.30033269943793
75.60756370528223
75.80570836424165
74.29587349605698
72.74396139466944
70.97751284748743
67.28113544755169
60.79125389831031
59.07046021052432
63.00924736623345
63.47638890929513
60.93793001720279
61.73311310942089
64.48689411483805
63.34038980326973
58.45996880564516
63.91962069045028
69.84805929941916
72.17426305355438
72.31223568251269
71.65337635648965
70.42188994183113
67.50818528504166
61.562975072665964
51.49119241836295
42.885246427644795
52.62361176515355
60.28337129859027
63.45297328319855
62.202252191213546
57.065448839465375
54.05949955464464
62.61706502820482
68.40629869443912
70.67795888427395
70.7841269057487
69.5850076152137
66.83510174378915
61.91245026662409
54.2179413923988
44.26035178279807
41.16688985383594
41.38799075669728
41.22702757365378
40.52846879815185
38.49166350518529
35.93720114271511
35.74925232356875
52.18371128334661
65.17481406521614
73.30639759258374
77.65851705983206
78.71367814943083
76.46110129422294
70.47665559061605
61.27607750139263
58.76985851577147
57.93384513791057
54.86501037775465
50.63774812677054
51.88922349253087
54.55933018134468
53.84696918273133
49.267010161972
47.23913349654034
60.15331419644806
68.88827147561196
73.15633319490286
74.20011567219325
73.6562488611491
72.92921337404329
72.01703322649439
69.95510609926718
65.5047522326309
58.35581098636112
54.77653210614514
58.4707356442988
59.49039436206773
57.38168752410267
57.70010484001908
60.41481254419299
59.656305776923695
57.460746893677424
65.00328934526239
70.18765538766057
71.86565977589413
71.36649494496176
70.00332798291203
68.34582755653416
65.775217310581
60.756425006004655
51.89662854790363
46.43488556367081
57.14534315086002
63.498781223327676
65.3877240706864
63.18610925589689
57.3564877074159
51.512330383621716
56.913716478977406
65.6586697691522
70.23061084070787
71.59306743015917
71.19122590694956
69.50592015154996
65.77023371253492
59.151826396560296
48.91939477951495
36.780394006930976
35.7591937335564
37.019602056636955
36.75557799417478
35.31498749691834
34.01768292250707
36.21140748880332
53.67922035138697
65.87244456882793
72.91828860513245
76.24139211251993
76.7857574050183
75.00778979099336
70.61041091345655
62.967259208842854
57.11215574565145
57.50175784266098
56.11714686850189
54.688120448566906
57.69147493719922
59.03749430777194
56.774644593585954
51.08895033994065
49.48687084558859
61.22934053767441
68.11706396204569
70.98774200917242
71.28537573863198
70.56199099694493
69.71043377108742
68.43790057922269
65.4295436959647
59.838074674211626
55.79501812070504
57.70281460161143
58.58374390968156
57.36997115069131
55.966284923879215
57.59833477724881
57.66635837723851
56.884758399102104
64.25428853164422
69.32841894481585
71.15735264113499
71.09316545643193
70.2977387545229
68.99954488609205
66.39676298464514
61.032619240084344
51.634311985392635
50.079385703823924
59.78986718161666
65.22273055251058
66.54949984943369
64.0093731229024
57.86300033891729
53.358992342195954
62.231421102034034
68.76443932638293
71.2778102151645
70.94527985846166
69.15333433754185
66.00772928409063
60.8021900057933
53.486022982315895
43.67679469332403
35.50500825290272
36.49594242614036
36.95189164069576
36.27347085749588
35.10425999166654
32.95779650086337
32.8023377786515
50.48415514752093
63.71126269262075
71.47091168497906
75.46593645026088
76.84218216993945
75.96545901656519
72.36357033136169
65.45975512716198
59.28252504404487
57.874128475415304
54.96897785483487
55.87183185852009
58.881692979972506
58.687065913369494
55.38744434157067
49.24187199864594
51.68550457261982
63.72009537590908
70.47109201572476
73.24485551471999
73.4338840671492
72.48588074091404
71.2975735110781
70.07957113256327
67.86678474957812
63.33636665654967
57.51843107725321
55.56880006535365
56.998037453895876
56.721981149361014
55.37022147067817
57.552397209768145
59.71799074858996
58.03939117820931
59.458101813645314
66.58799006392984
70.0712796683749
70.65782571480315
70.20841637255087
69.68814571229495
68.04256821530181
63.77624530303436
55.63747324593731
47.594143998413394
58.28426447838417
64.90691093987914
66.85396024581836
64.73398417094325
59.053655090629775
53.311672145543476
58.85292772263358
66.12954267913905
69.74269350847234
70.47120928838082
69.48367610630211
67.23739902549477
63.05554958294232
56.05219284451756
45.709178563228534
35.81416460069902
36.75815280738149
38.15598701741272
37.64945709491283
35.8827287995568
34.03929151148371
32.96879662527591
37.9252056098897
54.33962832117394
65.29118636071375
71.71559872072997
74.68244940134116
74.54871685942676
71.09987324158779
64.22168895698135
59.260011238305594
58.45386113737031
55.9511130720358
53.383922081152654
55.81878267848396
56.64220105979858
53.836548529606404
47.968069282408536
45.850822395033894
60.47347895938914
69.43405253576688
73.63329200404405
74.40595936013138
73.39119016491746
72.29217602669158
71.25677730876087
69.6961006531769
66.81764945761884
61.942238952497334
56.42931152449418
54.150680275257784
54.56789802019513
54.454708074603026
53.55017333948466
54.393669072887064
56.01656480790578
55.09513918253596
60.44200310399881
67.15416418241708
70.17710894663638
70.55062160035287
69.64023301439949
68.45543034249823
66.2751622801033
61.32728155354725
52.251257249679625
44.54125927393381
54.457235471874625
61.54361160410869
63.93160512896732
61.98382948601846
56.298173458916125
52.22191873278338
61.47856231341321
68.84519721315085
71.85358468677688
71.62639411543472
69.64970454592228
66.55919097749401
61.51962933140368
53.497013739460414
41.87332778949227
36.122882026098104
37.72865587743357
38.022810983738886
37.56014043212251
37.13464124611504
35.92124214408006
33.350550450637954
39.01609272878197
54.860380196309706
65.36168203933147
71.48545220637038
74.38852032563851
74.68742408603815
72.32108887011438
66.84542091887472
59.914368463164315
58.117549449656465
56.36480162560488
53.28737406568665
54.64853807324447
57.13181459207773
56.161977194472435
51.83488355315301
45.82969632798354
56.874007710683344
66.64473241446585
71.55677649018807
72.88766695819176
72.13107869600701
70.90021345411688
69.48544003702581
67.35014225118877
63.866324819921175
58.64884301094615
55.3285916181791
55.432942335665
54.41854166458161
52.935090404026155
54.4859427741322
58.095303238492434
58.48975677982671
56.129925879857076
62.938366154689035
68.8949290485341
71.31265216827804
71.49580983587283
70.42723797521643
68.50419024937803
65.71355138908109
60.779730600067154
52.197601144709935
53.34501534769858
61.927912397166594
65.79861217769474
65.33140241975819
60.8138653490586
54.09546250925237
56.935038941635156
64.65621335213146
68.45967551282958
69.12252229382487
68.12586626739082
65.80244351671351
60.92625652496447
52.19785446050842
40.314829256306425
37.61379069617051
37.93427830090979
36.96976012726655
35.694245106540336
38.46492333658959
57.75326043189608
70.20407401150278
77.20872209485285
80.01348170000236
79.11370170879368
74.56054779166135
67.02154964558966
61.50381117824174
57.73093087626521
53.495873044927606
53.38224774822076
52.63098075649428
48.38496343373173
52.39744224055555
65.06451130883099
72.25140045168347
75.13990048454377
74.9253933689124
73.3408204905945
71.97650335306383
69.88009020367868
65.4683632543038
60.20625477034245
61.462981235640015
62.028912434601374
59.02436532633425
54.897956546140776
58.27625300123144
66.86657078288144
71.52016823686512
72.37258445707408
71.00541457452724
69.53737218999977
67.58638626187238
63.44410090222347
56.482997011333325
57.77263719795944
62.540275907419115
62.67401886722726
58.40441473401973
54.492309299430715
62.93417847579004
68.5325623779403
70.39652783469342
70.01622948866624
68.3160712483149
64.725824168949
58.56296603134986
49.250803605053655
41.057545478060895
40.97423587351034
43.443976662816894
58.24831356842252
68.43967759712514
74.09978337290451
76.09484414554119
74.65691430362939
69.52724781919103
60.813366564715906
54.527139161496834
51.20229703996577
53.52472618532573
56.70860559724913
55.841696809286944
51.29629389814881
56.596519583831004
64.76596093040914
68.62503049484283
69.63018939367643
69.61366423831126
68.86118098958876
66.09382400180094
60.78257855976905
57.06770795981845
57.38552759234465
56.15328864190528
55.0402168906119
56.32455785635709
58.953472762856556
66.36385915383677
70.65439632414271
71.32374051170093
70.01628648895448
68.5714641802167
67.1355012744952
64.05937023775539
57.67393515757847
56.00517942893027
63.23662772367598
65.69057934943756
63.42669492209575
56.91727765432844
56.787142514910734
64.74051402779926
69.10499001338097
70.25707486888729
68.91015291543036
65.46088286650823
59.96167000472539
51.967944363792
42.35356861071195
38.93552762000627
37.20411075323439
45.61906750342173
58.37963243663285
66.37173725759071
70.74215422220543
72.28136138877201
70.84412367198291
65.7364232857069
57.331404765153415
53.098798730274396
51.028708213481735
52.896238113329076
55.989823326824194
55.55001150561764
51.24240447881221
54.73386600344922
65.5688322319462
71.49665489842823
73.55880761024719
73.09905107929266
71.83833684160803
69.99837467753386
65.83989304055423
59.04914404006628
54.397233111689474
52.82265957733205
52.10404652818232
52.482035329527356
55.9373716459175
64.42908236331013
69.77089881899741
71.69358176366002
71.53706432901704
70.86490464848431
69.72449738067014
66.7423992133501
60.85521200532583
52.87311602427715
58.77883641939708
64.18335698900698
64.91746916442463
61.21460721681415
58.652090144895055
65.84853306784004
70.21241523054668
71.47453485785077
70.49882009203115
67.51588207668644
62.202461417835586
54.31676517965414
44.55107740146016
38.53783189032411
45.19415289674335
58.85736200227509
67.04538824473426
71.37612378819712
72.96807331089512
72.01098589979034
67.88696846988701
61.29725511188588
58.318665292904114
55.697367015510125
51.25922266772558
51.3771403312779
51.48699208162262
48.319260790682
56.3923660888445
65.74792602044015
70.55616175432876
72.19300213527477
71.9935459181357
70.47276827538573
67.1101284405488
61.35224379173587
56.15433656287563
53.92376094535536
51.333332951454274
49.23746719776152
56.778555077822915
65.60709743504822
69.9880758522128
71.14578895472566
70.56741277453699
69.1361432190698
66.51251420619576
61.77913149386924
55.035992677209634
58.43334398813387
62.394684989575175
61.93774286276961
57.89453665610046
55.66902125762938
63.17084100080345
68.71608678969243
71.1410713984705
71.21521084968043
69.49706378232656
65.93389239269028
60.06974857457594
51.4743240592788
41.26725196513357
42.45457405480281
54.12373336227162
62.08997091687345
67.15493552824145
69.11305393604935
67.3812470008848
62.13089940437507
58.037116835782356
56.272862720410785
52.370514775731195
51.41479516170671
54.10376468396998
53.82075872107828
50.09200320896759
50.91430088113805
62.23568240444773
68.66165109399472
70.94176573918756
70.46013485949905
68.90180942777276
66.79692567843154
62.97028134300103
57.35880174386749
54.11132471659986
52.39634577345119
50.375035689645344
49.15918581407073
56.61144726499819
65.00051654351309
69.21781003344535
70.22861483531378
69.18666570481307
67.10173159653641
64.12709618096693
59.12125681767067
51.43562078197314
50.688084450703876
53.95892031791738
54.697454667389295
53.18349529688895
54.28579659698294
63.1297879133891
68.66465973290784
70.02889523310599
67.65750285750089
61.73946705247724
51.93311475717575
42.542774800455454
43.79551545675284
44.2079960804256
43.52277191403516
41.830206508944734
38.968944041222784
42.16842168250568
56.70010919217798
66.37967666051202
71.29887626941844
72.06918021507161
68.79815527282896
61.566202026249954
55.238727288628304
53.50509556452397
56.57934507433537
59.30824219353529
57.985659859012735
56.78704572467445
64.71756923600039
69.65587115002198
71.25411407758914
70.91029667577392
69.89756721631426
67.9219484646921
64.01488622361177
60.071278387868084
60.851371869848165
60.731818408493154
57.034783397079885
51.91132934271805
50.42619189178862
57.33351497942002
63.911459064248994
66.87110954688326
67.1975801524245
66.49162429081214
65.82936286791934
64.50169682783334
60.80265967955242
53.490142518508236
48.595823448198104
55.99871976568273
60.77962198736407
61.57515629204183
58.67689598639831
53.937206887615446
52.156253026439444
58.52012023959424
63.37125072919389
64.45204384493091
62.19269236422168
56.68892396044154
47.39507931335635
37.05461128418492
37.58666793242556
38.93463323420228
38.9371434363363
38.11487961550574
36.381496697667714
34.88915854839909
43.04040646568642
53.37267467013185
61.9685920440292
67.70831454222085
70.48684896021987
70.23167488906407
66.67602375906337
60.296637269083334
57.10609627463643
56.18345372952931
53.862809697525535
50.40158462441685
50.00430296754483
54.81857717870642
56.77991361825057
56.103047414043886
53.71160432714531
48.83216469171266
45.749158550199894
58.6368937926142
67.4503144669184
72.0218804694917
73.33071210938454
72.51355532933455
70.87970248158064
69.16253684382964
66.81997543810473
62.8506869838126
57.71718415266004
55.36377353754186
57.01969994815692
58.00397342787333
57.37553485563324
56.225866162345554
57.857693915439455
59.46445198116961
57.66512952668667
61.37464087787709
67.80877666051244
70.74983495508911
71.0836215138578
70.05094357732959
68.70789507190898
67.7465287870856
66.64598073438253
63.77538964028776
57.74676770528888
49.26367549848998
55.216111711874404
62.647075117589985
66.20082830987548
66.00990252457149
62.195909716623945
55.74883855903459
50.950152683741614
55.549189309288415
62.56241026320572
66.4369335699568
68.04927517869948
68.78940378176614
68.61173729584064
66.61241254887756
62.40709843913333
55.76843916413536
46.069789109206965
39.407509126372894
40.47194664086793
41.195228936548354
40.89398533862951
39.722050969881224
38.76369898897193
38.05798754231117
36.922486098368
34.96716189775901
33.47188216092362
47.273890049209385
60.20192171958416
67.7444162350474
71.19676413201654
71.65217729884982
70.1300524878337
67.4486019801132
63.429509369232086
57.7840277373344
56.10344598667015
55.267246832941616
51.71143105482877
51.461704341874814
56.334608346936264
58.20272248100392
57.25927313985415
54.09316317121921
48.150714051139076
52.2375414387256
63.32108303680887
69.84184338093078
72.72486552837417
73.09325123453509
72.06179695045621
70.35374897821768
68.9770556403885
67.59348653220644
64.45910501394876
59.1897589520734
55.07777825051129
52.77425442425944
51.34193304243452
52.915958458218455
53.663740225312694
51.88608548035049
51.308092364676895
55.341117273297
57.5443070600857
55.30189388068318
53.42388791307771
61.198185435325065
65.99524467295792
67.70832751965989
67.43917531059799
66.25821484354957
65.28687531755929
64.67852297051746
63.654286906219504
61.01188400975835
55.66532068684598
46.90480774051664
46.29699897490244
56.76723873873007
62.63630759269197
64.49295615563032
62.886542125482734
58.22120504615305
52.302583194297455
51.39987192404795
60.166981579892834
66.12380129785545
68.75678711068379
68.91920294504067
67.4992933098835
65.40054190568256
62.28412594670602
57.14602243060333
48.932157775694726
39.26092856390318
39.26012737488672
39.39709570472538
38.025288743421754
37.30308464042736
37.25527996412194
36.589189154130246
34.943929065653435
33.20358399443477
32.06806450408806
36.60449264090494
52.787559998371606
63.70923463605322
69.81500439487112
72.2282385112877
71.68415178691583
68.59537384939452
63.05707765698671
56.172029063643016
55.808949481273544
56.316306952640566
54.22577435785353
50.394396966845456
51.602319278869196
55.8636181926041
56.59295185115334
53.851521167247604
48.38975855547499
42.83970001293064
56.32943433996932
66.76660192044471
72.19172641419007
73.86637767869596
73.05064908761325
71.4062440455147
70.16703188511045
69.07913997084013
67.04913866891313
62.98940009954569
57.313389058405264
53.732850309360046
55.918987241757875
58.672476605304674
58.34171298960938
55.03617488624379
52.93819381055268
56.604342066495114
58.86787050006984
56.52319909507953
53.58794732981642
62.57991041031669
68.4394333717327
70.71805336188925
70.56712680258521
69.04989368043405
67.30723352725092
66.1529688898631
64.1541410870315
59.38241340563888
50.84574497209904
43.39866194403953
52.85660644268164
61.223035872225246
64.82908853034016
64.32887847940009
60.32422146884572
54.69098307969106
50.81708269562799
57.250156683788695
65.22098997008177
69.0948473165488
69.84311636519351
69.02017649326982
67.94234087282551
66.257538899763
62.85284679989822
56.84436204450738
48.1729099555626
39.76937528983315
37.71204612758663
38.88007189527004
38.95031131545789
37.714795827844796
36.3946530717342
35.30564441262232
34.12049052666166
32.89904978638701
33.18728066139552
47.853243850003835
60.581253532840975
68.2998036861419
72.37819168126062
73.76161554245383
72.52338383112134
68.14151478231904
60.290134156014076
54.67864193829649
55.12190909595547
53.638798070038575
50.41156444376124
50.51482574283288
53.9481623326851
54.76984712873163
52.55228068063586
47.479346275868146
52.35289224752634
64.87310416105507
71.68177864673937
74.17921599574235
73.47632078500885
70.95606099654604
69.14550816884972
68.91735279888083
68.13346087625855
65.59869103381035
60.92959230211469
55.75358408794042
54.10609598096236
55.719962080456796
56.70945318578604
55.096648478042155
52.028123611686034
51.99953576732696
54.5096148907692
54.29424810038125
54.12652596880583
62.36643726550284
67.49100681121074
69.19097507629896
68.8507477908205
67.73482381355993
66.56117570505943
65.25289254964811
62.45986711737923
56.52801984287301
46.81986071472647
40.348237927936665
44.87230675259205
56.11681694827983
62.69869719937074
64.79115310561133
62.87528268015858
57.30881742630015
50.695288978624184
55.30527629154228
64.26312183454728
68.9087650735976
70.19268416165167
69.56406683767851
68.16254488782731
65.87612113370109
62.04808261864432
56.073095571784805
46.94152065724503
36.40666285578411
35.36008994079961
35.971268081325746
36.200653900957704
36.6011326148959
36.35225181964186
34.48071357773421
32.33683647119966
32.737540343677345
48.12856354566955
61.074446063101966
68.57384503274636
72.22818020567428
73.52086471197887
73.22295695730962
70.7608235590142
65.41638836435888
57.34038455852545
53.44259101795059
54.687657501002995
54.09536005515557
51.47155967520283
52.79003422117877
55.71106629573855
55.581142608548646
52.76833210957699
47.94325705956794
42.4944425552707
54.694903740663804
65.07091599328332
70.39482140207713
71.86218924894652
70.8207051632485
69.01514396765917
67.80964313550169
67.22606790943063
65.61346375988508
61.611080061986485
56.03068034052025
53.75213941976661
55.41817934565124
55.745899641184344
54.197723876266934
52.51845821672121
53.43765643257851
55.334210983725654
53.84272133542525
55.13046805820123
62.43766131467183
66.5610136671516
68.66922567923194
70.0991558908797
70.87960274709882
70.64742143947987
69.56096617757862
67.90672865614121
64.78458802370086
58.77878933326421
49.01575712944095
43.6648300570409
55.95487281057652
62.982000035976704
65.41239890128162
64.10258255976314
59.46881130939741
52.90884932394641
58.641342812153226
66.46175089591996
70.07308165614293
70.56545747379946
69.22234392956035
66.87037809854198
64.20797897240398
61.03450777132252
55.5844465279731
46.45465310740163
37.21394356756301
37.29786128422099
38.37375139847826
38.78842943459923
37.92975016984243
36.689133133238265
36.10108390400699
34.64956219888694
37.90757607005651
53.253224443311424
63.761615809779485
69.85254207775859
72.67000682929742
72.97209953632888
70.81510941097197
65.58797888986278
56.94955152023792
52.10247314265496
53.039744325818546
52.01317957374248
49.51899842299802
52.52758527322122
57.02880623810042
58.58120749742949
57.15516724781174
52.398725829106965
45.787437857369035
56.87019642694585
65.86774046908786
70.3767640083011
71.72468191113546
71.29219990111389
70.51608832992356
69.91071107868157
68.40800675647243
65.00832110040223
59.22851120594971
53.35298059285545
50.102264722917454
48.38889433842138
51.29859578955021
52.89520124218939
52.192014329624314
53.70121000204595
57.53699922329349
57.79330072181462
55.020775042918146
61.51864434946915
67.291241889335
69.46570213976659
69.64265202349607
69.10253404590199
67.81866916134096
65.64444882840778
63.14458954639542
59.63681709449211
53.21621668833249
43.6827933770812
48.84611331149892
59.50417479845299
65.06995320648444
66.52399902459764
64.33035641972664
58.768648008730054
52.52391256449664
57.352166249005805
64.33679163190627
67.60932081183034
68.31661480045375
67.89898995776879
66.54280925437719
63.40282535231304
57.79487408300044
48.86066733372979
37.178139430324784
35.61949915098416
36.35694834679804
36.403187126441615
36.3872513111656
36.02180125433903
35.14935904225777
33.88089792366257
32.19657724594712
31.609745221866305
44.42451543386825
58.045149851622625
66.81267214262127
71.51713467131317
72.9962287141994
72.60378807587613
71.63790417038275
69.26364635409928
64.46195251387064
57.359996631886304
56.665909429662584
59.43040438136531
58.84067333501994
55.81513577937309
53.03369779812677
50.05448894063761
45.10744963591918
44.79627800257707
50.483176101590736
54.23547767663318
54.95803869512693
53.17481634502913
49.85839644980656
46.00861490821448
41.471555489487024
35.565969172038834
34.88299674292769
36.60092759982184
35.15921123524777
37.398408394714636
48.84848470211274
60.902430054559204
68.80615635947333
72.44925974734426
72.67763906532608
70.65946219025777
68.93292814088363
68.48402098404955
67.2200708376567
65.15987576594016
61.9825163544306
57.199866659084094
54.192349591614374
52.60161042078607
48.800300354829815
42.310443823554394
43.78387894031101
49.89209623244604
52.586299837838546
52.22411911150731
50.493015986760234
49.6393760226966
50.63204013804041
55.19578656054677
59.18318446407872
59.13274965306064
54.50875727537354
48.418701303214355
58.45981695845124
65.75125554366439
69.47418960168906
71.26825387977617
71.726503079745
70.93229984958899
69.3321640224841
67.3651087224307
64.67552595470282
60.89800440153663
57.74021937018795
56.06727132438443
54.81803236061505
53.8255205545737
56.7192746781026
59.65743778219299
59.44924407565971
55.5656290230563
47.70053156475044
37.85691154762538
41.97766009369693
56.03756233855317
64.24339790754625
67.7546294881235
67.60066637780747
65.05260578642235
61.29701736602313
56.33266157212074
51.84564839699082
49.47950525121531
47.61263204575763
56.73696517082707
66.20303995971993
71.13138901640453
72.33921339473936
70.665036538875
67.93821755433682
66.43429551594696
65.42878382445875
63.24303949298202
59.01168476428114
52.50703451111689
43.5940510693806
36.094173180924656
36.33790315749417
37.79244078240222
38.67928128109909
39.296552301105464
39.44036150776745
38.7835980869068
37.9518374607127
37.254631282146356
36.180387533461676
34.34285505450474
32.742686282964335
32.28763337474661
34.27720956658396
48.83956201682296
61.63037624416775
68.79589552182667
71.65825802747949
71.74541299726238
71.66895494338918
72.02567761417359
71.37654529279088
70.0059169451021
67.8574216140779
64.08724433154407
57.90553093107971
49.40242617385813
51.179465326916926
57.102056367203595
59.44338199770645
58.790793236763896
56.52781473134891
53.71955932458633
50.52479815371289
46.60230449483247
41.53346464550196
40.277450190447894
47.95713101173202
53.91229809746493
56.31477475855338
55.585838796807664
52.93150629450377
49.327290639784806
44.35767497205049
37.57249813451827
35.53314704169491
38.295317766878625
38.927452570139714
53.34816088978597
65.55345180166096
72.3010783183789
74.95986209059892
74.75593233454829
73.28293963939082
71.73299933207869
70.6219590605078
70.10640550395462
69.0748141335254
66.28486396666108
61.653753767706014
58.04633608225265
56.61304953327692
54.600765301612746
50.48779056996419
43.9385903691896
44.42100239303712
53.155196270312686
58.807620605804814
59.87019526683957
56.45098822803938
50.92163850426542
51.148455633130126
56.015890900048674
58.12732775562562
55.49670483567308
47.68247730511692
53.905352811017096
64.74878310700407
70.46119044118424
72.41916788942858
72.01733831152266
70.71528019034163
69.24383347469328
68.16293962286684
66.9092373657757
63.99003865929409
60.538574334950574
58.741676915130626
57.95892720873732
58.69251982813891
59.9799868332007
59.63443352816084
56.139952057534856
49.05772522732061
38.89604359904037
33.99553153538256
48.52146596735925
59.63098161905832
65.32349491242823
67.07226838168114
66.40086956581978
64.18837691210489
59.76213645118251
53.499146878980675
49.26796241221976
45.76971456173902
50.61002724336879
62.107514341899915
68.58208686848207
71.0708808381028
70.66606755194937
68.75989091404425
67.33505810002697
66.55995677431403
64.50952256900487
60.604493440908755
55.120301710004355
47.71728986861363
38.01102556344651
33.38393922277593
34.05097986333203
34.77172665669031
35.49594194294043
36.64505224331096
37.41350820672244
37.63843678112453
37.45971384822486
37.34093300820095
37.03824235922821
36.244708354060855
34.685617334338744
32.36516978154978
30.95676725981893
30.975196200786566
33.43600301616397
51.2906584225361
64.96825547576117
72.98205100677475
76.91659644213328
78.06670186488198
77.6584219228552
76.54594253323286
74.98405341520284
72.41337214086137
68.01514715005746
61.04426111153196
59.234672503386236
62.77998105006361
63.02255213651421
60.43323559300441
57.13978301784757
54.99783857594401
52.07111885154272
47.0534732023402
47.739397332274585
54.56589658761769
57.85107953565269
57.18723253665682
53.26450038972851
48.22644639295695
44.026701574315055
38.95678598925703
36.03018487988215
37.260180693779084
45.00458266224403
60.531662985223505
69.83900504943671
74.71489455969484
76.43003927640942
76.01628010931523
74.62021958040404
73.15877360054068
71.95723965556483
70.88397709636712
69.37039402406893
66.81179293545137
62.65324865213796
57.54382430425915
55.0127451262854
53.77970944393859
51.54238902599452
48.59762653963875
43.805065296769854
41.712879027367016
51.572299953801384
56.79105228819242
57.584932807563504
54.98867721011435
50.87774801492452
48.96616346967147
48.245285469208866
45.47444892161715
40.37864643713342
46.43813783856829
58.50925456913947
65.5833434960562
68.76116217662532
69.65481824635346
69.8434057029277
69.65131150522527
69.23631720678314
68.12459822318915
65.0013108351442
59.817846980588186
56.114163016439996
54.5775576400709
52.33998938128053
51.422118119445216
48.844101472736625
42.09101997664244
34.43489745217092
35.37237908965459
51.06668565007325
61.743046970110655
66.96767550769383
67.9717692329788
65.53522050007096
60.16237192963841
53.946267572750045
50.85472324643737
51.099582681625925
62.570246801776065
70.5512369090152
74.30993471003333
74.72096787571927
72.68795431328216
69.58295475150977
66.87818788991243
64.61200478414779
61.67402628963651
56.59961508507402
48.43995789825685
38.91379232972011
37.948739380417095
40.282260309490425
42.068969658809266
42.79472593663429
42.653018610498385
41.99223372300565
41.31035139535173
40.660995275418834
40.435586086290634
40.03094090572933
38.49446532533223
35.58797579990956
32.62371241500955
31.162188808241385
31.404498703628732
33.33733975907525
44.343774982027256
54.23242258571453
60.41434940680433
63.380463586190615
63.17709956448888
60.27168823536122
56.921472544039375
55.23630979519923
52.563841716331716
48.088900525257245
49.180975368599356
51.82456368806658
51.29680266650741
47.997881210810476
44.64636009102696
52.87464980878133
62.65005470343134
68.62891815215036
71.3700913461432
72.22065654093223
71.65872194900699
68.93265536478896
63.39444234477859
55.39128378817203
51.643565996821145
51.079069873391276
48.608191335966666
45.41693146914942
44.89151883914218
51.98378535155733
58.1451530970171
60.964406219328225
60.32561312522077
56.81760452236884
51.60697254045661
45.24151000011643
37.58592281425592
33.53136590294583
51.58602497313502
66.13479999888753
74.53787846812
78.8619664533138
80.52363438230451
80.7354785400779
80.30259612868484
79.43410058293172
78.3509850734166
77.14388257237562
75.66153209356861
73.29065009892011
68.84203573663079
62.064536842877715
56.72824849128426
53.75010940316177
53.2195730186255
56.633938387207564
61.17234530621925
62.23365193386822
59.25127726691799
55.40680889093257
60.10271075249396
64.31449119861293
63.74843031781168
58.1520017841943
60.1582721815283
70.08879489827523
75.31254453175245
77.42951232289474
78.02499548645089
77.4774116575319
75.76113275315609
73.72274122106752
71.73740879968162
68.5721457516246
64.39659257829264
62.658717337408106
63.2051486345209
63.13532466015333
63.64753123695135
63.06563233471821
58.777779992362696
49.774912975077456
37.613346791880296
39.99294744428284
55.74446082293959
65.44739218414887
70.46036712883365
71.92555813793251
70.55785409627012
66.59674608474147
60.75254700924771
57.36489181234573
55.649364525188645
55.17922020338271
64.77001473009024
71.29844502298528
73.80469432766404
73.27241173475996
70.74004601302202
67.44265513671866
64.52697951587406
61.93845102231704
57.934549980452786
51.36266256359978
41.78165251181747
33.96207552773032
35.74600720230049
38.16937308450395
39.86038778927875
40.9756456059118
41.80426473732584
42.64114594256321
42.384470609132514
41.15010549402595
39.37828297462072
36.7406552318887
34.05510141056205
32.41984702794929
31.575818512798023
32.52011585189538
45.52384216142923
58.60940137834821
66.95866556089595
71.61491286368229
74.0441713296392
74.95512752152601
74.48421368875144
72.62463140367855
68.59707449052691
61.815643325063434
56.648176759623254
58.872274643060976
60.12798611659616
59.397210055991124
57.149390658378195
52.907917579067856
46.36555414504591
46.760846808761485
52.699318235100804
55.80872908145831
55.643021755258026
52.73546869604707
47.679057883172476
40.88769500220701
36.01941127862081
37.87810694905727
42.569300181183664
59.28703254935009
70.39349279765686
76.19564644325949
77.84567481924049
76.56097256248472
74.3577574424587
72.79937993244334
72.08463803051372
71.33742520169929
69.54561907882614
66.2645545725284
61.72229617661863
58.88620884760785
57.74120380317748
54.84822157717366
48.86815230163123
40.46077113967597
46.660202332123184
56.602766303382445
61.473933844818035
61.929409045148
59.05524320519464
57.81290417845926
61.54617482306638
62.824614864784174
59.46093604051998
59.816295684292946
68.35365474637375
73.10094297129513
74.88557424956294
74.7926230693043
73.66753690466373
72.2260554496855
70.37671042973484
66.95860284295073
62.840792371060346
60.99317193120488
60.63111923378248
61.30113464884944
60.44801110178311
55.97144515119139
47.03771255261297
36.903414622927414
45.89952961595892
58.707615462566274
65.94639120651188
68.73852621563452
67.81750315584354
63.64630257747233
57.25692187583298
52.98033315536149
51.180106462250386
49.102120755539865
46.58809158443961
54.26898333122757
63.33066356602784
68.30347993360468
70.14044714653058
69.71996272259746
67.93084871699419
65.8268912229874
63.594964561188505
60.24418343700247
55.02700894833669
47.25876255594709
37.77757619632205
33.016894831476996
33.94258916785121
35.00219241680921
34.86838628989385
34.13093401950113
33.81303707078502
33.703887649775325
32.99672093843502
32.74039931310951
33.44369090198933
33.49883885608612
32.42730624577553
31.470352494618435
31.180561572129953
36.667713757111706
53.15562972930513
64.87661047378835
71.78078016497692
74.89885375142448
75.0740175233591
74.01834474265729
74.09680428331532
73.79993641516349
71.6158637584476
67.6927839791926
61.800580256490704
54.86291028232106
57.12833353227615
59.56112562658575
58.708925828361004
56.030436842293284
53.6302417399928
50.934711067405416
46.843147977388725
44.67953186234904
48.961760940340255
52.14095658760442
53.418184980487325
52.461078020512566
49.464583259148036
44.50252327983054
37.41277071771502
32.14931679814071
31.461182068645698
40.31597225877648
57.240086603881664
67.76425708073815
73.37634057627709
75.26378825120732
74.54035986984191
72.79243329050712
71.22368453900754
69.8410270480496
68.82268051312815
67.88025052316739
65.86144886337748
61.851854914751556
56.93239925290171
54.57793961740415
53.542454877697445
50.929160459395575
45.59773231402532
41.45419886124642
51.25002761813935
57.64606344165281
59.50714692277241
57.357588153705294
52.79506062920058
52.95012844862568
56.59117039445675
56.9453979771993
52.86123787517984
50.63999440384059
61.93772228454545
68.84700868592137
71.86428794541477
72.65839393838304
72.44774264791248
71.60598706774445
70.63962014906016
69.33500338695451
66.48024412977442
61.90899265263813
57.430795353188046
55.70521918111994
56.41495437695785
56.65873853467716
55.49695867791815
52.50206365706425
46.67196936361311
40.01650662496581
37.89036120392537
50.775815542466134
60.99474140809522
66.18216279193389
67.54824319217725
65.78459066938316
61.33061613840404
56.13137589725205
53.33078144937395
51.013823780443666
55.45799093059962
65.06048252208059
70.30606424033431
71.45791419766597
69.60300632495125
67.26573294988876
65.82013524150541
63.86858119979478
60.79454832734846
56.120199172831526
48.900587739348246
38.83144966022237
34.090247091274264
35.579524476866645
37.46491327560784
38.55985533227574
38.66864646117275
37.70571987287849
35.80137718051107
34.262907247701555
33.34415432609323
32.39758705254861
32.32915358118467
43.35129755134139
57.10963941838965
66.22471920456421
71.12714261816407
72.93372177946421
73.45072543429701
73.94203014176135
73.88563303963238
72.4227977585535
68.66797011441052
61.84288190731998
57.354189299354914
58.991468074243215
57.66352376760998
54.4924865086881
51.355154997584705
48.373008819770355
50.55889730340064
54.31201809854595
55.472603608696176
53.44129643657624
48.48856636303886
41.70649472506051
53.976364225144245
66.62714397460617
73.6727054787819
76.6948116721826
77.0285041935981
76.09653117965632
74.94116663211659
73.63110247147003
71.81830527409176
68.7673806035128
63.66831582860753
58.0565005500815
56.43171955741737
58.29735138961341
59.780139116854656
58.96234201879792
56.28575917227493
55.7623487145497
57.54590056662878
56.61432209676276
52.793868883621535
62.25338172288768
69.90087002372292
73.30349820621292
73.79721722889774
72.73532336099726
70.98381722033827
68.62707441739173
65.35790058911977
62.723244657576835
62.210774483813516
61.39025599421868
57.70350556312848
49.60455150844134
41.29533588232016
54.92655658585565
63.5616176215284
67.47583330716631
67.7647391418611
64.97510026429742
59.21976563353789
52.55483969574505
50.21638604478259
59.636514218526415
68.3312242713503
72.45072956523698
72.8091920005377
70.48470068141609
67.57638011342091
65.5044262861689
62.82581919770624
58.25088419011976
51.2783117465589
42.11458280342732
35.84655210158438
37.40429576630851
38.51428668050665
38.11711725657519
36.92144003274545
35.25176019768333
33.10869398640019
33.11721884391474
46.83234116854494
59.733763639189405
67.63931028318572
72.03465313488155
74.02735303278995
74.09568971028281
72.20712174498475
67.87093922328259
60.60928802383845
56.37359448981958
57.00670686714347
56.212129981149104
53.899529283321996
49.523470939035505
48.49081529383436
53.138218582092016
55.27503590853409
54.22559065681205
50.24327352579944
43.914993311009326
54.81453718749286
66.57784310371537
73.00853059290233
75.45685040843526
75.23052645351908
74.07840461185992
73.07685068328489
72.1265240488856
71.1011456504457
68.96373277044933
64.35881062119854
58.766382933470844
56.889799238486006
57.66343418215491
58.72324165668906
58.44981243246353
56.453390106158416
55.51770763463318
57.435139021918104
56.545842325380136
56.22763526227019
65.36922152631522
70.88202820315622
72.86729553000926
72.79915409555304
72.02459003827211
71.2717579224775
70.36022612999838
68.26111120974093
63.62935555828868
55.31595785859713
43.13814263146894
37.5227926479612
52.53863570394267
62.13697926258479
66.52625887870185
66.65954589519407
63.05845276928789
56.80015572383319
53.10277246569093
62.02097899029356
69.08376962246378
72.00621157853877
71.75772691895517
69.68846870094028
67.52292229606408
65.25537717997247
61.39338000599374
54.9903976705184
45.43946237584035
35.9392775383196
35.715881704546995
36.26626274558586
36.55287250519167
37.15882148638794
36.90660164230888
35.35964441509156
32.997857339937376
31.41877042412633
37.729373993149736
54.13035457595036
64.98079957985462
71.32800723224791
74.32062081292496
74.58298880839168
72.27030829853975
67.19994123720608
60.649079953350196
59.30123871869342
59.060622157112626
57.04025776074567
53.03843575559668
52.39486442173884
56.42722669774098
57.143614405512
54.375237360979234
49.18738814582773
42.70064898936077
54.250420831877044
65.47145847687519
71.73999345779207
74.30995900461562
74.44293920155002
73.54423421997214
72.48344382427865
71.33368637868925
69.30868243673584
65.18232562308688
59.037338483819
53.83186839485522
54.34648043698892
57.1218607073489
56.59662010028006
55.475361469754645
57.456320065728576
58.37243349582921
56.443303324936316
62.321846956541485
68.51749000772209
71.06661225436653
71.16985046643215
70.22714898263087
68.78648872993139
66.66627036316301
64.22142322498841
61.62121469588562
58.641258291720284
54.20821399459786
46.90751606792943
43.63743060591605
57.040114149500965
65.74737110432211
69.59301861700338
69.49228516395755
65.90780714337717
59.20369032408302
52.217578117923054
57.65718870239395
67.05156817567864
72.10456689017916
73.75245525103222
72.81899645312136
69.90873615558635
66.2069578634334
62.677967862960394
58.14181591018038
51.543560345699184
42.52525217532434
37.02691052766137
38.682248766436665
39.875580929323874
39.676490960256345
38.6517046670422
37.560372186905354
36.24628102694507
34.5588916287295
33.74716152780297
48.63280176928566
61.48339786769573
68.97584632253194
72.83045014378118
74.71925743276523
75.45645013508647
74.3382557908374
70.381331477073
63.27806947209841
58.966890276041426
58.35048085141865
55.41393162549748
51.079051879473774
52.85020978369655
56.56613961933644
57.22160229323508
54.823871212943345
49.53588337730658
44.68406399417073
58.50232127078464
68.41364356887414
73.51630736112006
75.01036897625072
74.31719897058393
73.17515396019321
72.30619858927875
71.4235196311582
69.87078325870759
66.4951335719441
60.85404842853501
55.152609021675985
52.629155003192565
56.18974132937774
58.35436589525726
57.31475371256009
55.60027924868685
57.074254802713696
57.43584306239001
55.879871380679454
64.31601724400082
70.94578066623613
73.74147407901155
73.88116200159215
72.64759367912888
71.08324601595682
69.25133557701884
67.33812337900517
65.727834002673
62.1924304647373
54.71300271084297
43.948831133144836
50.96330207101139
60.90149967648156
66.28426777345078
67.77625928426762
65.68511654265352
60.410008240076046
54.59078952245416
53.96135584582241
64.06025295167365
70.95135677281309
73.95704167799585
73.86048004748704
71.42014694918566
67.88762000067989
64.39881016558998
60.129976118881586
53.60498833406159
43.717735356906154
35.38595091743647
36.32568744230715
36.667530127410686
36.52623204425968
36.88031851027341
36.72843559891064
36.05480349040595
34.75377624323702
32.88233236707849
42.10293395970332
56.0962829856923
65.22589095346939
70.71851793609041
73.53543557981288
74.06970457500194
72.4540899129514
68.77527290528937
62.864297758771635
58.13914193241796
58.24268808626461
56.959063771685656
53.72836759537545
50.82592572911936
54.80709128101819
58.102152540073135
58.05422017510232
54.59150167246699
47.827803950839666
54.83249709898254
67.0346071816939
73.91477929946527
76.82392472936951
76.9568364009098
75.86337488724765
74.87150225861498
73.86836912827705
72.57896130173654
70.25740570045863
65.6709937231054
59.88878403984339
55.76264768047194
53.230186014834366
55.708794747636155
56.2281566022389
54.49662129119878
54.32274016087793
56.296475490649755
55.97674793908382
55.99503437247124
65.49093490575291
71.46352903861101
73.7754283433655
73.70470799294381
72.80229980354898
72.09009964912978
70.91195900125449
68.49791591791595
64.0588775718284
56.250723814649874
44.45243261518323
48.19843879373789
59.67742280682722
66.05581288431598
68.13392767602954
66.3740638183863
61.272694516475184
55.36882026237737
58.915025718321495
67.54703123211309
72.53934291025988
74.59851134130528
74.59072355738195
72.93221321157975
69.92327957527917
65.88291295508564
59.709514841309144
50.195793277786336
39.01511281506626
35.782831440630986
36.94858380450105
38.10085599106845
37.83502453138154
36.47449436305622
34.759069359113504
32.82374766350013
33.22365975506477
46.50061874390264
59.29387935539567
67.54678430503363
72.23778263178859
74.41017473046597
74.7173817860572
72.93609410056982
68.28174297041943
61.33555772189524
60.07673476929969
59.541822637270954
56.80143635227357
52.552351144625874
49.86687977846501
53.20145124475677
55.51183438321017
54.75719856531022
50.490109675898424
45.266380551960886
57.897898955242304
67.56181037931847
72.74532222410505
75.00289612516072
75.70421158281616
75.53592241212243
74.75862627360256
73.70121292468488
71.93871962414569
68.12014527369372
61.74547214327738
56.06664732582237
57.34153773218715
59.11283049167653
57.72128167290596
55.53683214725006
57.967005473372296
59.535886764545154
57.0163922883993
61.253230919688676
69.6718272441779
73.98386615832507
75.0335218726034
73.74797193229432
71.08481359776698
67.98707954055067
64.346853509397
60.17721721787322
56.26670839686501
51.56471140203794
44.666450004995426
38.16611804285296
50.73862452925142
59.76410370747477
63.4261365827372
62.89919871417169
59.92669270629493
57.027550716605155
63.750466084774686
70.5026180801375
73.30232956471036
73.00986589080496
70.7039592861887
67.44754155552259
63.563048038908846
58.119332517992206
49.6016021613697
39.47522545627018
38.83203954876721
40.01100995181048
39.65378011105691
38.37358481820254
36.7598800281161
34.797710612686295
44.02262664639742
59.77725867840104
69.62153285071045
74.9861213530278
76.70015776004647
75.12864940383555
70.40255935658959
63.78588021257845
59.168768812893006
55.25606868037896
55.06364674297278
55.46276354505415
52.673181829988124
58.903306356343975
68.67340568658214
73.69764053097413
75.38682403826007
75.49616964709442
74.72658512416099
72.13634238356275
66.88374486073363
60.69902381180542
57.84764846510454
56.241745042632274
55.99795990888165
64.13152713406973
71.3727176206925
74.43845878869651
74.56345748648396
73.36033321332747
71.61282003708179
68.54865436858711
62.83261947754356
61.37908555349953
66.73423382915443
67.53260563830365
63.60349862919129
60.95835290457019
69.43270865740118
74.26916367195064
75.32723580922381
73.7068825560709
70.38027697253486
65.5189196743489
58.87496041873707
50.192076354583634
43.351652214535335
57.34549922746289
67.74632512335307
73.93381671275876
76.7759743535726
76.62112277346317
73.2829649792845
66.47582974359524
59.5207858384375
56.238724983626156
56.75408634331443
59.61491327968346
58.73406295020219
58.48212397321536
68.09625358083777
74.34851107943177
76.8329400089344
76.54007754562768
74.29074023881326
69.93499041404041
63.4004103945421
60.72025262305446
62.2024027401189
62.649012623409746
67.72944408699554
72.13262062666809
73.20695129070795
71.9717392436076
70.14060684458816
67.90822400399065
64.02184250428516
57.366956574089805
55.676907842467116
62.86272863447454
65.31194605160862
63.12292221857159
61.67662011638171
68.66456161488063
72.74400461789186
73.50016641223002
71.80604699834389
68.71446489510895
64.90611639387961
59.379675032643455
50.56182236767978
47.084352697435534
59.582971741732905
67.45939890011611
71.33091234363667
72.1469527868215
70.45411529823214
65.82989327259965
58.16145842642452
55.70610060277999
54.46664476960941
51.28950923250784
53.022202701958385
54.76707481222323
55.216422691359135
61.938394874925535
68.1673845682966
71.60088009845333
73.37445218642729
73.59380883943787
71.78152822388661
67.386977932823
61.52132504856412
60.48765650209039
61.62564158093111
60.886919325890226
59.42704484429268
66.35934381716687
71.59950825496412
73.30697277594291
73.12681193930351
72.26090350170817
70.66625678361427
67.56914645226928
61.57631216597405
58.48657795670546
64.18977181623961
65.555173450979
62.433473940680514
62.52284762826353
69.86543933632692
74.04975701633384
75.08285039581944
73.56405698973671
69.99864629649562
64.40176041958833
56.152896885178876
44.683335546332124
41.281268905660504
55.7542330152676
64.83950816112325
69.72610984438593
71.85978855408077
71.96214275899949
69.71286788136885
64.66059898087244
59.05383239490015
56.065400058582206
51.843499306449196
50.085996093061766
50.29082878420973
51.23038245996382
62.92942133309808
71.00566276991877
74.94944240942695
76.24938053648107
75.8580810731998
73.32170505472416
67.86927085246626
61.01492145059714
57.46742827527531
54.93350307359379
52.6888398694285
57.14679455063188
66.19465024810042
71.063566853702
72.3917810272723
71.42616315017824
69.63600049467291
67.96324214058045
64.74461595953815
57.81749123574596
46.675070372811334
49.829255049441514
54.27543140347656
54.992524678422384
57.90664446920922
67.27653553371087
73.05513349860908
75.16285910482806
74.46371952813547
71.61325264280922
66.55461577320828
58.344937278597754
46.87831584727008
44.94260382732064
46.101236508409656
45.9853749719789
44.976038268953516
44.12842175049006
55.566414147315214
67.79987898544152
74.69725629587768
77.25195786045094
75.97056989938872
70.86982710992444
61.535623391660735
52.122334261196954
56.31684372618842
59.26590143594679
58.73151746864896
57.32494721387588
65.8675974810104
72.82630849609586
76.44249060187616
77.7505526114684
77.25230778855783
74.80154042536645
70.08377567759138
63.304546611346176
56.407766937246905
52.742686641092725
51.232411373018266
48.33212693713345
46.679849852328836
47.18095917565448
45.88787760651287
50.332247328848965
58.942214641708105
63.696415597483416
66.11189679516545
67.92816663856222
68.17114747970524
65.9638186079042
60.841785583672916
52.03357552331309
43.384256580908016
48.46425357081707
51.253127770811375
52.32285731150375
62.42744476069794
71.30264119062578
75.37867034386923
75.37274580637663
72.126502534672
66.59405610904457
58.67888529059232
47.5326117197244
42.92406300250426
43.08264995283035
41.64213096915055
44.64873902029336
58.77964664469948
67.95557735629893
72.16326945712386
71.91623740444965
67.62093667968274
61.95011147369896
58.16413549351842
53.28732634389554
52.61238922333902
53.10097236620963
52.60434217367964
64.0272752394145
72.37836757922455
76.40104464023638
77.58733310483063
77.1858403636529
75.55020649902302
71.96825668154071
66.10189825920944
61.98814504565064
60.08991168501158
57.773593172200876
60.60458589697938
63.603616505282645
68.95261758677577
73.39709137783272
74.74690461126788
74.00977093581902
72.64689135345526
70.8102663155226
67.0843592765745
60.289368082874766
59.76921629048488
63.81810484765441
63.318929156919445
59.65858768501346
65.38697648977353
72.12659490066058
75.05561445741212
75.06004714015823
73.02021138379882
69.38775512603255
63.945864253692505
55.84039397930696
44.28229452081339
38.172990988887946
38.80774292900815
37.61405880170664
37.99400240862177
45.06130335765007
56.34132628718721
64.78894407961583
69.21045356697219
69.58511343432647
65.92057523223595
60.46296050070333
58.89454223491938
56.124755674671086
50.64682001329656
51.258923549600226
56.153313300927664
57.74311933503569
56.155318076383196
51.61411948939226
47.37189832787081
61.13818270311846
70.48216696865563
75.0552988539619
76.11261884349321
75.02865924688581
73.46168647409284
72.24469013173669
70.43957199395615
66.61179088318109
60.75508224067475
59.59132092913097
62.19393563908935
61.73811377061675
58.1681744285178
56.167180153542475
57.47638048570499
65.50131466080472
71.38139479681938
73.42271085490809
73.0951189464023
72.16809111094767
70.64875237905162
67.10162848092023
60.199070746381
54.755801580838295
62.01325628892099
64.99803517086765
63.20160145744225
58.377080998936975
64.74251815812605
72.07298703037486
75.48227096364151
75.93090973914207
74.39554480333739
71.50123438920944
67.33505959567798
61.39352525275825
52.68299249474676
43.6813299075485
43.802778006261
44.40773932246194
43.61616284860979
41.435030559594274
38.57887424925448
35.33825994643368
37.05907114926325
53.63957991746211
65.6414225369096
73.00306707331656
77.05419855460343
78.85298556146924
78.89624172756061
76.80004796309912
71.84768067387107
64.98448149734594
62.28939709712659
60.57663182527865
56.96372133722499
51.64011673011583
50.889941863706866
54.02131973573912
54.304515272667516
51.13421614004799
44.9973335736177
54.739675160044115
65.84326011111976
71.975397142988
74.60812288347663
75.07462250839038
74.48588207122553
73.49566417154043
72.37159957164408
71.16648196730453
68.83090369210801
63.959509828122904
57.418113244225346
55.466937619736065
56.96340444737436
57.05574343967935
55.3734845052108
56.55141835296787
58.047358369049405
55.57372649540697
58.33569105409811
66.71356082920639
71.08354227103158
72.46205238319985
71.99029731482563
70.60020394380119
69.41122335039644
68.14739892209337
65.00032921806843
58.53701701370397
47.84633212105434
49.3859933758864
59.962786438748935
64.94072351498025
65.18459688478703
61.23145261417248
55.117364974744305
58.13386451666026
67.00344943357739
71.98249056234485
73.39502434113604
71.96012263387452
68.65293487579217
64.69165680474752
60.497716900212914
54.73564600797631
45.50429398132846
36.41601040657272
37.81389667368206
39.235377004994895
39.002176101117804
37.338750442557604
35.25223834342755
33.80115079394249
40.68954750505935
51.07251050846462
58.83571257299026
63.52615758192133
64.7218845267203
62.23638664659049
57.87891856379416
57.49108060615555
56.670670433593244
53.16862574003284
50.08005529335473
52.889872062544
54.27195879329551
52.474041080742204
47.718589142712524
49.28781813229997
62.15575799961865
69.91241828947635
73.50027063220134
73.92984651233407
72.72762500714285
71.50658560358886
70.11490101430755
68.10546890465238
64.59493832832149
58.85495028622429
53.369370307730904
52.81640033602468
54.62740305778652
54.17793025360521
52.68103971594919
54.2467197063682
55.097388588474615
53.122511781202434
59.943219265066354
66.78083552617838
69.6473154022489
69.4983330640003
67.52656893742608
65.39042501230783
63.860406123355816
60.9981822575791
54.96640175929058
45.38415889234685
50.05715597212317
59.6250786812562
63.79038567235096
63.19914960994177
58.19027037818423
52.72688779099734
61.606718370488665
68.86102037926652
72.22881321953123
72.67752886117901
71.00353648265507
68.04501088747857
64.82258446677929
60.75001331593203
53.94610023221393
43.2671684049562
36.37826050692943
37.91275013214728
38.8178370033049
38.30891635502828
36.381737554911275
33.90367069606066
32.39872700141917
46.928115289455405
60.99942970426294
69.53126452541065
73.87843429003512
74.92260845150288
73.038236747134
68.07498273532752
61.02741559174128
57.84139614738221
55.478190618247424
51.38183108856812
51.704060645939684
55.30761195381393
55.67641284219565
52.26415754629723
45.01226599701578
50.33590114339901
63.552964404461065
71.28275436161192
74.83750422306692
75.36490051943872
74.38605564008059
73.35275458263516
72.37911532997612
70.67052797827493
67.07791170157832
61.20470366180923
56.42743965157099
57.57447396529592
58.9415936693286
57.584093383011954
56.19517771237055
57.42879334583818
57.11081650879997
61.251078417206884
67.75493681446993
70.92928707531111
71.52494331699147
70.7764136478992
69.83574053393437
68.82108792407482
66.43690603733131
61.31420679130394
52.59606647682111
53.715580726205125
63.34259686054335
67.68767196562928
67.42133252208505
62.88044635863069
56.03658263405437
62.01213555858096
69.3411374083155
72.9836754895941
73.86061734036869
72.7575162183744
70.03062370366762
65.78552350888899
59.92710376283465
51.60264608653742
40.21717346475753
35.478929219163355
37.21203431503232
38.022394218101994
38.38595395347973
37.71399148612276
35.57775264763849
33.14308019034514
35.99353860979105
52.001223958782894
63.21035055610247
69.57363630969417
72.09070400256822
71.2491680182163
67.0815606641302
60.726810181499715
59.281897964531495
58.12014589156257
53.87280103642628
51.14025024562797
55.395211907181576
56.96262085028139
54.73187908885983
48.72379576487778
53.37962526142447
65.39362134369738
72.0797553020078
74.88226224074096
75.07581650207496
73.90281721688486
72.45984942841398
71.05412535951712
68.6923066403502
64.04091052590874
57.09140158612443
53.401923090631186
54.50372065643243
54.29167111066417
53.246858092122096
53.362644741794355
52.47626482148974
55.25997839594978
65.41459815874092
71.27155159626757
73.45366001871638
73.20315905077496
71.94845899728811
70.53758650545406
68.60271040423216
65.14533208439265
58.920141392144885
49.05270013093496
52.52187484056747
61.42818153517063
65.19255021036082
64.52298759985494
60.08150385962396
55.92260208130139
64.14442515385811
70.78470732443084
73.83251066284403
74.21727488330978
72.54906944875356
69.20232658806235
64.24214398889974
57.13649291959126
46.97120847676903
36.250506181675284
35.88332301116063
36.84301914174221
36.71661448934004
35.752394659272696
34.25165909033497
32.569601509167555
31.924822944935975
44.24321843687662
57.76093999203474
65.84202464077613
69.71954851607583
70.48241470363833
68.67118096586819
64.04530818658542
58.44964089290676
57.939156543309984
56.278912355579266
51.96588133740293
52.27953372613772
55.018573778614275
54.29952217745673
49.79999582462437
47.04014929092098
60.463737476874016
69.21989065020715
73.69553344473503
74.86262944550352
73.8617779511343
72.41443350780054
71.10984766712372
69.07836711809102
65.2503889300592
59.212998872572165
54.93606612469968
55.300488959538484
55.084039440679575
55.10137494208603
58.1988752391841
59.035052626772206
58.03639720008274
65.34547197579896
70.49920034033342
72.05148891268237
71.6321413839122
70.99895389835524
70.28929589972803
68.32277818744151
63.97278677232905
56.20806414050446
49.75185445907533
58.967778995901995
63.87500968272942
64.10618594550337
60.075571675528494
53.66624761367409
59.044200904353175
66.40131892509196
69.76028206470657
70.10302697345611
68.43055451097445
65.05387048818959
59.436958263589055
50.78735212662263
39.11849550786991
34.51862189979872
36.406935388388135
37.10268456715257
36.11791613992847
34.63743200253256
33.134381588968736
31.49871065208611
35.98748799916787
50.828108790708875
61.29111696790059
67.57815357008394
70.72644662928188
71.51501782352744
70.2453046988907
66.4547572070831
60.16497028551107
58.04509760825344
58.26719198645124
56.13067856208103
52.382423891335705
47.23317748888185
48.13928439109756
53.27728767240896
55.32088624347004
54.26911098080752
50.32911531323688
43.17909700919038
35.17088509092591
47.30289286331068
61.9540450099392
70.43464110909488
74.53716035105239
75.56651895401686
74.85985084521442
73.99839052813167
73.3330807974674
72.42808642663101
71.8983233788441
71.30663764786823
69.46689031628475
65.67486480069583
59.876737888867524
54.87799072326715
51.87575293708218
52.392484824225185
56.25783227109523
58.3557969448351
57.38196931052789
53.94183401200329
52.61374361806084
54.28922250282733
53.673114695259116
51.8984956994645
61.63250708803611
68.18499573318579
70.7127518577378
70.64871827939766
69.65411756032853
68.72643498542266
67.33556558789758
64.43700858008198
61.2645919394669
60.91363107548011
60.752977132849665
59.78660188146499
57.358935606498505
51.40493905876177
41.699229106315386
42.94820317160947
52.90193801809056
61.388754173285875
65.54354506602228
65.84259445459392
62.7076272748937
56.40967800168956
51.08146511407418
60.289450216993046
67.75535216148896
71.32976591156367
71.94263424647609
70.48871216776205
67.90057684552684
64.64092867667732
60.239474421830636
53.63441997980853
43.92871866605999
35.2848568034839
35.63007931778368
37.218726615523835
38.14962708310057
38.48736339239372
38.530776952650925
38.001980691298
36.86085205430865
35.67852929474712
34.308711412982376
33.03694143070872
36.666396251174646
47.357533135703534
58.859128754541274
66.31505568949768
70.05829363537882
70.71017089709844
68.64562973682217
63.77183648790178
56.31127373089968
53.74042233497378
54.08223215654189
52.41218433996125
48.8139344010149
46.16497629093972
51.17969869275868
54.90358691152746
55.03796239917924
51.585734219718034
44.80694633840588
37.148798809650316
52.24281688099506
64.8785140466806
72.11183557685807
75.3813657635998
75.9173537693594
75.04300933760212
73.75523867855645
72.5910133179386
71.48941948948423
69.86864675987958
66.72954413599929
61.07983399742128
54.523338514246575
51.73602543427162
50.310613056281504
50.70530286456744
53.9277943430988
55.53606699390652
53.77926283413097
50.941189055824296
52.043829331539584
54.03325768683026
52.80670594259366
57.3462519176972
65.86674257878411
70.39844096583343
71.8941858238763
71.48158011245096
69.80920507734514
67.30666577172472
64.50069967001868
62.60099105552992
62.93010248445137
61.78776191868909
56.61547769237019
46.67648383705513
49.544260737661915
61.02972629958365
67.12390158580085
69.13145964088
67.91719987907888
63.82421103166117
57.25556117353549
52.27432089567124
49.596918483329944
55.59094867840804
63.98513691918643
68.50641353657734
69.98634485970416
69.16441720769382
67.111608592802
64.42534931536488
60.138020647354004
53.438632715383605
44.25631619937002
34.61009389029194
32.87489919713825
34.74413637793188
36.34824181298936
37.28870221233748
37.26524077234396
36.676414181998936
35.916619510257675
34.85760138347651
34.16135833463092
35.915018060002694
40.339371319949684
52.03805244732316
62.931227979375095
69.68761409005082
72.56013915996132
72.09370569489548
68.9706053087048
63.63042088702674
56.373591935676586
54.21944795737328
54.925169872814294
53.31699914158839
50.332927750986975
46.03430198541023
44.64293010448924
49.21760262908185
52.678514424784936
53.281234585390834
50.88058630413915
46.06654425200027
39.364055720562156
42.7246279452398
57.321849965984
66.14210909364887
70.4699537288535
71.7559414019819
71.25167497891525
69.99818460660534
68.77342645914078
67.90177194783199
67.40233288175895
65.86053650619749
61.84245809701971
56.03714530155534
52.07504240855322
50.408529637941854
52.513578760673845
53.81177224476524
52.489967511553004
51.31869456146834
54.666717870117054
56.27430506165685
53.63993881395446
58.536814394766985
66.95972064581449
71.04308799710871
71.98337617732777
71.04738723947096
69.45378618399172
68.00458847438021
66.38975593324985
64.67588629590202
63.813154358184676
62.85852311290115
59.53739110881945
52.15360580070072
46.01779380326767
57.29138768091694
63.92217704750604
66.49360305340964
65.77825487873086
62.01620580968057
56.3759422021237
52.5793152699066
50.80019237820849
58.57246435554882
66.45638237643229
70.23670888124576
70.9891562087129
69.84228902485714
67.65890915428147
65.6247829251235
64.02784427256438
61.09628551311714
55.494120025974354
46.78495796604314
36.36533153567255
33.48939003323386
34.98911029436357
36.050289272157265
36.14766651241098
35.27977841185046
34.49783500137342
33.953494613625665
32.96104871385678
31.875788984538026
34.310522573844466
49.88766612084561
61.92755467888547
68.85802012895992
72.10465112662834
73.27335667191085
73.55465576552481
72.62594070227269
69.6669652514918
64.17024444183531
56.95912125047244
54.244520677940386
53.98168787887804
51.92627304623376
47.73695146119249
45.30333042461844
48.60041071968726
51.897084877907815
52.42713246075689
49.77894399494855
44.62389270312702
38.10500268419121
38.05918187899377
54.50604958594856
64.93807543331823
70.26286218963891
72.02653928881554
71.95849611016115
71.41812280507362
70.49245509206743
69.22435006253956
67.88804920328892
66.27175806655251
63.5921005477191
59.64819757373468
56.35549325723773
54.00637645493812
52.99460706959892
54.38914380207762
54.53835452686859
52.682188309352036
50.67661324536617
52.04751087952735
52.885916092445946
49.73539776238087
54.49662183091267
64.08574225627498
69.08392556602769
70.6098268729228
69.9745060922276
68.51773112651193
66.9090697546938
64.98874442798469
62.38958120298925
61.39260404877906
62.658354662333345
62.74041938520702
60.23904535347138
54.158419693166294
43.62501751518564
42.779538832964676
56.08233969593226
63.404337487022
65.94762741028568
64.42377119478982
59.33905731729995
52.76806401452162
50.205975695880454
58.77359229141203
66.14303493077986
69.34825522766155
69.43520323697588
67.48379382808363
64.43517054828995
60.76604266624146
56.361333285919386
50.82621852245819
42.85725802837864
33.93730818378293
34.08693182679522
36.311721681389514
37.60395019137232
37.610568585988915
36.64258720347125
35.655101698467334
34.43716089937938
33.450373727851066
32.93770809128655
32.16834208394785
31.92548714685718
42.39718576940875
56.372996278858
65.26875494777704
70.36535581673327
72.57798221691957
72.43059565558316
70.04506073825654
64.97917023949927
57.516431266244425
56.34039146181091
56.949049172625394
55.39835693944689
52.660963098236444
48.81513906417777
47.4389693021996
50.67786329236449
53.629529581957776
53.78780722920827
50.51602537001466
44.22443648263864
37.44256289898616
51.29936069614295
63.38949224552813
69.92703944915479
72.6232157524515
73.12387684298051
72.49830172620479
71.1138806136906
69.84590234956472
68.90213273379308
67.55203287216476
64.92036375320404
60.14078686665243
54.122058288270686
51.49134013597367
52.18180669209318
52.84244751711498
52.19143386068154
50.257548557020115
49.16125356996644
49.0437007447558
47.757609142650566
51.875908208684756
63.217167194540295
69.67131391057428
72.04436270564446
71.62751912693038
70.27203124973737
68.84004508530059
66.80440461827399
63.79733850923485
60.71097198153755
60.425855200580195
60.91987767887182
59.56012309189372
55.20601774305574
46.55970647923563
45.34263549890812
57.57490541343347
64.1796587437434
66.14206857272092
64.0386429186631
58.39325645857117
51.75827496624882
52.097104992676144
61.19505386020113
66.83089525028694
68.89703199164484
68.46414678213272
66.83247593108747
64.60846363293005
60.87079023260208
54.66255528405185
45.53665192022934
36.864997767720645
33.13288887952127
33.35341402638592
34.26547148593827
34.90079963590246
35.40735991068055
35.69850017184209
35.71909621709173
35.05764637930612
34.030987046169734
32.789089880128714
31.997817623599353
32.1110241202288
37.73942517501954
53.41213917029505
63.985161452419604
69.6105727817861
71.59128533384943
71.79604324989293
71.78134911335926
70.49080274786776
66.72071690140491
60.067151099478735
54.8963531657514
56.28058049356902
56.301697626510645
55.17218641529824
53.46812226129906
49.96668621147115
45.54187779149484
48.04460953021136
50.81933536895739
51.6913586930345
50.69460047736678
47.824400892271896
43.61853774162568
38.394282882490714
32.910410922457494
30.85906693428061
37.555769772511724
54.03337912858704
64.42238421665357
69.64385914028752
71.02395816080913
69.87359509794447
67.81695800257137
66.69849169195797
66.38947129530232
65.77598779789176
63.86329484837643
60.10486416256739
55.684899416372915
52.11373212197713
47.28157047369494
43.0407201043547
49.76620154675288
55.42283407788695
57.439297540238556
55.98594496695939
52.87596235161863
51.563642885591996
53.14909038251277
55.14453830826011
53.53520580953878
51.58610060706056
61.96878282412594
68.62967074366705
71.41021724992227
71.60430532419281
70.73048372842307
69.9482273323726
69.30457824053957
68.30660909918622
65.92575741991719
61.82088138159383
59.098082509896095
60.124832621424105
60.528728760114376
59.14876390734058
55.25082942930048
48.48671154023542
42.25241229247966
44.972688301907134
57.19223520048563
64.58484184514384
68.01824304520915
68.61313694378809
66.9078001199118
62.78395300299461
57.02803560141855
54.00318306297136
52.34451279687037
49.037674228972435
52.77286320275387
61.32096920929157
66.38205656514403
69.40815286156857
70.48835401309259
69.54852716588624
68.29729806966822
67.59861171503631
65.86517512101963
62.53012329218967
56.86818484912717
47.88910229364863
36.808103918888335
33.23876645658785
36.26930867479465
38.94156013373946
40.20599776418862
40.643438060784014
40.92552718572446
40.75146352327768
40.33458341008888
39.994401460500654
38.649814815600735
36.33845330877202
34.28408055556594
32.43428436849787
32.93220759741911
46.0992292157318
59.10904910770692
67.1622331852721
71.2410863690218
72.69595340652315
73.07661885618592
73.20412738608732
72.1575676207784
68.67537120777308
62.035915550374376
53.971301695169025
54.996857612840415
55.92963965451703
54.19510094010149
52.15934039390437
49.8702847711087
45.20649256729684
41.3097441721592
46.40258494874149
50.9778597842336
54.055226905643075
54.86767883586903
53.40929900623082
50.07947920629314
44.527829248095216
37.123730497484615
33.071794250296556
32.021644540366076
31.347896222136008
31.564786879398564
41.847445364884805
56.4848636589602
66.73942408527209
72.15672786225746
73.73671946991165
72.85066880260419
71.157215674252
69.78386676256582
69.0377796774416
68.36433631523369
67.30442360469186
65.62811729366027
62.761371394809544
58.658704902892744
55.65074532984538
53.592690639999844
50.99576634917313
52.33674291285147
56.655111752908
58.61955003885847
57.19987876525969
53.74448868034282
51.98849487912402
53.66489354537548
57.76762697107662
58.41519343097342
54.29049923286897
46.56012662119521
50.58977301898472
60.98732706671936
67.10834775021249
69.67088390239329
70.18965116047022
70.11159130947361
70.172242289541
70.2583649629718
69.99810963503629
69.08723110431816
67.64499675464981
65.94123488767265
63.06458931818054
58.29416927577541
54.4215803325229
54.230108898066796
54.43422714962588
56.721215099492774
59.382487491774114
59.041346975944585
55.05351864083134
47.18066352980411
37.85989856159104
50.843808240956854
61.428898428655216
66.65009964196655
67.8447500430461
66.08554977510335
62.10707717353596
56.72192658794566
53.76615263879003
52.256770778960416
49.42551910805081
45.32224665474024
46.21826663504465
59.036666547023245
67.05676723538164
70.56705391275408
70.67362420283045
68.53976544302292
65.22575899802297
61.2086494182841
56.677200837598825
51.88886607526716
46.7475595266984
40.458296214760246
34.14001028525028
32.606966527891416
33.4686138260114
34.374735523907034
34.956262760396605
35.067062520803354
34.50507023539272
34.52611986191913
34.76308258912124
34.11276683799538
33.17576360481045
32.48971940142874
31.81516266549988
31.703030956701475
34.405026282222096
45.53834672288447
56.14570304613136
63.57024014885888
67.487903906967
68.67428818691712
68.2339350552717
67.14356704510632
65.7505548513775
63.503305390630786
59.1104389372503
51.36916181546384
46.30525939549106
51.7646887786131
54.5494215702486
54.621643256505585
52.809711287005456
50.40349330325214
47.89468519877471
44.07054453419284
40.15134709517006
43.0445771649891
48.608406238013906
52.559284300669816
53.28295426061712
50.7274056432785
45.7270261453925
39.74422000246693
34.60773965117178
34.04458149718213
35.72359333698704
37.76944802675533
41.151427058609194
43.824912797617884
51.55757615183758
60.46673551361301
65.6679166635175
67.06226300188874
65.60913789974063
63.0590252272747
61.610957894267756
61.774412507038285
61.21526526798409
58.94581407832221
55.30876627604308
50.53908165996773
46.757406805687026
44.84009655146613
42.483467693077095
40.459352188773096
39.41274199318315
41.1233691024779
47.82139624834976
51.122877724031525
50.40420410871212
48.348043153892924
49.78970693964496
51.76465661191393
50.14192886737643
48.813640813013954
58.97489090732111
65.70557210267937
68.61845612751935
69.0188623230486
67.74451887508438
65.4970068555202
63.49186112347085
61.336648979604774
58.28028732914145
56.54377064826336
58.111494155618374
59.546487377433294
58.614527562113125
54.6002822642225
47.02776033179464
36.86336640898784
33.223779929692306
47.437127149618554
58.24792763427952
63.85868611400462
65.57604523049582
64.31350037040696
60.49689071677125
54.8853951781699
50.612546391560606
47.22848311456947
46.1577242737582
58.08098185096998
66.0523513157433
69.74446623565906
70.4258835450762
69.34703622355491
67.20081869956144
64.16386141717985
60.82104947224917
56.55504434426697
49.6215131468798
40.09696421602274
34.33016584229914
33.106735204468876
33.62222043634226
34.29991554120765
34.52837423018326
34.84309661308315
35.41345461704697
36.02143956826046
35.7115805327125
34.686737403332444
33.68381519862647
32.940520002388
32.14454966355319
31.236893309335784
30.860017324363348
31.180737891614868
34.87722761478033
47.92855241979332
58.95963825736799
65.41806838450842
67.99604294391041
67.6739414444736
66.16641127330256
65.54446244373436
64.63308380854915
61.29340492203689
56.78901336619761
58.20251971314009
59.289573168211604
57.513899862996624
53.70058806048813
49.22999319714375
45.601818150042
42.615619391329176
40.889876497243726
45.235087520973416
49.379849088889515
51.490658742131515
51.01911450716115
48.606057141062195
45.513319837901335
41.33345327090943
35.65760761053782
31.913084090006613
32.2540593840215
42.69420338071771
56.89703340354258
65.88194764059946
70.26257664833169
70.90676506655706
69.13102393425372
67.11567571530948
66.0950647168808
65.68192715698953
65.1698595858445
64.01551307751748
61.4684062456298
56.93996445830949
52.60817466624608
51.13562110646784
49.869293651163524
48.965228082961254
49.356743871953896
49.7950364755398
53.60830970304582
56.462613272419716
55.54662304726819
51.509095549445604
48.62008667422937
49.98366424815218
49.821068435487994
46.395405424978016
53.10546273805231
61.95133711150313
66.62419636358945
68.19875591211473
67.68518017888114
65.77436766680302
63.55184588319552
61.49681235813698
59.70784917902952
59.55310146355717
60.29133150548894
59.80942651843655
56.69289705482322
50.41045963407917
43.20862645228836
37.920665203905656
33.547614790456414
42.80818820269793
56.20158619812827
63.80280537133046
67.09417443324215
67.16289798912794
64.64714906347186
59.77411332123243
54.51222153815842
52.143717564323886
49.729889886786715
47.92746363432441
56.898128831107265
63.5432797840906
66.31782539900247
66.33753261686694
64.66311049179136
62.21074496015028
59.004732395867094
54.25437614035559
47.40881359711922
38.94054991522355
33.81382952758984
32.615089348867734
31.801909213691918
31.377567286841582
31.733925810458977
31.80400802896308
31.679079871892416
31.95087439915848
