File type = "ooTextFile"
Object class = "Intensity 2"

0
144.50648526077097
4508
0.032
0.14124263038548612
1
1
1
1
1
39.11589113683553
37.73293128340185
36.07618294874654
32.871126026974345
29.01213087938336
27.9535345646129
33.68245172326659
40.91846553255027
44.969927260284294
46.32247874834103
46.434393282635476
45.974632487959184
45.03739449302367
44.39187934505726
43.668530231453744
42.336160081563385
40.72650982427339
39.98372536550279
40.30420884107685
41.17721324410371
44.02682336096898
47.645962818990036
49.32327168089488
50.087151219734
50.07999325174897
48.17334376755405
44.262592059777425
40.6258457346314
45.3525857296498
50.652038014928245
52.657054891098596
51.49902331019692
48.188514155085045
44.70974844137059
41.46099820749417
42.36840626362933
46.430717997505376
46.28726948090295
41.19038121124102
50.43639991322688
62.64549963108902
68.11017536523636
68.04665505314826
62.87145333023935
66.3416258655373
73.80829705006764
76.43944114238852
74.4049669507773
67.30637410736358
53.72999044644639
35.11631999769644
33.57928427186018
41.11697077161237
50.00221478942648
53.831411222545825
53.350435356116286
51.334802793706096
51.25943400758037
52.09891251213433
53.35105844183324
54.069481400135224
53.418226999885555
52.37875104261239
51.95622388403635
51.20817234295674
50.61847812374998
50.33782603598695
49.848136762042365
48.88288161102121
47.797851553573864
46.708547608918785
44.92499884721448
42.482738295438025
38.97659954270145
33.94254626669014
27.879626593355617
25.73485259307479
28.70015101770968
32.876216926489164
34.13702354073677
32.40985849186741
31.393476497278293
32.82643431084294
33.99142546850185
34.2160841577704
34.62904837632838
35.54999250840545
35.92734584493597
38.91546297965721
45.4590925862132
49.65583207414027
50.33710130667173
48.47981190941948
46.203345292824054
45.10245675570004
45.55360952292979
45.94295986752746
45.76281581906141
45.81551248596314
46.33874620040537
46.159829850293846
45.135394010352016
44.28527136230041
43.901616393637475
43.85512842608929
44.805082071941854
46.17065956772982
45.727724533845986
44.38222876241008
43.57279064384322
43.01292348682804
42.86839654088827
43.2010000123271
43.48541378339963
42.89048259151187
41.57660047201007
40.8510052629013
40.34209056882788
39.49605625780565
38.43860142007114
36.862778190818034
34.60328653218658
31.50854322618631
28.09026349317149
31.497524262583877
39.85443616653009
45.7006399363235
49.44480192905567
52.34492454103911
53.7138210461762
53.340029881786684
52.434430707411565
50.981587085674505
48.80676187009552
45.88594924377838
40.85896394433207
39.242440477105234
41.90833653865238
42.2643522447644
39.95161767292253
35.65393642143408
43.74531125508409
58.590520757085585
68.24073942413303
74.41801334050935
78.17074437268444
79.81626673992886
79.59172432675982
77.9480347516917
74.93560559476322
71.14308178206498
71.28620923633666
72.4151006505237
71.16290160891259
68.13210440770642
65.12842888989388
62.6018301122529
59.357596512550465
55.71510201769079
57.41124567714667
59.55214892780404
59.29029405663397
56.17839785711803
49.445609040485024
47.76683815697475
60.24188340660294
69.18296992734335
73.74172165410013
75.01544461958707
75.08397973967261
75.05486682182537
74.61092649226157
74.03910369473923
73.28990370521736
71.65074588682177
68.03512025842699
62.81811852666258
62.23713360363317
62.96988087164604
60.9622026200318
59.236698698433955
63.270524917665966
64.40263199330052
61.0945316385748
63.97357627593861
69.62808844338811
71.49320127255845
71.63700521302253
72.03649287462133
72.69430993175469
73.21565520477101
73.06862002526651
72.28625917630531
71.03732313287755
68.7657805117723
64.03176997492747
55.71842058339405
53.57620671823899
63.49803904496392
69.93748897336714
72.17703110615605
71.41737317613506
68.36064251789169
62.666171663038945
57.470891626812886
62.569800619857745
68.07233258048629
70.40063046334745
70.59131582826672
69.2553002583922
66.73075676192565
63.848897196016104
61.512716219001504
58.69479516220274
53.49930906419412
45.75847144381669
40.34602650245306
42.70818492434618
43.6567195255749
43.61000214348589
42.305469451051835
39.01763376363522
34.27994766386077
44.004870405585976
56.70998151352775
65.1257932807234
70.1473162865638
72.7495436637609
73.64629755112708
73.31860852476164
71.91839672217624
68.65810476934983
63.399753880244475
64.13220266800428
65.84252746985152
64.27854766986758
61.40050521626523
58.50399091843512
55.08268105787431
55.02502622208654
56.02024844715849
54.710822956358214
50.0707870317299
42.23289884285165
54.552848966973706
66.78075836308669
73.25713279494623
75.27148809204766
74.23253229339154
72.74104554931998
72.19119853881801
71.91701323538234
71.66165657061636
71.14484879213295
69.39283854658982
65.5838151527763
63.9795666980904
65.42067118944743
64.68674509389983
61.21360088981575
58.997972838108986
62.01484923808793
62.06488990912003
58.26632333011848
63.18226352854695
69.05965772155861
71.38127367641248
71.35663700364538
70.17463166173562
68.8596307144248
68.5026278957915
69.04675985256192
69.31448551606698
69.31154879258341
68.71853749128057
66.11067110535727
60.08148731808075
50.18034911522751
56.40050166723312
65.68924347711803
70.40620455431497
71.6625484358742
70.13677832166908
65.69080579679546
58.63509199869373
59.06386155974577
65.49447959902035
68.72219903273646
69.62891125662247
69.44563362633718
68.61809460491426
67.08201275069968
64.19646797613882
60.12257458301707
54.98776786691423
47.82959400404219
38.55962481667586
36.175612861670245
41.713515013087665
43.99109241290161
43.64972171741722
42.20202512721461
39.75846504000312
37.664183966039914
47.32318828932616
57.8160404932808
64.78403483144176
69.43020789778223
72.29535549875806
73.96419288633979
74.03344520067117
71.32664514097765
66.19232033073233
65.5441068048967
65.62319872665094
62.99817550030933
60.26042098236208
58.02405850067265
56.009281626026386
57.19962733718317
57.65850195795145
55.2767131744538
49.42352279419376
47.07733601883899
62.26871325489724
71.61566867403973
75.74619661248329
76.03263953768199
74.92806630211814
74.8762715267498
75.30007528940386
75.8458157798536
75.91662923895414
74.32235981076319
70.15037168812752
65.56344773939736
65.78454161834083
64.74208071004901
61.60653172403745
63.23558787179807
64.957188222174
62.561806203653205
64.82679512477569
70.21371106923007
72.43736768885707
72.52843394465627
71.59204513652908
70.43495531456111
70.06022968168425
70.58020292385679
71.40246720651052
72.06827571269322
71.7968395107305
70.78424775772643
69.56516956313202
66.63803578757536
60.40965201109918
53.612028835974506
62.60335332310327
69.1751882703335
71.62675708555513
70.81545010979787
67.38696080171111
61.36639315920094
55.97536710165884
61.81045964995978
67.50595177260324
70.14504913388603
70.47476903058984
69.22210252739956
66.90343848448478
63.548349448122146
58.88901840902331
53.44738415308691
46.80021319135582
37.66120713084421
34.59335179678336
39.09162264598243
41.08506041078534
40.83887411236101
39.18164717890371
36.83480044327713
47.28871139550286
62.15980088817499
71.03332714160675
75.46940870196359
77.06707527928286
77.2693643726561
76.21306342510553
72.90468912649882
67.97200876872974
67.26672149662774
66.09448441935751
61.93343969147022
57.90030843855108
55.32725280518869
53.9950896488274
55.81083760709008
56.31623322013985
53.71000020395364
47.34283529952515
49.24640100481262
63.52511076476944
71.58837174545903
74.78745245429931
74.53779973202356
73.43225234031594
73.36282073040206
73.23046796616089
72.98759121337352
72.16628818855563
69.17196300634004
66.27628641554749
66.31530955117509
64.79060934555325
61.04154990999484
61.22314060408947
65.19034025519036
65.06593561281345
60.43488392566283
62.55607637172189
68.64838481474352
71.17127709316503
71.35889160197918
70.54089206803705
69.59343381779877
69.27411020213242
69.61640050251972
69.96495557831929
70.06302389486405
69.38270010660867
68.7378113703742
68.24556782141312
65.72503683784052
59.852218819157855
56.89729546791126
66.80038680436562
72.26772413657378
73.61412317869386
72.20904360420937
69.27730992387346
64.39447968062692
57.52426534100974
54.82823274357608
60.95687902188484
65.97223906029888
67.55966059751336
67.08048736622337
65.98734498952977
65.03569426624404
63.546333734743655
60.315849880433134
55.37109998679402
50.01602780243317
43.87330747250648
35.642825464136536
30.07833326865835
31.04825041012779
31.692697613796614
29.34455606411523
35.95965941572508
52.25691250277404
63.138673559672895
69.40058544408537
72.14178790438416
72.67379929666375
72.27663811152189
71.4768663435065
69.28912147351686
65.7220963526328
66.29137628605665
66.14586873722013
62.606785076049576
57.6810750925252
52.86447879369396
50.82603022143572
53.38611103695836
55.50078481382688
55.54473277527372
52.547753062094635
45.73461171750742
47.723314238786266
62.63568910342003
71.09954286075623
74.62261868106145
74.61823478351722
73.57360303923065
73.45673795671377
73.46609655231535
73.01798848275668
71.49616222131832
67.8581165350414
63.92055139927241
64.0862686214277
63.0614400232986
59.474176877115426
57.59513643170084
60.60234485987025
60.733150941897165
58.27562806708932
64.69863190364058
69.67484742451386
71.22349991652473
70.98087114985346
70.48741838251998
70.2464915695817
70.75679219139664
71.53015170484929
71.75841018281736
71.6866450268358
71.23956856468271
69.9514341381607
66.88956283419527
60.62038812004492
53.47337818476355
62.42356060412705
68.59956877758337
70.73708084257747
70.12078921852135
67.84434925201816
63.70232695749376
57.429823852313746
56.362390460313975
63.969300335448544
68.14168527115803
68.87230954758184
68.19228938870838
67.32166406907217
65.96950593648256
63.274298933287255
58.13874868742821
50.39196143909691
40.972245278241886
36.71602535918963
41.3340471269159
43.66224149232658
44.11811230125055
43.627273857798286
42.162087627720254
39.257986404736236
35.16054042562385
38.697742948797696
53.788708321663506
64.34631727129684
70.2942298031419
72.76774339547434
73.11154410623412
72.05632864666238
68.90526357961953
63.86966119540559
63.797336862661275
63.906378476825516
60.83178093107491
56.93664984047316
53.706151617603325
51.759035895224095
53.94798465412048
55.29519608311475
53.72268358890032
48.46703531106429
46.39716365574462
61.05330945062077
69.87112383210986
73.8364358630289
74.1210718465316
72.25536862204746
70.74380433829427
70.55159772037071
70.4388779917654
68.81257067836157
65.03770415620964
63.549054846282836
64.1459804697645
62.55151032551011
59.16586264400653
60.057647733018165
63.282342109838325
62.553099425817116
57.29094623956289
58.45611195491021
65.36383653713473
68.46784399518967
69.03021917837079
68.6380239474498
67.78557651637586
67.02195492958806
66.66264394242327
66.5350661870925
67.52652762908633
69.26198809187663
70.16022384260799
69.25983559878704
65.48482982112786
57.89884944936358
55.9168569634279
65.91465435998914
70.87580799569339
71.75675465022154
69.92494727441566
66.43103830307463
60.963573588615915
57.61047521077133
63.29975325146218
67.07330714183547
67.74003179675682
66.71181500992196
65.58030372437773
63.50648272414048
58.35856907125388
48.83881911649924
42.082186846400205
43.46227901831859
43.29946538810677
41.370325758660165
38.50415051776687
36.10689732811031
51.480591466861526
64.02851536170716
71.38140338203182
75.12081489177157
76.0971933719232
74.33951320768875
70.13927673103365
69.15300955594708
69.85799356796835
67.80398124425851
64.36795115072783
61.201301570473696
57.01507065859823
53.74727340698012
55.20937322401436
54.42350361749554
49.96398980759701
50.51861851090733
64.27779329053334
72.18742190945918
75.30928729447564
75.01764021694237
73.6660336142714
72.85075426343423
71.49261604002678
68.47284281803056
66.32842546866249
67.88261050328717
67.83760821898044
64.97351293885157
61.519750591463136
63.6555569806802
65.02137368937427
62.03291866765085
58.56504300810041
65.35862241121006
69.30237983085212
70.1740111790663
69.72030425938365
69.07307266572809
68.71265120220072
68.94024256985121
69.25749912579262
68.41109078036462
65.08797524773398
58.08338144608882
54.32188077630067
64.06838741423307
69.30058552926029
70.6933439010042
69.26469952498546
65.44780332643728
59.31010978851151
55.33992318345456
61.25182251578473
65.80894454715204
67.05288023066811
66.57493141939149
65.70269999840379
63.90059070662477
59.68095624941977
52.46322268127477
42.70764581639831
35.92256492940816
36.827000520104264
35.57150014562148
32.93015303079392
36.856082160612246
55.3143314790216
66.76092570612691
72.86785986681012
75.48887571744542
76.06673166471137
74.62005873572088
70.34870011720103
66.44397950190401
66.55216085363091
64.47149680613678
60.414506861841595
57.18629432892405
59.00509403300763
59.58751081571005
56.28072242983964
48.76746032516888
50.820849606050984
64.71965345914104
72.24300750685606
74.95539331644753
74.30862982242472
72.83352249407305
71.97542659917316
70.24123377380256
66.96803127670742
66.00342535052667
66.86006917910464
65.2115732610156
61.110186447636686
61.39060016267278
64.87868007094932
64.45988815750104
62.22941209190401
67.2989351572075
70.7256616561195
71.90594996293802
72.05244861398724
71.3405305954871
70.96550238890569
71.64588047089448
71.91188752643691
71.0980557281194
68.89032940579281
63.989760338796685
57.32207689427341
65.11202988604431
70.62620011345481
71.71061350128801
69.53151711471202
64.98830319782132
58.48868562396814
59.02662505421698
65.66205834148471
68.54864159888453
68.62507117336398
68.06098619394189
67.30656030210278
65.08637726539605
60.42649146325728
52.40345045334672
41.27439425073814
40.49632464427509
40.924332755679316
39.02699025212292
36.157890669038814
34.203092438530646
41.354224725445654
58.66110676911168
68.92113429296171
74.16975812872356
75.97532412931398
75.58270979674458
73.00255022867313
68.22777200721716
67.19353929493516
67.50857895293646
64.96027923670059
59.98270062353604
54.636937851698846
54.38816570786946
54.40505937786199
50.6328350316431
42.246674645912925
47.235983776993706
62.26517340689847
70.93013489782258
74.70682973267351
74.80860087438698
73.28769713911461
72.30032206804978
70.55201480199989
67.76850676997273
68.32650338364185
68.7377013908329
66.15801246902463
61.43478366656562
63.23529123177878
66.34595164911166
65.11753201505843
59.39960548780099
61.161020636696804
67.21127468521337
69.49038859865664
69.42668246574755
68.71704090159355
68.37843059246781
69.24347389793348
70.07465588612935
69.1202023005492
65.50470812564143
58.56149414284104
59.92937018985253
66.623799241501
68.68833127977757
66.902031920151
62.28142288995842
56.45616228437576
53.87052414287112
59.864703201758765
65.05738648170853
66.95586644726319
67.22513022117924
66.51677667043005
64.16305819588472
59.385062290073535
51.89453929110304
42.83687224805013
33.77790535545386
32.979656531444775
33.22803863053204
32.01480158611659
30.280256270589806
41.65033272317907
56.55883549904498
66.10541455326522
71.00841930172096
72.47597410479129
71.9877848756124
70.9314391975598
68.91296772273459
67.2618559354922
68.95440214604726
68.47328402648836
64.51508110053182
58.28189090816607
52.11060573847505
51.16939280098742
51.57701935457549
49.51933398152399
44.31799231451475
52.815654321967564
64.36995866573122
70.69094556985233
72.68480524478439
71.77384528497817
70.4716743284679
69.5008679960312
67.59418970482085
65.06726021501967
65.54960490762019
65.9037157221468
63.44720212936484
61.16237977574232
63.942689346584785
64.03877071575457
59.87056882734755
61.87500241864712
67.25930400194028
69.17188773912912
68.98439622603232
68.41176677766603
67.80054426072198
67.36872933626052
67.50154143125877
67.45707888399353
66.12853669478524
62.396768701995114
55.052103461256856
52.130579170692066
62.38642982021549
67.91812110412178
69.15970842406851
66.87981477911339
61.754485589993784
55.590915398016215
60.031574111722925
65.41759541298237
67.21533559932442
66.64845913543852
64.80874233963758
61.43032923226733
55.36474805353194
45.97771495577654
37.065403841452344
36.91082545222484
37.44084210649721
36.26275905411106
34.686790386710854
40.679421110737586
54.70736705421193
65.2559532093862
71.39649762911931
74.17452493613116
74.96783610703639
74.38294146946929
71.88608411860923
67.36577145654869
66.97405335517081
68.20096226756762
65.77745292217216
60.6971346337384
55.25011648728579
51.61151219888757
52.68266482482179
52.1365054960933
47.80208606064767
44.68743900402504
59.051695203272146
68.28402769261585
72.59149654839659
73.25495227237639
72.22208142245886
71.31605024605936
70.06512367107587
67.39995571428042
65.03011614690558
65.95860758104115
65.68531715688226
62.74030878334314
60.233130782564416
63.041174555431674
63.563640126781635
60.1276399901225
62.648191651931135
67.03949225075311
68.43591417705628
68.92998874932869
69.2944806338446
68.97412090378802
68.57563949342192
68.83533670207753
69.0766998645143
67.94167207874571
64.03291083938613
56.771031162711324
60.68998235268096
66.93676031429564
68.75425404534074
67.08263979361966
62.80006537008419
57.18314256012902
59.8054620465889
65.1089665043407
67.09955691904744
66.94078143701285
65.83548773904352
64.12365939355117
60.94960949929905
55.286464865792084
46.353797680942854
37.066448235891585
37.70266305136742
37.48139174774251
35.306484234718575
32.54253167372969
30.907152803337453
43.79191329006584
57.97809036439048
66.49702294134977
70.61224997626653
71.67421657516363
70.76930606979259
67.69926311401184
62.56347945683533
63.494926176158266
65.36754513201136
63.95432841472176
59.80587521927624
54.24598039303496
53.23431614268368
54.078389586554245
51.80702316185965
45.36413679299716
46.151216907963985
61.526051361908756
70.24606650797902
73.9105950243078
73.98223056127381
72.80509553063733
72.03907374416536
70.71077297570064
67.84555370022055
65.50287605366273
65.92555298973325
65.11751166817851
62.17963631066097
59.673411778958815
61.637257848903886
62.73857406860487
60.23207676407496
62.98208353013915
67.91201360286902
69.53892418077149
69.49516404272931
69.62086245093714
69.73300113598816
69.70215948655616
68.9458652580374
66.30573281682436
60.77870267946244
53.00058079154514
60.547786639682116
67.45175883182505
69.57677420771448
68.0249317049378
63.94869044001776
58.08057947435824
55.22892297739599
61.22225009004246
64.66334301569707
65.1107974924329
64.9433148439814
64.57481004281422
62.2298882783881
56.69033595369931
47.71841978423482
43.1150431257563
43.85276508726353
45.283380406875764
47.10163200873244
48.26241148870924
60.243434272356026
69.45612336592161
74.4063506784953
75.9735998653546
74.49319119754418
70.51317766143539
68.06247457645429
66.51033133898613
62.43797647573865
57.47857099477507
56.89365424732988
56.93529153748416
53.73630393010747
60.934240717490916
70.83609548181232
75.6428795185233
76.43829433465629
74.6053355305235
71.66719294546397
69.90034157925715
70.88785152010613
70.16393275269768
66.58529048506371
63.109060189358175
65.17980139566645
65.37185551506435
65.52056436975674
70.21096924947224
72.83739119574994
73.68993882313089
73.98597729420968
74.2201454484811
73.96863349758529
72.19279080181168
67.73384113936723
61.10462718253609
65.8771523064356
69.80862680358197
69.11132278105889
64.21069954085907
62.351335954792475
68.55315078528523
71.52524827675562
71.84976791201282
70.64462332825319
67.55575743740991
61.57941162695139
51.85790652331441
39.18633285984434
35.08497171402663
34.58695223516333
34.89667844086422
47.55183579855892
61.20526206453333
69.85529789975745
74.25298716723381
75.07298774644815
72.4889170127585
67.53629211686845
65.59107287156927
63.72843153000828
58.905968965124124
54.858516764762264
54.43451579797959
51.77477058430618
58.0855327896641
68.2097149080134
73.15475737619902
74.15811972973306
72.89087996592315
70.7324626518735
67.88538524588815
67.3460827008728
67.20536641867422
64.37765051521427
61.055788077755444
63.22831563167956
63.924272589154036
65.14324205717571
69.50460525600437
71.65855495001735
72.20276260688092
72.41350543912749
72.4338109961688
70.82797773027644
66.07188669098446
59.78504384285194
65.13436359819194
68.45186386473638
67.54871489227722
62.98252985010223
58.51363212888784
63.60866336258159
66.84554242132967
67.45016952494511
67.54253670204888
67.16141236555295
64.67385760953181
59.08608985750383
51.1857731159065
45.39708350186966
39.56376990214676
32.65705820891316
45.38839372519324
60.180263667367996
68.75078031307015
72.93129835560518
73.71416510786997
71.26276481593581
65.36035756243051
61.59392017723558
61.89504621439162
59.18908130326091
54.24417859779452
50.57912641715533
49.57724057510413
48.84397430829797
59.04963534321203
68.3765431835649
72.92638142806743
73.62764434904436
71.81867667565408
69.26201682109155
67.28881764300917
68.07421006622269
68.26536811910012
65.74111193654264
62.467866735904096
64.47435668265622
65.35535812524924
63.92273917863909
67.70055805362722
70.73800350597665
71.06722355206733
70.47028302389073
69.7983264756287
68.4324300634111
65.21037076144121
58.93309950153708
58.71316481333416
65.66746723527038
67.76691297406785
65.30170300250282
60.15169333704197
63.18380408981867
67.31482228218786
69.00951219547987
69.50312655608707
68.47426393413569
64.75601854264737
57.68067663764815
48.80631708703072
41.986930488645726
37.53580548138885
50.179941579170986
61.65071870689023
68.2283641214951
70.57937889933734
69.05613612031188
64.35941626724815
62.67098540790003
62.904197638215244
60.15169733486708
56.54467569070359
56.66477205555051
55.2055021687627
51.25329844804845
61.01808766367279
68.66333235317033
71.63963486156172
71.41568475947649
69.92129410595186
67.67068764547878
65.8196038457656
66.07603836331512
65.03595106480603
61.60251967977442
57.74216622391804
57.06253520569316
58.02079765572653
60.22948144153398
66.45978320758196
69.73363517510889
70.36052391057496
70.53347806991675
70.52967050922422
69.06542144569458
64.86206365884274
59.92383370121637
64.40803627476899
66.62310076355257
64.48859610036135
59.703627418088054
62.529960757104924
66.34880493506655
67.5276475712802
67.26412065067015
65.25300403616033
60.32969349386943
52.01321948675819
41.31482944540444
35.70915979198985
36.52195944812394
36.544083911298515
51.28974979150385
63.898064034340294
71.16748329998168
74.08351588412336
73.01695864263454
68.04769557423265
63.32740347598941
62.84400895617896
59.49862261782041
53.869949119442715
52.98685166299236
53.566203515021826
51.10200010548774
57.94060245215532
66.65120511931627
70.60930717018663
71.05077744201708
69.71580307692473
67.76052507277399
65.94479432814194
66.81348180992575
67.40401131594864
65.43751395332964
61.88350383281925
61.51817043956204
62.2111769599043
61.22904410996399
64.85810499576601
67.8735438247525
68.72148643971796
68.91970785468362
68.4384069098541
66.26782269994267
61.2571889016302
57.861405815228
64.38922172460244
67.14163747512231
65.41300326171844
60.30299140496217
62.909748403524205
66.49744696158197
67.10114830751454
66.32538436461098
64.00575132764949
58.541582252237
48.81613739965484
43.44395692247849
44.3883813352505
43.6353091870912
42.87038988599845
42.92932357173055
54.9749452560188
65.50826211270801
71.110182208333
72.71243781677661
70.72305700709643
66.00018771419131
64.38769994141352
63.87298582806083
60.48202951284165
58.35214727177231
59.93536946207824
58.52717025277104
53.110864376792996
58.84914108335019
67.46341243441789
71.30369827256892
71.51594944334994
69.96139094534581
67.90717818600109
65.13864766883987
64.63359983354749
65.29798778531242
63.58557708449136
60.770724614460114
60.9709019286349
61.40762155628324
64.94169367423167
68.06104059145139
68.99098418331748
68.9218992987517
68.55688597970138
67.82730187863818
65.63691140345911
60.76920100158766
57.220289441693026
63.73914971663224
67.18513462690142
66.94325901473721
63.42440274612487
58.8826968926349
64.00637096600497
68.57984428125532
69.79834358730822
69.03860634754737
67.03104914814385
62.80908253759161
54.994072903291766
46.45983847744127
46.177903536270236
45.5752801729067
43.59654272775681
40.18914284348646
35.62305841966573
30.906308261759776
32.963659665721
43.63298872463502
51.721784925276324
59.77863471638932
65.20379137349082
67.63259964940667
68.30556808545963
67.90904958168446
65.48961309725917
60.29026708849918
60.01253989194964
63.12365819313609
63.153454031605214
60.819768929335495
56.54526704715009
53.103004289695605
54.808285126714196
54.46702811652316
50.3823407113234
43.25666978979538
50.279967871432135
61.79077765443051
68.45873187099184
70.85063222209519
70.54018495974212
70.04387943197143
70.10425889830755
69.60373004885652
68.15263586714904
65.45586777929286
61.467979087807755
60.87691836975868
62.224664400753944
60.7466926901138
56.68441113625513
56.06483056468416
58.85504705769269
57.911493836525814
53.01605006101931
58.5359160879639
65.12574843975837
67.85207630418444
68.22533424657831
68.01143301799245
68.13950726588789
67.95206309249463
66.59819074659764
64.94671547369374
64.78256793092784
63.310757849973776
58.04523045448755
56.23935742110065
64.3469787852561
68.28474566026183
68.80406368424013
67.13474796903516
63.40777203082218
56.954116782979476
53.685520810921965
61.407117752077404
66.42555579104554
67.90612273254867
67.10076105312353
65.0396315247826
61.6584916788156
56.32702779576351
48.78457824340493
40.071403719694516
36.01721484560523
39.25889607328838
41.57215626753211
42.452143614232874
41.24270655290331
37.955289327651506
34.76853735286115
33.39202641542693
45.43108793472364
58.71905780899864
66.6349439997963
70.26952440513863
71.12924039743403
70.81758917802743
69.22328307684876
65.91042225170645
65.80955251901466
67.47636914451742
66.17366590812468
62.43296703325811
58.471845684729864
54.59427641681693
53.424593963792105
56.74132937345522
57.25875492835601
53.628740332478685
45.447473169917636
39.31236341991667
49.89724992301361
60.78317232365751
67.54843214107295
70.47358661437937
70.84204892414479
70.14695642364245
69.38366850347917
68.38781622635499
66.64683773462586
63.86163730934129
60.28483422298224
59.73380257893404
59.96391857144383
57.57918478248272
57.244737555654844
61.62534536957007
62.373979327540674
58.87028341573709
61.175480709010806
66.30909504562196
68.02698066301393
68.07829937199797
68.17665611550636
68.09044875281461
67.01638490059422
65.44757704995415
65.10507523040036
65.86015494735052
66.42396327251932
65.02056256948188
60.33540969427249
52.293350785315255
58.591931696932804
65.79987300337079
68.42835472034588
67.99767907901581
65.77061642556035
61.269939903343314
54.442890604448884
51.00842137788411
57.6735048881316
64.3820916289211
67.42593994221609
68.0775554418818
67.43859516175581
65.85518627651953
62.89256908752044
57.65818944316224
49.632748650845045
39.63639695846226
38.62044004460025
41.43169113089201
42.83827146927783
43.405301004729694
42.45191876808234
39.66653781000758
36.093605171919364
36.93067041821335
50.119554060212636
61.51634285272653
68.52518469849649
72.05040254476575
73.54330837791163
74.23817863312516
73.52540297762829
70.08746096069841
64.78574427469096
63.77624898308574
63.303813910715746
61.96744133386179
60.24947352226201
56.44705378709325
51.33549106682725
52.1363511788281
52.55642304747496
48.93599460722698
40.64834438174308
36.071716602798
53.13572453037652
65.37964517502408
71.84842155838251
73.9025342390339
73.12499197829229
72.11815532863294
71.51796793678882
70.20037391670888
67.48598736155654
63.812571128406944
62.75389967848854
64.05528844422933
63.8826988914016
61.19438107045876
57.37562802839982
57.08764415638079
60.082697665852685
59.92566464693126
55.93267220958368
61.72605892560401
68.36906309786949
71.31825981852332
71.97238565757962
71.71834454931309
71.0206750886626
69.92644633179847
68.82120989916133
68.11668771227056
68.68558601534988
69.76256386602864
68.85657481787119
64.5909788341445
56.22718524332913
53.965562588436384
63.93639629582567
68.92157359290326
69.9076369764895
68.00583035013118
63.617615987293725
57.0285087929177
55.51862531669463
62.31512857204657
66.55188703953438
68.09471397577053
68.82220295366099
69.1930392114582
68.36157919344817
65.54371277154414
60.07164648796868
51.82375460120733
41.88536718529277
36.433984571993335
37.64932023575836
36.91245326426497
34.54311706109792
31.34468711862609
29.23884300990151
41.38990457243789
55.39950942363545
64.26685814539204
68.7079680667514
70.16501050378165
70.14124652646171
68.82749070180496
65.41274221377111
63.20398860773349
64.64432719467581
63.63941143645179
60.06708298460417
55.94189963488154
51.27196991170548
48.44890770318753
48.7798619085638
47.38511076872682
42.83172748572959
35.31311820653918
47.18550747841167
60.11111345342375
67.58658223045418
70.71786979466543
71.00189678828657
70.4074689932412
69.82506573113588
69.20578739360455
67.77358075577071
64.60397961755757
60.46037630909329
61.02277519884302
61.69925843774111
58.94546455825345
54.350127572417534
56.26580075996898
59.22765148884352
57.885169397969975
57.843420966428354
65.06429286817661
68.59720829660398
69.42419265844781
69.7046076856652
69.4702445253503
68.62683602105003
67.89981109099577
68.01087602776194
68.86980038937925
69.12769956357718
68.30421923818446
65.64103898219757
59.65621318183112
49.35246470840351
54.27511142088563
62.518496633498444
66.24935934239949
66.46681452914783
63.75532201166196
58.011266498201806
53.291934548015064
60.31410200952234
65.17457150307989
66.35910150611915
65.29734932537382
63.44418239386522
60.63313060746882
55.91733931614257
49.3184755175687
42.172835819176385
41.466106097000484
46.08581877804411
48.692903722161
49.18194785347711
48.74265648017258
48.20545617156826
46.58407864680417
42.95997973177086
38.62408260182056
40.95410331584365
52.709025809102634
62.309587437785375
68.33498551150032
71.67749826362753
72.65460632294689
70.78153384020114
66.40219606708382
64.40587641511323
63.85239431539653
61.04667856732016
57.133296350440645
53.516763864983275
52.560337928908154
54.358019444155126
53.95898411503011
49.901626044853685
41.6989944679344
50.55796093229442
62.6133609709094
69.05624667314885
71.40288776662847
71.28020437054263
70.556691843399
69.88273843111098
69.21157625531387
68.631746412133
67.67738784814218
65.0251826561351
61.26377346411437
62.34152631173202
63.43242486918756
61.51871011978737
58.54726008886001
61.158856851387554
62.58561298470901
59.605894017012275
57.47310024805059
64.45729061976512
68.2452394084322
69.29952246078926
69.26111911593392
69.00074776011694
68.5671808437413
67.68408017022178
67.18153601862872
67.38150183269136
66.09155714767138
61.66162208892908
53.28454370554651
56.148002613706616
64.49604267765244
68.04752446002904
68.02445685094179
66.04716354526731
62.65368822921844
57.220514964803456
53.47202424555813
58.833921309457516
64.40119563230672
66.72041085068112
66.88710655945104
65.81361321540759
63.41319306210522
59.43605550170862
54.0546610853637
46.90145319078144
38.044692780329264
36.82828728087816
39.53691058269725
39.31893671720047
36.726719745124655
32.8302573223599
28.59784282024095
38.12181766582084
53.132049748669246
62.82142070504293
67.84108891234526
69.48222353918759
69.52322518452365
69.07686001643101
67.67860983747119
64.4309758039917
60.84840612432451
62.15310001153366
62.44392689070661
59.808454627570235
55.67450187514695
51.26902581359719
47.92324370996714
48.75835834570597
48.35741567169794
44.356188158671294
40.94476406858588
55.518033237011224
65.34081754992462
70.03907870745078
70.81073254826559
69.56196697654987
68.61384389993741
67.91029160390085
66.9993570280175
66.24729241364395
65.33326963538693
63.02111481238906
59.466129821570746
60.40891167325266
61.80157242711899
59.95373773934396
58.86670875811732
62.40088475169955
62.66332896757676
59.40975152789058
62.8057478260869
66.91716801274833
68.12402025283461
68.41997188776566
68.60333014092203
68.51771064314495
68.08084457935803
67.58601259867123
67.41833971635532
66.39379293080404
62.73081139746698
55.21780806416323
54.362905203261526
64.49661426643131
69.72453243490337
71.19962068687138
69.9098284840666
66.03473641222612
59.35951944839405
57.632856146396215
64.29453658240145
67.87051296782613
68.09375025529688
65.6876452287859
62.15180022370666
58.10474552288137
51.159175223700416
43.553981356848425
46.26461114722275
47.46726969563757
46.10273113684033
43.86341098783659
40.26973203488103
34.146113691977675
29.540091909307876
28.828369866534867
26.802391477875005
34.36907367019688
47.18493292325089
56.80595541486521
64.35341278910516
68.63613395813641
69.97709386495876
69.61948258943751
68.89973951803589
68.4030175665343
68.11343217877965
67.80037945456681
66.24437093563425
61.93876934035396
56.44243660921194
59.28988990312043
60.6627925205821
58.41098315435313
54.69795126070569
52.13815853517336
49.04968979122914
48.755131580130886
51.382754055812
51.93556828628151
50.31925687131759
47.87480660939898
45.33992679170203
40.88804257053826
34.05363106682334
48.93159256998641
62.02541609846154
69.5530529603088
73.13891555635752
74.20488301324595
74.25064579021118
73.9986486963528
73.84907200725854
74.38670435361642
74.48236563456602
73.389349068278
71.35108468255018
69.03660791926424
66.98127490461755
64.74058300015031
61.416274674640306
57.30281596614806
53.93866125649984
51.65967248592011
51.77349265869846
52.352839046188386
52.657818230584574
53.45619702607064
56.09514493419375
56.798819685912044
55.933328410553656
61.63129273999851
66.2373791922587
66.2492051390939
61.46091496836317
58.37902962073038
66.16396424841035
70.59897221325623
72.15887345341436
72.41469852946898
72.50119650792715
72.10843302382887
70.89468702051512
69.04169503955887
66.95608039873646
64.86942277604993
63.091358290842976
62.794593955461664
64.49780532431159
66.56207603026566
68.28264463155509
69.26879201719105
68.21973074858894
64.03557975013818
56.06388466739408
44.12191115971932
37.58611745942804
53.676205694293095
63.73535575800173
68.60662540651424
69.97709442491
69.89373803074297
68.95728633062244
65.5378809995909
58.41213628621303
49.84142729019898
47.361253513280005
56.0882729020835
63.387688938065125
66.47534735830094
66.52608134906326
65.147172795224
63.46268734377087
61.63163165972061
60.041956424015446
59.18848158051042
57.19046944563334
52.958963702669486
47.98859493570657
42.77904085928114
34.602451264682195
26.71191670197174
28.95970458862465
34.19522790141603
38.00048047085128
40.932793346031815
43.96102204203779
46.38472314083323
47.22997142956402
46.17108683657551
44.018611042435396
41.58631161010749
38.91422184573645
38.53996073288251
43.89198796217749
47.505502614212325
54.39335970221742
64.20356586407206
70.49125784017306
73.31229831754837
73.64925832295909
72.57303625610804
70.70022872472096
68.07544307020788
64.39869929665326
59.059848497154235
57.36782622355105
61.99400055328436
63.963346347748676
62.88520997349128
59.78505927999821
56.855674044882136
55.938662910990054
54.595753613479914
50.69109803394934
45.178772377120104
45.75993936551292
48.15964478938744
48.78278285113715
47.72196159348045
45.39924306563758
40.934973496668846
33.30438577536197
27.500925574836977
36.80713861538355
52.17792988104665
63.08118441603095
68.78230368884306
70.60660544672513
70.94283848815553
72.2515338778935
73.29461492565451
73.17492938338668
72.25049665944303
71.08924205643768
70.41114646845057
70.39760336980058
70.30961852379437
69.0807318628792
66.12037175883769
61.17987081661012
54.543625672750835
50.47559609182544
51.803931694426325
53.68407428405952
54.578170381664634
55.831333028765464
56.064400402411096
54.48367170992321
53.06480031721159
55.40192084060938
58.80600425857118
58.60683000340433
54.03901763173859
56.74242180741834
64.54747695295056
68.09257239371229
68.94066334967809
68.74312776977536
68.5778758819871
68.59491477553215
67.62823543172833
65.36799802931523
62.396295210615364
59.657677510523
58.7419143616421
60.18646016124702
62.78438636322942
64.20785092631891
62.99136776313215
58.339160699608435
49.736032033016464
41.55931587372811
55.53266712677687
64.58413056909312
68.72705260979555
69.51972158130212
68.4645288906812
65.63717680061981
60.200565768340475
53.40641075303413
50.564203584139264
49.524693117647914
48.027081135735905
53.62403069953182
60.27974755799778
62.8478744695498
63.21224512940467
63.58705037638003
64.44218782518024
65.2054214558427
65.04279463251609
63.36285236696517
59.83552521205462
55.481523509799146
51.62118176853794
47.730116233741164
41.6235208272727
32.118779334483506
26.049071332582642
31.476150315535087
37.651566714689224
40.067507909992905
40.798525334183864
41.76414255885681
42.20746642985074
41.38320481510494
39.49260412376782
36.69874536969262
32.5751288143967
28.448627327850243
28.289537730425465
42.29986698606477
55.54936292472198
63.837766023437425
68.45983851340351
70.83999688558677
71.75291555435817
71.63497396473188
71.44078004924046
71.20884315693056
69.5261753416323
65.4576080216746
60.80116095169743
62.3932727806399
64.21654707011193
63.37087617381322
60.479187930055176
57.357278201600494
55.77060071354505
55.18469204213112
54.14566592086884
51.36345669403251
46.70490715571645
45.30153156981676
46.69214101356191
48.062834140168455
47.35535884690377
43.65885668891387
36.34052937748542
27.647663669144258
38.81186173543389
52.12753946198396
62.29775763722497
68.28215152861813
70.63508414760995
70.68375905395136
70.80350549598674
72.20720941283395
72.91576619902989
72.41224876456906
71.47471055630069
70.75432626366141
70.36309458274124
69.50553830583755
67.71028985706553
64.71018829651355
60.79100607265242
58.054024576385466
56.0486514730129
53.92210852518773
56.26117719170427
59.771216902017144
60.26731295157003
57.53151539673784
53.674857321776805
56.10471512221927
60.91109616256021
61.60712828977256
57.6991716095657
57.680071422564296
64.64883445743328
68.10549570381198
69.34947321284608
69.6307426562729
69.1590932253197
68.14392536897357
66.90968872420378
65.60755117246045
64.64307777674637
64.05227294584756
62.70070755495198
59.36554293830874
54.12259627519028
48.52047265833397
42.81005225538769
43.390989631316856
50.366814647486294
53.38343905641133
51.767987001009104
45.52742924047799
49.087490585580596
60.182690725087014
66.0891139419657
68.06583211979512
67.6456369570875
65.66848325859243
61.18317986826472
54.1318813456997
53.96038752097549
62.720658383870465
67.8181484853063
69.55167126729515
69.36190281703398
68.02159937006691
65.71143233980897
62.272196155574434
57.79689879516851
53.401817460370026
49.07340787870348
42.933828406117975
34.369744409987206
28.54044125549343
27.304429058197602
34.84826907899184
41.678296588037476
44.38354353460977
44.68148306165272
44.94804514983407
45.4715694735184
45.55831119940713
44.6676706092009
42.62264834088828
39.744741704381
37.71539038451686
42.39753767063704
54.66809827537234
63.19949682614607
68.2995639230647
70.6276494564669
71.14031354435178
71.17290119368988
71.4271625402392
70.57538897248205
68.0435252758379
63.58229871015848
56.17186734612705
44.8284002748839
37.36882034223912
44.79924326519757
53.65460664407581
58.80535807391787
60.850160280768186
60.88075167185643
59.70058909701177
58.198220602787025
56.88751653984677
54.91566574569667
54.472470267534476
58.77501987277271
60.83214697163076
59.005821376781576
54.00470320644285
48.508377872089355
46.338368151734095
46.93945371703482
48.37636417756288
50.32688518983201
51.307516466837555
52.39751362911803
55.24123923810347
56.40626174772967
54.9323261746478
49.85810952600257
40.11138766733569
41.74962503392337
56.88491397277239
67.08260534250924
72.83511656336083
75.381161927308
76.25032814838069
76.4308714772855
75.9574319215911
74.82558400484068
73.11422312202498
71.14213812934025
69.3179351379268
67.59090268779369
64.69796564805327
59.03791410625309
51.67799616061923
52.27470768615067
53.68301975585154
56.89348551039893
60.33626672387241
60.05108918726666
56.304177753000374
54.48752836405156
61.26129657272715
65.39900273401473
64.68980485488082
59.18201155315912
61.68330878280368
68.97241224085468
72.14251216282405
72.59632298849725
72.0806572150198
71.69527144841025
71.15877258681005
70.09234643596474
68.29149314879739
66.43989591173053
65.54381596946396
63.93425316928422
62.97215654116076
65.85023251973
67.49676898422722
66.90583927635448
63.51894477597397
56.266611923707885
43.993507655587905
49.906071568715056
62.36429645664808
68.9069950285561
70.85975138761994
69.30613802966572
65.7130010695013
61.23059918480307
57.72198840432267
55.62498032866746
54.505338979070814
61.89574808503067
67.53931179726294
70.04553768823223
70.5302822314975
70.22154925373555
69.45660005642165
67.18579268077329
62.084329203574804
53.73931686119996
44.98873039994548
40.159851519669225
39.25011104811548
38.75294548105989
38.42879839271027
42.52810570277168
46.795971086681476
47.51017972920892
45.41409084012568
42.87107033728191
41.53829031627802
39.46973701460117
36.99982046164458
37.47198267274152
38.48832226425551
42.11539584355571
54.22494187446035
64.21419137282744
70.93741319845685
74.85308344191378
76.91229800086948
77.76150381079782
77.30409599564912
75.66048508052204
72.94985512671177
68.22315658017148
65.56993919112357
69.27673372588616
70.03894659844494
67.78825346363165
64.55495692772912
62.17633291153717
59.249446030523956
54.24180311397159
48.92016804992306
51.74480764861411
56.10287303573556
58.367448725955875
58.30597917565008
56.07167202296603
50.598647520660414
40.39314900495023
35.80981827758239
51.14293040330641
62.68175668725984
69.402201635258
72.25812078521585
72.8169936202207
72.67251566527736
72.21250780951715
71.55641233437892
71.17735736499812
71.23626254345186
71.05705909061699
69.61520267211272
66.4444558225136
61.75251518110909
58.09152000921593
55.92870356164232
52.52229964989432
49.052692267807494
53.84408845822087
58.433746180294044
59.45731623879971
58.5646230632694
58.76348828780777
63.6521678779573
66.54209277416769
64.77995318665515
58.27889983378013
61.0051308233744
68.2924496238814
71.70915504201913
72.46142648066713
72.07597436022725
71.45092145724235
70.72845089538849
70.41921502878549
69.9886215956779
68.7679662204991
67.89280301291078
66.86718573225059
63.22876520361198
56.175868659441036
53.971199575992664
59.232457132396775
60.634616324477975
57.77174840519692
50.816902928695235
44.24720542950109
52.78513170713278
62.90930522923261
68.42731407327794
70.53368061490768
70.47828462747602
68.21866807490827
63.4384074411284
58.369460479223946
59.28605054605826
65.6252726521102
68.90160151760591
69.60557975873553
69.27028017538018
68.32106177234546
66.50002901626604
63.6926908507073
59.62546885825027
54.21152086230692
48.44683545191308
41.51655187504785
35.829410421755824
36.57643665448289
36.758559913214135
35.95428331294933
38.75583361812995
40.90543663623953
41.95488022249454
44.05872518757208
43.75996149243334
39.72899324448775
33.93243796621628
30.62770948702235
30.88658283293412
30.949759692098844
32.41840106476475
45.35313371042663
55.821559291965585
64.33145081375936
69.639359804747
71.75052402082345
71.88852004520587
71.52724574957136
71.14797167082587
69.92524148570485
66.68610017934766
60.74626031489848
62.73859163626022
67.99688520258957
69.61434038674597
68.32316584813921
65.12013187224747
61.72084616302135
59.742985603832864
58.05976129610879
54.57047526330561
50.116644389459076
51.34743117811109
51.30880460388627
49.68337165835003
48.43327600674402
45.85889540932824
40.89574418323907
35.39856352981923
39.85818636775822
48.25736497648559
57.196722328764984
64.39075212297732
68.72968426918295
70.27106875090632
71.23739680921845
72.34959357850882
72.400481802187
71.41763897940888
69.90246408287288
68.30092091476875
67.66412352687584
66.95574449861483
64.8234343724806
60.802839873557524
54.934204646049366
49.9124652925774
48.32180458861079
49.63693918659921
55.62805081800015
59.109549221021794
59.312528239671565
58.216251911363344
56.56028472944443
54.30636939243797
59.310259650237555
66.19275995775037
68.67732991503937
66.52903381374952
59.40188106827661
51.36614506117577
59.7423371719607
65.68839136520421
68.1388781750112
68.55655086005453
68.37007615588001
67.97566468240385
68.11146661822349
67.81753793045886
65.98849499890416
63.85902439334481
62.91394214965425
61.080263493777245
59.810290433854334
62.782240868676624
64.14769427015298
63.28346189161025
60.088188210880496
53.69857676201127
44.369068064113534
51.78734369250726
62.36026687347632
68.05983020403163
69.89085086125414
69.27923510974085
67.38850209754065
63.64346066360782
58.108192182861515
54.67372386264095
58.25780993842535
65.45460003512976
69.27729928622671
69.95368417900069
68.69310451322389
66.37727693279346
62.99040522758552
58.75291797846647
54.09972722212686
48.90762419801706
42.4144784144693
36.458352589484086
41.06820498004651
44.71201086263058
45.449377963410384
44.40200577381888
42.89807603482644
41.76902991654626
41.01028160563973
39.97734577304961
38.48183487494915
35.98648635289388
33.991978700524015
39.63708816384213
47.74384236445397
56.72885128800913
64.08280730208799
68.14264871941116
69.6652341678869
69.7636372263081
67.94116337365476
64.15575443661481
63.845387988981045
64.43089805373815
63.03389141601478
60.58983054813898
56.857713477533274
52.29941219257964
51.91151798792034
51.78477569799773
48.63098938401501
42.18326704457872
37.01220986126823
46.019463310088526
57.917210813562576
65.78623479583611
69.48178122149541
70.39169106897043
70.87027819332364
71.314472775804
70.81074114247754
69.50894730342047
68.06264350813214
66.6175766199853
63.87780239785792
59.396038366155615
56.902310550417994
56.454987693884384
55.046187185950366
53.70865831742578
56.94304021653896
60.35789505212537
59.44612661228682
54.52211772600282
60.1020031661847
66.46366418947191
68.86459450646375
68.96045104358625
69.18941990328752
69.50545560257515
69.10431467445461
68.35924035897057
67.20915800533493
65.77402862031333
65.20918356308545
64.89606478672644
62.65912995534481
57.12680004725969
48.44484165004629
57.556354367564566
66.40128730492242
70.31624271611152
70.57562486539915
68.77601530790791
65.94124565920329
60.92287903974179
54.004122470676535
51.646483058046464
56.172011342433876
60.80389944976477
61.55775574851377
59.08581674689987
57.55202006950307
58.06466983998649
57.847446207790966
56.4205927733163
53.245315151271306
46.91930212230788
39.07852417141155
35.84992830408479
33.982571316994544
31.89956853359057
30.46441803646963
30.888356262600972
31.295246411908444
30.810808819310658
31.37082889696291
45.84906515084309
58.232409379096325
66.00269891428702
70.56560474026311
73.19143547046055
74.31226378474528
73.41708882748948
69.87362119578134
64.81257310452627
65.21585198563373
65.86567948082914
64.02557414135704
61.042291295025365
57.61133706677461
54.233304844364284
54.88623117953957
55.00784627796151
51.49132559486744
43.66786582031964
38.76667997609865
49.82954460254462
58.3897777597213
63.88918008926049
67.05948273455179
69.10402754302677
70.29273302684257
70.93451076359749
71.09632892189764
70.28337096026566
68.31492501293295
65.05611716289562
60.97414221751828
60.66465488653553
62.56295944822991
61.8788173100845
58.46957593381724
58.62449746863423
61.34695511812319
59.908460748676504
58.65549451296082
65.70635269809776
69.89015598920396
71.4069752331575
71.7350988512741
71.84452099844164
71.67225288779575
71.43420226608751
71.44934871682585
70.52944256919551
66.98839857004359
59.78142407087793
52.97416268349208
62.34532589238945
68.37657124001747
70.55828258785599
69.75744556393184
66.27592953981674
59.72647174796734
53.517757120525076
59.45369217255279
65.3089065033907
68.23466232491496
68.84257038289408
68.16230803550343
67.09530072489712
64.87974574844795
60.37072727214788
53.265823465002846
44.54465193020039
38.314421540416554
41.05062738347833
42.95416644365318
42.68567572922524
41.449312364947005
38.64992183667697
34.09557868162848
37.16905868555579
48.55682471474104
57.54441847622152
64.64233665237683
68.93747127446989
70.66340957130402
70.92081638486148
70.38141778447383
68.01794793380333
64.37968418373777
65.18990757414831
65.91292373492429
64.04744332401893
61.11399037471223
58.068398611220495
53.920045660249244
51.478797208782574
52.25005464762034
51.21435341190056
46.59226813320703
39.15033223440943
50.13216420713416
61.461141889445294
67.95251692520284
70.37109169852852
70.4479271751829
70.37222614077427
70.28867586456595
69.64529629294384
68.68436908036419
67.11942806861123
64.30649689584213
59.777858879394984
57.45307851288267
59.8686892992771
60.250816922412795
57.684144254116845
56.430663604727414
61.576534075513614
64.14290790645973
61.99591187204521
56.15704528416057
60.291269492554875
65.29312671989719
66.97475553831082
66.98670190010682
66.97600796972753
66.70738408139488
66.03962594062344
65.72205000439134
65.67357799357
65.24222220583997
63.92750333330233
60.569330513538986
54.78353533199161
60.67091689784885
67.33765230440102
69.8185972728166
69.30509530355145
66.54988570650849
61.200438632951226
54.44213196379942
54.90890182031542
60.97317676837818
64.38839930048961
64.83561755677438
63.9369349341041
63.49008273447974
63.11552519191898
61.76543892231859
58.801682220414015
53.239686209918204
45.10216693538436
36.25999667663089
32.38789279329574
35.90621106231943
37.024848522047
35.608476977226616
32.14075583977138
28.30333259150966
41.47920287660284
53.40240339835197
61.98380779688294
67.45471121269259
69.87192882697387
69.86045484131691
68.11592970681373
65.3754249084462
62.26446200920593
62.45939955377736
64.55349591255015
64.13923234149651
61.55371205137784
57.791507489309936
53.198153486408344
52.47425691382166
55.03301211894967
55.24554934641696
51.58301784130859
43.86180781857537
48.03617605028427
56.56557800161234
62.5331539133345
65.39209636152395
65.8907400571778
65.61343788113956
64.84144894667651
63.69901982940103
62.871735389484456
61.21597280118
57.525537435526175
55.23340546009696
58.71600360068777
60.81671421115242
60.222599556674794
57.163996044181786
55.2173366298704
58.34324966482204
59.368747078903624
56.00766084993057
53.83502016529021
60.559639932965226
64.50847858501521
65.45937363353477
64.63608217976572
63.488869595299334
63.247671817564694
63.27672172043747
63.73575839103165
64.30479150662758
63.30737335833274
59.43553963673824
53.20629790438594
60.13574126338096
66.63196474266783
69.08710335503942
68.62024776371759
66.0647149643144
61.17913628047348
54.36100140705107
54.79966994131472
60.70749112425597
63.52072894973509
63.63431420143669
62.32960156882945
60.92746451248992
60.01704879778123
57.325953465426494
51.22245091827429
41.83987045215115
38.71905767833253
44.39864973518602
47.75584314742978
48.87470649212412
48.73150758135409
48.474216967649056
48.28858098695723
46.67504469700661
42.92883459771381
39.19267642520306
46.434122243071386
55.45396373080696
63.27119828337565
68.56858179052824
71.11627967090134
71.17848450957287
68.91092576725268
65.81318500923618
65.89587418136372
65.71917187960676
63.69382503795574
61.092979137393264
57.97533418620389
58.3700123032283
61.27301300319428
61.389905143502084
57.72060276082694
50.09096623267431
51.00886161055052
60.77216215453574
66.52485186828778
68.89171325899727
69.18025505979283
69.0004324846644
69.16852898994702
69.34677731411267
69.15045106767526
68.51518231326344
66.9651576253355
63.74040520912399
61.08137766927362
63.10684486673007
63.79893912050701
61.34897112075926
60.138888665552386
62.26681667580384
61.030427464493975
59.44258457939582
64.62803455511443
67.86052040106704
68.74937143556801
68.62961305299213
68.43760750687113
68.17879684050242
67.21821273925426
66.03499827341692
65.86204196208277
65.62705697539593
63.334544820835674
57.875209257117355
50.651966049327484
58.034487244648965
64.7187473898306
67.31779480608063
66.9493378886778
64.20348961289751
58.72499561577946
54.977061055836884
61.13340248066413
65.4716047259299
66.84333410030638
66.79092621739595
66.04104396597582
64.45368348582238
62.56388015426439
60.38036574397411
56.65937185636787
52.41412612955276
51.45302768578111
52.103904939229075
52.40440262525638
51.38231452936295
50.2130313117178
49.40549308730467
47.4306491090322
44.20851930602929
43.82411828067485
52.90024449828569
60.88255293033562
66.27256720446802
69.66881025758033
71.65894563444512
71.79921704527115
69.12539821005028
63.70051596984212
63.18174916576483
64.42252187655852
63.206404816162014
60.72514601734812
57.76027118724695
59.25532540339464
61.69793586859946
60.88819723624888
56.34728080736867
47.5149294433627
48.2857906710878
59.97749758576849
67.07459357046396
70.58955580504674
71.9531731170841
72.18612450276528
71.48146465306105
69.90744269767225
68.14149809020138
66.64995002035005
64.65514089531045
61.261686897195496
59.355168741251276
60.44217196598397
59.58255192380791
56.233708686500535
56.317950366542526
61.01680135769446
62.32516355327974
61.21564383709344
64.70854783805896
67.5025093618392
67.96511336270962
67.43485779175754
66.79791931418248
66.43984681482557
66.54881041230905
66.82274444078219
65.67229865927476
61.45983477243285
54.917541860752294
61.44785554346843
67.32635922100957
69.47881866529431
69.25435589350485
67.17780030203232
62.48581555696796
55.696504999409996
55.99575771132179
62.69346916921925
66.63000033512004
68.18969532337081
68.4461294913981
67.29955312689667
64.25520322259052
58.878047470042844
50.82057267289172
47.14180581735823
50.27632447889329
51.08151600960468
49.796190694619014
48.0993465313032
47.329521471556546
49.90640618076668
62.1833714839849
71.65772561837459
77.03984229431154
78.8343772275878
77.06427894461118
72.29271032031421
69.79901114024655
68.68986923820333
64.92362261175094
61.19858719254496
62.55036313313841
62.156640030411396
58.330883943253696
65.37061987202561
72.80212729129565
76.08399648288629
76.73586755023246
75.59866859798753
72.36230031852568
68.5216415228603
68.7397904863769
68.50227313097626
65.50175849892736
65.12777596473582
66.72461222638108
66.70056626995374
70.64672485085416
73.57593306812166
74.23862678762447
74.18847028131218
73.90370040034807
71.56383106337772
65.70128643410708
62.87546156498159
65.73412430376833
64.90439689658879
62.5473171138695
68.95809068464763
73.57211894356426
74.70640722985104
73.96077574085803
72.62513742701887
70.96660968863131
68.96327973784896
66.06260977776839
60.9483767877951
56.180618043073196
66.09370511366701
72.80209125933668
75.3200864538957
74.10174482836956
69.30829113248316
65.29342771384302
65.95697533910004
64.3964815910224
61.29031771228508
60.80187385332561
60.29002554007047
56.45633568321329
59.79011941839482
68.5251867915642
73.18688059101466
74.59191052222346
73.71646622028345
71.0020728365945
66.49454519416963
62.41110302301624
59.89884964923113
56.84629569110494
54.32371976674864
56.85266218971067
64.05581139409017
68.85509744399818
70.99727349362043
71.30006868051294
69.81388094269968
65.69036775462305
59.87384416123545
60.44469050229643
60.087903591341465
58.5406269851499
65.54735734989531
70.79142489482267
72.90696248344459
72.91010818348117
71.29188897748665
68.02078329751147
63.24610011116472
57.03088409702332
49.76353984309142
59.34644739755097
68.25725648379964
72.63514595018273
73.42106596613169
71.10573266092453
65.68388626201528
61.176397331105946
61.79400407753076
59.863200884360964
54.7312254655956
52.970276860115874
55.69293021076496
55.09750424026956
56.40595434698035
66.97883088149521
73.27489185656012
75.65966105820061
75.4127055602533
73.84376085686797
71.22186132841154
67.01415579586818
64.46141499788266
64.95339456626837
62.34625935450968
57.94532057120144
60.285589550601884
61.412259526200124
65.32429563363699
69.92978093435566
71.67824459122576
71.9966440279702
72.12616928600646
71.04400437584783
66.92770527058035
59.57013872015054
60.488695453961434
63.01656059411713
61.919098715098606
58.12914516991782
60.806205714276885
66.60000795059509
69.25461059517707
69.50659949539548
68.10261477494019
65.44472223221126
61.93369331358154
57.19791404365607
55.10557537066026
64.42514778566788
70.144303699734
72.02372898076473
70.54989369709551
65.64255449214848
60.533658210741606
60.7841249344894
58.55686768357846
53.73262010232569
55.598685905489546
59.19340546878352
58.86926506953401
54.392636710931995
58.23307749993926
67.83191633433373
73.05895538111334
75.04940355186933
75.06668137124264
73.69683706078175
70.51218880633462
67.52351737992825
67.3726158308531
65.34316022797921
61.32876575800115
61.317196977497076
61.24522720561063
63.29281661083033
67.83505626615218
69.93756441970878
70.26307919958728
69.24196440568147
65.99785374480506
59.66850561742443
57.86084850624232
60.48124200334261
59.21223294018584
56.50735725453842
62.46914622429485
67.37388099466969
69.2157512767509
69.15670769156455
67.8154808515609
65.61375150460249
62.423489429854406
57.08866113882639
48.8542398050742
54.09078637202106
64.92141450872227
70.7277328763657
72.50950602404024
70.90154793980385
65.89760202301822
58.64151673899293
57.94518244675415
57.80882332427085
57.11134074209422
57.83024445444482
56.50342315029334
51.159379366609336
45.40080796837361
45.7845040448938
44.67737250460043
44.704532049924694
58.59948589107606
68.23138017512781
73.45544117091792
75.64153244694055
76.13230593282472
76.17416245940493
75.24545901883391
72.59691056514873
68.9883842606339
67.7773086333376
68.10730900156041
66.0744993757564
60.76324628289871
60.040951633498935
67.18785349797597
71.16895413179655
72.33398416835344
71.88512282705395
71.0984861382873
69.96667686944049
66.88290654297995
60.56023898502027
51.97284955224483
55.61237244442664
62.718118361226516
65.66583894002905
64.65371045892488
60.99518046752311
66.3787373525755
71.62091420735465
72.8495533570545
70.975007574636
66.39600727510303
58.625246647839845
49.22713793236884
49.88590134043986
50.87827633371244
49.71860254249593
49.750565521015815
50.60052558619201
57.48244152430418
67.67766665839565
73.63359039510144
75.60542654643437
73.96716033034954
69.67946311748914
66.6582869270542
64.63789830241852
61.03689863765982
60.06181612573371
60.874616522422755
58.56214010320133
58.12499424190087
67.47797778835776
72.78168237399625
74.37701786232209
73.95216341865093
72.15970096395698
68.88649445091392
67.90026139344394
67.64979817541303
64.72345556308163
63.75522985788629
65.6332881145193
64.9363407569426
69.02873364331191
73.37021747728122
74.67926918528973
74.89058343454519
74.96447198731492
73.26452547406797
68.17038857809924
61.764923097842996
65.94066509460396
67.68119044644026
64.98734830962829
63.15128654105792
69.30513568860326
72.71972045682857
72.74333010450752
69.66328545217334
63.13139415318615
52.82310651587587
46.910693801943864
47.173081410377435
48.06466699032462
50.264725859351614
60.10571757369857
69.470501190986
74.2714581856761
75.03159655744236
71.97448173088286
65.3847629094385
60.3792981861031
59.89303466404934
59.02942687797398
59.15060799455229
59.975392374529235
59.512070302224046
56.89090679786303
51.804906679537304
49.5964424757155
54.79920260412566
57.86458480112933
57.87460799035166
54.978938937216796
50.01421198210448
50.291633715623405
58.2694500656664
66.39315819132023
71.26529225004062
73.33514192943744
73.31480043197826
71.84579193515981
69.43945673787874
65.82089560650077
61.703085630195616
61.922387692521504
64.0364183675671
64.15268474388236
62.93776799802663
61.65608702792027
60.53325289642996
62.09936020259599
62.092747908449184
59.06174773786758
62.46729365471814
66.87306791225123
68.4356985896928
68.37462832684805
68.13573450015203
67.94469376332084
65.89152269096272
60.55845743350433
60.834846323850144
66.18910559596822
68.05681280341152
67.46337588631475
64.77083899305318
59.48803174728126
54.100847335887636
57.833444110976124
64.31520872494451
67.63958970751912
68.52153004001198
68.09474626525154
66.78488292981668
64.27211103987018
59.925968728402864
52.72099531445402
41.99532371600198
39.14137131117729
41.83988013271218
47.06092307449965
52.20271842943962
57.441703525578525
62.477340797784805
67.14398386331828
69.47527344455484
68.88392376066858
65.27145869928188
60.408053153610766
62.28957739850071
63.23688539978776
60.859054681392635
56.4259995510692
52.64526072642772
53.66267667692967
54.59592508269562
52.44460076278338
47.23403917673512
52.44083718484806
62.60590175822244
69.1056989132601
72.22489701064825
73.31988839917456
73.65588519332162
73.19237448354913
71.19429817850082
67.29639655333017
62.54221090114585
61.899784191028644
62.23271062473874
59.72404085198057
56.90036595650806
59.79325588462979
60.796633924439185
60.59285164576739
66.68013269365952
70.33666982608003
71.25869089405576
71.55540895353332
71.68953489623206
71.29771286342393
70.60048523340538
70.15251047529385
68.95701129770295
65.16692863857065
57.63553589694337
56.34613531822201
64.47767847276441
68.38771318186717
68.70422632017727
65.67267849888545
59.28785888109818
58.55227132823473
65.63380824712453
69.2453537151661
70.17170838726767
69.7749514588524
68.30935649866004
65.13293510727038
59.1956573238927
49.432751863413706
43.47150196090408
45.58655668926561
45.830736321451
44.34320640701274
42.34654531126597
43.44926978817494
51.87199591481214
60.35885415793858
67.11317234511117
71.19130199232862
72.57991714790704
71.07910329160308
66.41209299434392
62.64979576501051
63.72620605781468
62.632625285588055
59.97629318884716
57.05138825289808
52.89487220155718
51.03830658751859
53.28849532495683
53.2878397756318
49.59818364025355
46.75524537062272
55.57428406313306
65.19834378181436
70.92312985895006
73.45677780832614
74.30214232192274
74.34318448029579
73.42437718877721
71.30582676670625
68.01169357053128
63.35117245732606
60.08754945792666
61.02379442410317
60.72283122446245
58.789323668898874
59.98955772728558
60.942429002956956
60.2133168507992
66.2052850447135
70.61503006468354
72.00627891656951
71.96258262579774
71.39836977725544
69.87036732473722
67.94336819102229
67.57205721558181
68.16413035565842
67.87531172312272
65.02225209744297
58.47048181746261
59.24773808259953
67.51731460030871
71.35381484348385
71.64258125585994
68.88745734487303
63.10069595651665
61.50605404308664
67.83969617055605
71.50637825167439
72.83514501038395
72.4933163917295
70.58018369632254
66.65268549075014
60.03257625634496
50.0974143402922
40.76750700187449
41.921615379540704
41.60852175994943
38.9412644628195
35.02070587651992
31.98048428108926
41.184165033443456
55.801198858943934
66.06526148720886
72.7953522245582
76.4211529597931
77.21778849654
75.27507914161265
70.4701036219254
65.36504420836629
65.34607460711425
64.13629122628522
60.969853087847675
57.00896471299767
52.57954240282175
53.28956628982056
53.86143243343014
50.329122661742645
43.731879220095976
53.73754436787628
64.78326187162266
71.24897081724694
74.389329917596
75.64177098182562
75.84405095362988
74.87561404379271
72.55823969026788
68.81170579308295
64.4088112573645
63.74369388835443
63.93934672540126
61.80055808593351
58.82288712982603
60.36517928981219
62.791371930053046
61.96366447445876
64.74351596389782
69.3011379058851
71.1296666934391
71.8769970591038
72.2657982098118
71.98951664780657
71.65236708191274
71.76695266851134
71.06780236865097
67.71734975994549
60.73325825663015
61.27039488780352
68.7117987868943
71.83484323972797
71.09451412334406
66.67649662615281
59.634786535839055
63.05936983164975
69.0577302726418
71.60254971532358
71.71161276784007
70.67742604367122
69.03593221995082
66.40202791088659
61.727295307261436
53.51251937993091
41.707690046194145
41.16595391667511
42.40434198205708
41.427007766640614
39.391195649389395
39.16336140079177
42.51812172085515
55.19588156871784
66.1030576601375
73.13285143709847
76.93020389313976
78.02307170573758
76.48582425473462
72.41665717379837
69.42647638232997
69.72260184278957
67.96973410443415
64.19634297968499
59.680527622389256
56.02230443666828
56.495840817755045
55.06973455646776
49.27353901317689
42.771661278532335
54.38027965569057
65.6638039785984
71.99946430389556
74.79824111994014
75.68287160344279
75.87701169661519
75.77192226492129
75.1314393775922
73.122113209988
69.02197987104294
63.35384150382181
61.3702159429949
61.38787859382607
59.49093091117186
59.374498275323056
60.877660550508764
60.668179502829496
65.68693985349266
70.03896294472425
71.61815735586757
71.7830977702701
71.76536759716313
72.2548551475949
72.88476440174787
72.4715618278628
69.52354630601411
62.982401626903915
61.55189859654825
68.67884507708143
71.73810958993357
70.91461560961025
66.29862934671799
58.28314816540744
59.16389975289138
65.2729358571308
67.91805351598485
68.23025619513626
67.21424163875362
65.12919376821333
61.76610859506315
55.83429723557158
46.29838255555528
43.16332307008886
47.33565347217406
49.72756334722477
50.0717700212164
48.69820798490038
46.14369997764641
43.23393196212482
43.793720833215374
53.28183169584803
62.36178903245208
68.38444942877251
71.999052677694
73.67009725475198
73.20838214270952
70.23660049842985
65.83152297618959
65.63505017944871
65.12123741843766
61.7743305776629
57.070828715172226
55.36671736115945
56.75874732555854
54.91168673657347
48.36855256453991
45.40192505509658
56.92997546036195
64.38625855343909
67.93345844238266
68.91708962516964
69.10867063376784
69.07144140043187
68.47739350251989
66.51816794941637
62.32357150672959
59.03269877346509
59.4860072473828
58.04824695089414
55.88061400614894
57.58518202289472
57.96639851421925
61.084091114571606
66.4909491009795
68.59065290100716
68.73380495608332
68.80658295888571
69.1257403792086
69.21652857496272
68.1330549271048
64.10558867209987
57.55113096667913
63.135303257096915
68.07516425364872
69.1836004402511
67.03937576323928
61.90998032777493
55.99052824895744
59.80758821854647
65.94101453989443
68.4996128510289
68.38599243172762
67.26043519351856
65.65552190256396
62.29379815086265
55.84634121429522
45.817948722851284
39.36740449964242
41.16939863269263
41.35573352205383
39.2697977595998
35.56764944128256
32.12569448963926
31.43916092779336
41.08844863462228
53.253819243930245
61.659883412023355
66.8175273620893
69.96904768143796
71.64363306987616
71.73821986615442
70.33590061869673
67.086080791109
61.53470432996454
57.65327228984937
60.0028353044724
60.01455320672299
58.09982102413424
56.06293931138283
52.8463420425092
49.449170581037556
50.07250963229112
52.18838709719675
54.072557621988125
54.35381838956253
53.08283006633054
49.85050128203472
47.765760315879
54.50707533196375
63.81458506230481
69.90363946078975
72.64331105739969
73.55831869183854
73.70452792421004
73.48974713747435
72.79307069120976
71.22198617991467
68.44894383699052
64.2765293958487
59.10096230744537
56.47752454365502
59.684405389309504
61.23808111103177
59.19946244269818
54.453515585462576
52.131069228351066
57.70546678543383
61.35730600998358
60.226633439574286
55.32787931712983
62.0098199211342
68.23157377261498
70.53032790597013
71.00612339245755
71.44590908484945
71.64483706065425
71.36381019583907
70.6014068825647
69.74861206871115
69.91080682665084
70.48573729033964
69.25540347811305
64.80200494688437
57.5393917734841
64.28585982685686
70.95161519642984
73.7825248769415
73.58241258229342
70.4038112700922
64.20333114968969
58.5215363612648
62.69009270449787
69.03526060596369
71.9300550887566
72.5532499125673
72.07443142459812
70.75457413369354
68.77651725557075
66.38340892412289
64.48934370023984
62.09982589422811
57.59692338869375
51.21755864823314
42.833308256855744
38.44113739055706
41.7422782400464
43.63011078729605
44.32991136790111
43.55242924242536
40.974848053983436
36.82846928288276
33.671725770486816
45.58195015747649
57.792376493608586
66.38349194412373
71.425100037985
73.86583529409339
74.88270210706553
74.47704774165112
71.84676092695764
66.92896280223246
64.88777749810312
66.32975591483768
65.86257296225888
64.24348254110645
62.37791077215904
59.59566849808874
55.26014070830938
54.393408497205925
56.74748130286561
56.87876375683289
54.415350706433365
48.848351234816796
39.071122269827285
39.28077251634343
57.007104723871535
67.65735790747121
73.00268854259383
74.64715937885906
74.50377044044176
74.43591883591981
74.83216032804225
75.00204945447017
74.79901484676702
74.12850867578436
72.16004670199342
68.2557509162151
62.899357939680215
59.55269945376217
58.4266536720294
56.7829243558203
54.95466961400308
54.391865409365046
54.781903239145095
54.81934652489946
61.86294235644651
68.11623071794166
70.63963452642365
71.43409039310667
71.90758154913972
71.66243633954178
70.21356208832353
67.63810241542312
64.80088140448329
64.80240813651989
67.73255330399718
69.44254112442071
68.43094862547544
64.11112024780954
55.673708700424605
47.02064208840188
59.05900112100159
66.7184728889404
69.89721533716923
69.88485691279892
67.46313246859431
62.70236831467456
58.224001357041786
57.76938758171241
63.86188564048997
69.44258393462923
71.68216002997208
71.9415421964944
71.08616155113703
69.21335564239706
67.15171846679417
64.6146819849603
59.4621305796759
50.74747814244893
40.39378408333736
39.168494970104035
42.77361597499653
43.77656575562839
42.15765308582352
38.40122954444308
33.21453853417921
35.41537669064407
48.7505063533667
58.02500999484735
64.3846008177374
68.45884194082795
70.91304930096811
72.01687465554718
71.84117981503617
70.35318715791321
67.11651672577119
61.36276361285862
53.89740008812361
56.17582654523363
59.90990068929967
60.745597531046904
60.336902591807664
59.756688178295775
58.10086414280818
54.505192163169895
53.628448407282086
57.80984015578768
59.355753771242675
57.43406135914698
52.03795436824141
42.940216568582024
42.37941088801974
56.88726330867111
66.76378414050112
71.74733127697547
72.98702956431265
72.72293886475845
72.94558047264653
72.8646968926537
72.43201073564308
72.01258748808813
70.83674981261815
68.04215034973495
63.253383520927414
59.94194741085744
61.62866668347074
62.92129491809795
61.25400094820848
57.45820143387549
55.65072063325685
58.80727949832413
62.261575372019806
61.614128535581884
56.1486063464588
55.03424795515624
62.3176033879684
66.3334858133286
68.06892179585597
68.49781106264078
67.93069638485764
66.95315588694538
66.99773060870732
68.2286525172792
68.40786518755576
66.0031621003896
60.1573576306891
50.04748688916105
51.70666140344015
62.012183220732844
67.80820155462206
70.13304419357655
69.77976109787032
67.08744008550853
61.93958023467964
56.121957933439106
53.77337459538473
54.808356521794586
60.478427314831634
64.31849987617115
65.98758803292161
66.67710043439263
66.44386970911059
64.95963215019602
62.68158836014358
58.71649774157285
52.261370237064256
44.57814816486858
35.30607843142569
33.77378549825736
37.565896261888724
38.54196796345713
36.686772530206426
32.8527071915484
29.120687961049313
27.021765932212208
30.175476196529807
44.972013396339825
56.66764622255347
64.17120757198447
68.30641232176254
70.41786791977434
71.59424721264264
71.74779969599591
70.32428529103144
66.93409873856146
61.5451519175262
60.333756107263774
61.99295323010666
60.99844372797907
59.48437661975284
58.640461600797025
56.07917624543556
51.22824104983663
50.97986982750924
54.200803463902986
55.346455549009626
53.320019294046844
47.607313602850084
38.02854999062684
43.30083542122286
57.020730140039326
66.24320369647485
70.71069426575859
71.5644650680553
70.96599109556648
70.78606428210223
70.57408429911195
70.03058311177112
68.82463957173903
66.70085569278356
63.84065063870822
60.18027005232226
58.14481246107373
60.154140084271134
62.156660516609115
61.22258996519501
57.63503385320468
58.94014666083215
63.52600606408336
64.07083155190976
59.92595671726612
53.64161755610003
60.35992475469469
65.61905472250989
67.67224713219382
67.53773788302834
66.54541415748993
66.18632082330635
66.47137745549793
66.40317038517065
65.95093050677279
64.74220747697201
62.47883999964681
58.96015511816171
52.96031538967337
43.57367682336077
48.013778020904795
58.54208828732014
64.40540062386008
66.56710775869739
66.09595901197808
63.50929836550175
58.42962801925532
52.17529955751318
49.48610035650698
53.02758522141187
56.631166030016225
57.63052037865446
56.09505472857567
54.08185413434924
53.30242054597859
52.34459198761901
50.09331551725453
45.956488773425306
40.602075572507914
35.26059288468023
39.06254906499696
44.08562943770701
46.701302240891835
47.129212782327926
46.38747367540495
45.18419498857589
43.18208312108623
39.75286907839536
36.0696488620576
46.05051812231067
55.969578454768836
62.24651047746665
66.80406574741204
70.09087234300223
72.16590361541893
72.83350190712628
71.90228525522093
69.22985251461287
64.5963363532291
63.27931719120886
65.86588725482669
66.50965298676395
65.40986059016436
62.56820400204968
58.08399301258544
57.0182633295518
59.59530056792176
59.33154099478699
55.855133354899785
49.907631200324154
42.605388126423875
50.28118928690468
62.629089342438775
70.41989366663967
74.00515036874252
74.13604573896691
72.04782450777196
69.68051432377476
68.59432837563135
68.36555069608207
67.51284296018356
66.07293768890763
63.51034353070537
58.89555264242334
57.140090020700285
60.476917397435095
62.69685369352096
61.8551319976093
58.946294903755614
60.56030081788391
62.941537409714726
61.11017874035706
57.97176784470568
64.11173924707731
68.04808261320126
69.11867099313083
69.58100691876693
69.89847847099804
68.78216623710668
66.5961603706488
65.02334290055468
64.46689966388924
63.3692231134762
60.76477086718245
55.74589578377549
47.74627296241401
44.03932593975722
58.604024482475396
67.7482259321985
71.8305562208168
72.1004061416509
69.70213856672699
65.06621608345459
58.182428058416775
54.10560189736312
57.867688675456826
63.252434331930345
65.80319198850913
66.14570064344953
65.7065203830401
65.117481290915
64.93959971789171
63.9526038620873
60.915988768013605
57.43445761275213
55.13523385941901
54.42645392991438
53.69858814322831
52.011422203435416
49.880946528297365
48.06781426261001
46.47962111497162
43.40910712504549
38.80518314621537
39.15434990277574
47.89561831841805
53.848287323885586
60.32812043944616
65.74900666535855
68.76848099085504
69.87990535710242
69.45885681984672
68.05637963461733
67.02621723219528
66.63833754587142
64.9884047310479
61.009355317943744
59.207894994118234
61.91991200288154
62.28816141726854
60.162849682729245
57.53695547026784
55.77374718377185
53.15310502565795
50.654391621129875
51.393865200356686
51.537874351552745
53.07891210798293
54.07541867493548
53.069807425778315
49.78371234376716
42.9788481766425
41.22478083144573
54.87767355025472
64.61408426706672
70.25886019943111
72.77493636965575
73.69973980772458
74.33083578689184
74.88802080909409
75.03495779547444
74.52466067162737
73.32418298062552
71.83556039211338
70.37190556983033
68.88246112377081
67.13671607066588
64.32052635206063
61.17643117173026
61.13377203935591
62.86009155934843
61.96595649131062
58.021766193710036
54.21537799564725
58.10501117864259
63.27449255399409
63.932927543407615
59.67401483242939
50.06200156592031
50.87345393606056
60.018391967045645
66.12671016764675
69.04065178250465
69.61867422696955
69.13924174838502
68.5925777662708
68.54453654907029
68.44711825385363
67.6790883097116
66.2500000958882
64.18978980018552
62.59810754184155
63.93822484988512
66.714441625455
68.00982067577117
67.45093869685645
64.88569415875287
59.43746088911517
50.4664597393817
50.99433638696705
61.302370863538854
67.95927136057767
70.7782392182294
70.74200895271315
68.86921204819082
65.04508163871637
59.09461479903007
54.78515021339554
52.762735467243125
52.14135926938941
58.08492328834817
62.848827625104065
64.477358119166
64.2178325231513
62.89761007249772
60.67151996462813
58.468871856594504
56.37065253086355
53.396507782798835
49.68763906981319
44.794409942462785
37.89139467907446
38.63927033556668
43.206834505782545
45.3376443449778
46.58481086222978
48.270175366009376
48.97456244759299
48.419122750762746
47.147245947781656
45.326725074108765
43.03236760826864
41.64984464959918
41.545756528560744
51.006454271608064
58.577548185484204
63.79313514480068
67.21104557385561
68.8512649192218
69.70778068732503
71.17365279239775
73.07780217645248
73.75433470946999
72.46116530918158
69.12831302083768
63.40048625817292
59.743580386157504
62.856214008541436
63.556836518614475
61.677877789793015
58.38910874440842
56.34103444740849
56.62188166820903
56.21882609754476
53.152567121214176
51.91756328753062
56.57035994304395
58.981849249755065
58.899337380631415
57.362240873830544
54.30529747294326
48.36877836431559
38.082427321879784
30.573452408407732
45.76321174738537
58.94763657873254
67.4838145357389
71.9558742519327
73.7719442680302
74.26846383811635
74.17967903936618
74.14510656224559
74.26462166644964
73.91976405681403
72.70001578966578
70.86665794392096
69.08953717562662
67.98617686215587
67.26554114975787
65.67486079730196
61.96839457794415
57.945044638290284
60.556118426123305
64.56624353231075
65.87711257233578
64.88270082219712
61.960361240524975
57.748955787039094
56.098635179472716
59.7465075464682
65.38010243976432
68.51101604983187
69.00273694408293
66.78907488520653
61.174176775242614
58.557449335412706
65.11400215047321
68.36224469429199
68.94613274539677
68.81204277092874
68.97422521965329
68.951035584062
68.0435876727917
66.03546242154316
64.0460320783766
63.36834101166012
64.60931482593786
66.98189074157952
69.0423344921789
69.91318321123958
68.82170272520851
64.83888669793083
56.94150582195995
44.0438878645069
30.53937277436087
42.11021686382332
53.511573556027834
61.4909522988172
66.76203935605719
68.95269212226106
67.83131342449443
63.27990808375836
56.83664752220345
53.43586840322564
54.08322449200434
61.34058163653683
66.96779204786355
69.53696296361372
69.86061784568184
68.73323046922951
66.54862830538801
64.24282607895032
62.92673412353146
61.15526375923223
57.60339875324423
52.154488497579194
44.45585637373508
37.500344164366396
42.95572794593686
47.47465678389136
49.4313775063901
49.86914428322835
49.28863125427125
48.32835252179211
47.76131163745694
47.31476661647907
45.72843049942513
42.78092995437693
38.60234306098895
34.204491855495384
34.241660913284626
44.42508190739096
51.68497446358941
59.17286801005703
65.05494074349728
68.1761079208876
69.5862882426451
69.72167219921654
68.95273971516828
68.2056227683085
67.36774499136276
65.31499637322978
60.65619964470295
56.30410044329707
59.62580493547237
60.84461200102862
59.098543733072155
56.19741277625526
54.49993103191832
52.77768715988068
49.492062712083005
49.323610220220246
51.67386958820477
52.7618999077299
52.551140531550814
50.85729796792589
46.73811513426607
39.31381575024305
30.669302020434685
29.192040839200182
28.572856655523022
40.55372507028099
55.51128517477296
65.26221271659345
70.24199083908928
71.91612507155519
72.41136686876841
72.38661526966234
71.30627624606048
69.73140693859223
68.30166697270295
67.38066339080024
66.87612941027024
66.44061209364605
65.70327374946913
64.39420930894033
62.16950137020538
59.255447944145
57.400976121914894
57.28551891618064
60.08757215962039
62.69154862353
62.56849727526742
59.7106449399579
55.67773372057523
53.708881636275514
55.36704548165172
58.32200116248878
57.58444094181713
55.29943326989138
62.536044983127496
67.72360935197257
69.60589592089461
69.84493047797444
70.0052387303738
70.02872502147909
69.72833347484993
69.49261491474945
69.3123803841895
68.86059448598819
67.81923643955041
66.3245743985515
66.36157043118206
68.05061858794014
68.74906577492433
67.22666741458029
62.97909462562622
55.71489932098021
47.468310506901545
57.443279704643416
65.76274261141508
69.90211696637012
71.06781807597307
70.34078319425662
67.81752538123453
62.67175060565357
56.08246988778147
53.501108644547266
53.39693109472378
60.30188503690695
66.51823114335589
69.39282423770021
70.28826912472458
70.33276718010312
69.79463763149491
68.58287907867995
66.19971352928522
62.56315661881867
58.85550850151397
55.21389939903884
49.93218968115887
42.040773531705696
34.956330392751966
39.338893912052825
43.7780413103226
46.49074259112102
47.56425237389634
47.615315223441314
47.454136434160475
46.68213870148734
45.48113809853497
44.532192052609034
42.84732443673421
39.00284617450217
34.806112853627404
45.88390591118413
57.673756919495375
65.31489024558115
69.56641775664495
71.27389762489996
71.3896242136498
71.20752860177825
70.76112390228963
69.02870935345875
65.83694773214752
61.76091561705957
59.33683457694127
60.73087031790518
61.743920610585675
61.34540462191922
60.09942558932189
58.55057599454866
56.43483328666739
53.17481958986494
48.54897317500836
49.185950603451815
52.74742095317491
55.35673183119727
56.03796886998377
55.052617136220576
52.45431838655768
46.947598000906076
37.06315464326412
31.600388179004668
48.43963081522727
61.48812203849288
69.44438350226187
73.24344066462211
74.26377112434894
74.31891043691594
73.98790032159934
73.16491609056514
72.4534232231606
71.76006634990405
71.16969094599321
70.91468961674578
70.86621601698411
70.3186700024945
68.46000337675704
65.01939131485607
61.738924439889765
62.0614264929102
64.81109132608114
65.58352262570969
63.295596536325604
60.17808058399126
62.63875213027674
66.37988844500843
66.05033489394495
60.87731130011556
57.883634146095694
66.15074191474909
71.03686822697058
73.03563944470645
73.46651081974886
73.26291965854836
72.90718771679067
72.59402275147644
72.02080648965638
71.30252558599962
70.63375841258547
69.7268622936477
68.50676969864635
68.35536392868599
69.17004339740612
69.06993200905197
66.70920537170839
61.230298336367866
51.896461915895344
41.43804490335442
49.443025449394
59.30383800827242
65.90111138951689
68.86462508840964
69.31585281729785
67.80753315734009
63.82262775878283
58.783958329038455
57.19104409709816
58.41290405033366
64.5818136520172
69.03383113556053
70.58674735967017
70.41101030810594
69.58550380316866
68.17307194148575
65.89110655881476
62.9467854182749
60.07531313113762
57.09478029639275
55.20648430254292
54.01448997771855
52.24573536532976
50.93427328621672
50.40220819010921
49.67998503396447
48.68130374691
47.40291749392902
