File type = "ooTextFile"
Object class = "Intensity 2"

0
140.5474829931973
4385
0.032
0.12974149659864942
1
1
1
1
1
68.96938669915065
77.28300325087758
79.93710574486937
77.52077987928931
69.98975082035554
58.991535159603536
56.37663791237738
56.24689339162483
59.364861574574036
62.748355294523435
61.57932540516476
55.1248084759068
43.38422693599567
38.42667636170107
38.127056308465356
37.69541744097728
37.45568840210858
37.78870675461137
38.29899240955421
38.56559167024755
38.394242904387525
37.543634105628826
36.15050439155878
34.14199206138265
31.740855031046806
30.198830036214822
30.32298501951424
31.42184453992617
32.648860602367506
34.30422015100335
36.120755625255896
35.91133292977932
33.46337169762403
31.28343809775076
30.544766179073676
30.372479600295144
29.53801608271061
28.051664523175262
27.315379429750276
27.508571127004636
27.75537197901862
28.459138007330615
28.862921263192437
28.057681201631457
28.804443195733676
31.33587149734055
31.50117352512313
28.852953196406258
26.44559784260988
25.686659664827847
24.779096481365592
24.508037657452896
24.999799143308653
24.976358491846877
24.01469188778583
23.356461382114464
23.885908211512728
26.189772073330182
31.235825430640194
36.07792513365862
37.93938439489983
36.08467014187105
31.366306579664858
26.817112683737484
24.743741032051638
24.24064433817078
25.2713241950645
27.380268382395577
28.638280431689104
28.023011247498047
26.46273939324636
26.971413850660433
28.02213122381216
27.0825025255336
25.985034457091132
25.870295212332024
26.30778056365521
28.057355459425327
34.99933438550943
42.74862943779084
45.70891710129584
43.794964832447896
37.424925883161364
30.22132453780712
28.28371126189781
28.91866162973522
30.026929080993202
30.950399919626456
30.32619883042335
29.203855146081352
29.726790087732628
30.63718857937518
30.68112303340692
30.51510654575511
30.579005986468548
30.277084892417065
29.032727354882446
27.27919776861425
26.447317636985495
27.154572782379255
29.358129663421412
31.751969351603005
33.11323919074175
32.535051242515955
30.22322050537013
29.286096225042918
28.164567403380808
26.97271444469406
28.981277726896725
30.261719138599293
29.716450695840273
29.551633303343895
30.71548868925764
31.37795743003936
30.850826065394944
29.75610981022988
28.788565996598297
29.12926873602948
30.626183553818983
32.400372882399815
34.628547907242336
35.05154425729397
32.61369961060898
29.72247739312062
29.11038582705971
34.08463055597649
40.673185178609934
44.237788615515996
44.19823589993178
40.91881510857648
35.25608187619
28.92835446892979
25.364388367206452
26.43800358563379
29.982050441659354
30.824588261837956
28.71871439891248
27.17185725916085
27.647029648010246
28.66511421207951
31.33581615154703
39.92899116047307
46.53318571570619
48.549631774131086
46.284506273563096
41.59024566948454
38.16022121597875
34.54712269565523
30.173866118547995
29.436784575218486
29.9253070263399
28.435651571412926
26.527395103117144
26.100305045059923
26.399828761290586
26.075921424045482
32.78010574894247
47.48800947059766
60.00152486536984
68.6066754188519
73.65710198454292
75.71380163047267
75.35140955205067
72.9142934663777
68.59396627178225
65.64108556438605
66.0168554819516
64.42975486444792
60.29235811764569
56.01326029147312
52.42396245787731
51.348905171613225
53.67092377791086
55.59682051541693
55.74368129550746
53.423385844178696
48.34016373430349
40.99254213942735
50.406824983272074
61.7738092717462
69.44239407122846
73.1611026478553
73.62622257434866
72.8678459876092
72.70614885255073
72.13603546476013
70.35978891390298
67.456756238664
63.507077338521576
61.20911430026146
62.98352559584654
63.19635846065019
60.605505591165134
59.35999451875226
64.21460994805639
66.57554673909242
64.55363529445806
58.764759898148434
65.60608837499234
72.75194232837167
75.48159991769546
75.11248420192123
73.37020257546624
71.76423581509162
70.46952795884918
68.91950106901831
65.6512166414233
58.95983030361332
54.7858182639607
65.31086701287778
71.68513094195903
74.1100081137496
73.58854688673348
70.3953706580151
64.11325467097966
62.11027031234883
68.12724624972398
71.09856883876608
71.36682223431751
70.11482981352461
68.00097325960964
63.8474384377932
56.05357763545936
43.74033364640227
38.28898984171035
40.543477014999254
41.21370628621709
40.40245130931906
38.1801431343645
34.38092304606724
29.841703902689424
26.43128434890622
25.689372258857418
41.718290299747274
57.110387671676015
67.34019099726706
73.30137264587985
76.01748568039314
76.58342430953593
76.05400733253828
74.85303515511852
72.1192129972828
66.53850812863037
60.4868549344037
62.10100594796613
62.28480740348162
59.62854067883651
55.55725571666339
50.93700534821486
48.56582967785276
51.210172551458434
52.646861403407634
52.02341977647709
48.964092189610035
42.87649773717128
48.55480819635393
62.763880455338644
71.09615145950612
74.6514543179117
74.60635226804327
72.82015103745079
71.61574456566558
71.30503742878871
71.15078007345785
70.26055227527571
67.9261510724192
63.988506309802375
58.48474515326907
53.85160116089981
56.48266860267085
59.00663187826642
58.40439155733538
56.26525781962773
60.07263342693885
63.285563585739986
62.27522556013522
57.134978449241494
62.81099924653339
70.94147833742161
74.69873865017816
75.35181394886793
74.18001412819635
72.76969630855993
71.50412341899005
69.76236150830603
69.19157209261401
69.49558520286047
68.70313842935404
65.53864310934914
58.8179185468302
50.07026384972765
59.398081463716004
66.58330416095433
69.85139042299454
70.11136996465207
67.67792811372011
62.4611030393167
57.7969873235954
64.64332077515653
69.45849149512665
70.912768950554
70.1290115155688
68.32913848307676
65.70260811119938
61.246342813027695
53.940930873503284
42.78421099249933
32.95645620705042
35.370948451152806
36.721196803058774
36.295939201029086
34.26853683097204
31.236014640604655
27.736398816270853
24.852232177680577
23.476327499271758
34.856600533978856
54.148212327508915
66.34764010884227
73.28413864627822
76.38683323759575
77.1019200769654
76.89202429913256
76.07027890026967
73.71472921572763
68.95915298335942
65.61123438598355
65.90651181397364
63.98830947960285
59.25237313317098
51.853254810117484
47.35517167194783
49.813229482871094
51.10468077465907
50.39999625626929
48.095199806582656
43.70917773583816
36.53935776458279
49.99557767904045
63.87076872591963
71.95727880540471
75.55360026520776
75.80037381365388
74.33103465039666
72.82122684958692
71.13435477936679
68.56151724564357
65.18571856369799
60.63612317056184
54.90182259266657
53.199528945744625
55.119859078814486
56.175578607975424
54.87403792591201
53.27359163372292
56.711637148773704
60.53523008437631
60.36176300088822
55.49436702167027
58.042432933038306
67.62629219736604
72.75922210031895
74.83276247839393
75.03359775515916
73.9633654099278
72.20514106861886
70.3134075312974
67.93323817877314
66.10501798145224
65.6227378002845
64.49670697343697
60.677444140875174
52.70612660491296
52.83198151243806
64.70073388187784
70.92026222637541
72.97693040674587
72.1333204563673
69.21813397765719
63.947399964305504
56.93816952789935
62.29706200298007
68.35099178381617
70.59229567417407
70.02942227234483
67.67241151122104
63.71289526255035
57.65503062846571
49.23937845398279
38.61391567223912
29.580909969929525
30.663475481235402
33.24152223412908
33.90110800149687
33.78153602494209
33.11182849822314
31.086978881132396
28.104306393841224
26.167471034607182
26.70825286030818
42.70880428920523
58.63153891475215
68.7959410931323
74.6060308993046
77.14905482400947
77.03366434557591
74.6664831833481
70.16669002580733
63.5745370999231
61.712231693338495
62.75328895456451
61.27505874384288
57.376269747096565
51.547714739832216
51.037690243494026
53.31241522350635
53.77280557654907
52.246822280880565
48.170999954368625
41.00850522837333
49.23728833421645
62.94244194371409
70.64686138358438
73.80828387163962
73.96382757877285
73.06743539901012
72.29019244977901
71.46994909435121
70.10564046261436
68.08093548199553
64.87543581692106
59.65023674726594
52.55353531688379
52.72308809857107
58.62839261970863
60.45229090097117
59.09671837599191
61.58865655335495
65.19747950849796
64.60654598088139
59.69761435347608
63.76922026877041
70.69470579833944
73.56641267519584
73.7186593745406
72.82656597183683
72.00420273204846
71.47376398556897
71.17335576972864
70.05620908746309
67.43341856893953
64.41512440568567
62.16888655954765
60.0364964808713
57.19494914729299
51.41989659139068
48.360146093223044
61.66210564647156
70.02574157636161
73.67872116264023
73.55665142869724
70.21023874104398
63.93517422762787
62.50596079606488
67.76683592675691
70.07496799155109
69.99971793614031
68.56344104422887
65.69339166541083
60.276787324682786
51.17034822589766
38.22191154988565
33.13485100766599
36.242141220829104
37.59441171477063
36.90326429953397
35.044199319971035
31.957582353503646
28.11501016868462
25.153835302061076
24.40909318824085
37.51285623562016
55.41103413988915
66.46397050422733
72.66555682850289
75.31139169531708
75.51800204309242
74.31074342682976
71.68274948095367
66.5918236632803
62.58826343262848
64.15886790542398
63.71369448805688
60.60024000888704
55.184211682231535
48.89737960398277
49.86655176820527
52.396367384889416
52.25746065909661
49.69381818069443
44.47206083377846
39.21286499820133
53.74970245331152
64.84187137205318
70.65042559112656
72.38435689875095
71.72543000121289
70.72440120821567
69.78396499917818
68.59148811828435
67.20020730813425
65.09513605804946
61.16199744806987
55.11510076349401
48.98464676357083
44.30151083804657
42.13129457697845
47.86503228367483
52.42680943829545
56.30846646934231
59.53854235741926
59.31957400389876
54.55279999991226
55.35917881343819
65.52962102418475
71.0016186842308
72.84864348827826
72.27028824437463
70.67050812007184
69.18757908087962
67.28281521010638
65.03070734810396
63.81344244084402
63.043530665318166
60.64776097517296
54.638606204971936
50.227939406820816
61.61796282704765
68.4007978656385
70.93217513148451
70.30350979670149
67.41923857460996
62.1817846903035
57.94085629779687
64.55091193817283
68.67246781169369
69.24070178294947
67.49203641942385
64.37746939307522
59.22723839231355
50.91296808084299
39.84380472068767
34.969550718849675
39.35919663490441
41.82752115158089
42.148228283507486
41.00237490365554
38.40935325576758
34.55664080722563
29.93583640545595
26.678012141319694
37.58142259706033
54.60414425945409
66.56119311726839
73.54057774733865
76.72464543204347
77.10748438189556
75.41043126530141
72.02643671887812
68.3619036184067
65.82485771714792
62.55899164109475
57.31389982352962
50.9518278784891
50.16160215486615
51.76659568987449
51.576132637601404
50.37936884728679
47.84385034781369
42.80590098663828
39.12323131547783
56.98546102082503
68.62789304890012
74.52959855886809
76.1743560280463
75.16138748842373
73.77261888087206
73.02169365319357
72.03969638911453
69.58450737107319
64.9520572054603
58.90181610180336
59.44319040185533
62.10546090953081
62.37142062981843
63.99012714554491
66.93750253426329
66.51544436730832
62.86019754398233
68.01119132973898
73.0620222007071
74.60914303543353
74.3579836961938
73.85395451732893
73.3779767986964
72.11650623456045
68.76160281338576
62.08750375610706
61.53381868860497
70.14495566978069
74.53791478669774
75.55388864172898
73.96438020754661
69.75104644887422
62.325414348775
56.95669370652155
64.7707612876066
69.68226478855891
71.03989985631681
70.11367945929311
68.11971013719196
64.85134881366993
58.87928881783967
48.80662918091839
35.014003422753476
33.529247094470385
34.52639572133404
33.17393717950558
30.05118121661077
26.299135251048664
24.46323335271044
24.233166779759287
35.48276700979817
56.235955727719265
68.78241924193658
75.94042661443883
79.34946115647757
80.06144195386383
78.52896103423157
74.5361796149512
68.33776717703051
66.02820938904952
65.76772271078798
62.6764364556616
56.852965594957105
50.82124048358695
50.03522515745777
50.17739980855974
48.28222831011801
44.11097746281491
43.22607851176737
58.55794492034889
68.30706749671809
72.9437279716712
73.97525183937322
73.61098242102312
73.4108406517564
72.87999337827475
71.86111028757054
70.098052357458
67.07663855839702
62.837936954371514
58.43022481706521
55.73655936333158
54.32163846725854
56.74512983439786
62.655515547340514
65.50837773884086
63.9448645329044
62.186318370389024
69.88829922404803
74.37219739984144
75.49776245840918
74.88923670839677
74.14889903005121
73.90312549934718
73.8316005069159
73.19298317752747
70.6674637290822
65.00335321202329
55.50331831647085
60.61198686167991
69.40999273314303
73.55053257484518
73.98730511192231
71.10255515166185
64.75577318692429
60.164652283020814
66.4111015618947
69.74678922674782
70.2763758175693
69.22137044598563
66.57804547002444
61.69956604931983
54.12889292849758
43.851266025598775
35.851079254504356
31.004531976601633
25.991146091114228
23.765572855511135
23.520593100299966
23.570929664962634
23.427738700213787
22.727632865527116
33.671653913185395
53.60306017445222
65.47736554747365
72.27017492762894
75.68179713272076
77.05529160161349
76.92446529590319
74.95965807513541
70.84607645061841
67.03292207145438
66.41624624050157
64.09242200222326
58.323958303205934
51.23526603146645
51.4658014806733
52.57768216872879
51.328473613117225
47.810411206963195
42.0246772734253
53.42342556865205
65.5763797835788
72.075199034107
74.60354151472187
75.0673219640752
74.91366032065268
73.70485241224492
70.84505621180743
66.4933701340548
61.26388337240985
58.69626520980165
60.842995502442896
61.46318405198897
61.37879888616431
65.21050499538586
67.89726090096829
66.49801439302418
60.374136397793706
59.683979107683655
68.77351102482059
73.34912901478253
74.7307517298195
74.78555148896153
74.49469445440398
73.23403082976049
69.87093536324471
63.286834317654794
54.37888729506453
62.405938587902625
69.11979639008605
71.4963684430973
70.29418386182988
65.84081578446359
58.238330320323726
58.67939836550137
66.0718862451306
69.59237359258255
69.66357535665843
66.49757019673443
59.76120580819594
48.987439553352054
39.35353523466565
38.335332876464285
39.86723879228621
41.45566641244866
42.73242371715548
43.25272367092953
42.689232895760426
40.72170196677212
37.11154574839357
33.06347869966443
37.40989046717586
55.29539314047831
66.96258406774986
73.80379199690053
77.11606870117157
77.94242308312286
76.78529516757013
73.15974849379845
67.17910639707755
65.31309173547382
64.89234793499998
61.56814039175072
55.925599305071984
51.815442607534365
52.35635162842514
52.62935765177235
50.81111766767626
45.91249708562843
51.915362935529814
65.17178584816938
72.36502895946289
75.21086780785745
75.35544241861632
74.74405437725774
74.1606014046222
73.15547938890065
71.21876222643641
67.9107375531073
62.572139865582734
54.935373360252484
52.50465587546188
56.228183581812765
57.30544315625753
58.70820093950791
62.954003939821845
64.67827668975916
62.12047776436687
63.81326658164077
70.45040700208031
73.12262376079387
72.93144701412402
71.72589200700612
70.60802868628558
69.76529982217299
68.23200169084628
64.23050889732791
56.864525562462035
60.81813199427958
67.42354542352379
69.79391032624498
68.58675844450868
64.11003335816088
56.48077306517973
51.688530121179255
60.39234708338654
66.4987595539971
69.28539906978101
69.91071174312792
69.05854593589852
66.56118223772556
61.69420484628323
53.64327210217813
41.925475912857806
35.041435739999116
37.147901679937384
38.23250000417561
38.50625210399426
38.255707456950034
37.19548794616066
34.930683227265035
31.677036011105134
29.74339226804299
44.80546190050443
58.46381519669774
68.02375548397063
73.98644225988016
76.7070584066837
76.47016128515621
73.21305559914096
67.08995328193979
64.47097723902614
64.62332763054297
61.66797979614911
55.84028640439057
52.1001178206777
52.628785570309546
51.20209766853098
46.40832742971919
38.65194081220716
53.44438677842602
65.42739814949832
71.5783757597132
73.67607156816355
73.71659655478243
73.65110452122381
73.38183001058413
72.0602145047136
69.30941972468672
65.24092302563372
60.33837201597343
57.28231987784791
57.85030205511603
59.2641286047385
63.58153111473936
66.95445159355452
66.18259791979423
60.846292084281366
63.33462474612388
71.25688954862314
74.68477772705997
74.92576619020429
73.89175630339183
73.25177265157954
73.1034695443739
72.30063259184166
69.35372271656165
63.05693781495475
56.83200297874623
65.3020924645098
70.53919979705677
71.87581203571841
69.9276528821445
64.88082734569929
57.22706670834675
60.58381496479456
68.12688281089692
71.45133492693094
71.69423878834844
70.24263449903584
67.48338840100863
62.38471760337208
53.76927972714463
41.639674648759936
38.81167623999373
40.53756017593267
40.82167108092844
40.34980707923196
39.0594865845512
36.650598379693136
32.75698414820673
28.26347563603516
39.029541170180245
56.95653069542156
68.39105161514819
75.289343400067
78.75263311029177
79.55222892924056
78.13985562770955
74.54746267765631
70.10892614005738
68.40350319365854
66.34562848569172
61.92727158803735
55.95334374622257
51.77994271762291
52.19895032300917
51.27038160156747
47.08635559727479
39.5333236941314
43.16389895904904
60.39661499103316
70.2951877633245
75.06468449905992
76.24825218806205
75.89731823880672
75.68999694784284
74.65853995090069
71.72490119985349
67.26907236363968
63.04337940066681
61.755371418228506
61.87681052965702
60.679618622746936
60.99874379454064
66.2461058465639
68.76216285468816
66.72280783355325
61.14958977626209
67.31157045830807
73.04621392421832
74.79079794426633
73.99945485868472
72.48004200042206
71.146911369592
69.63015804327984
66.96749429818877
61.848615739256346
53.91349557034989
61.39845478516812
69.784326164165
73.68086545280033
73.88100931805954
70.60538874967821
63.76198922165324
61.443081815838106
67.35753167828933
70.1596675516278
70.18809067158362
67.7378629234573
62.47371511366345
53.723422602315196
41.344376618320354
33.313884950062416
36.11594905431466
38.03364556881189
38.189406251440175
36.995183774020376
33.865447552962536
29.110721849786163
37.02319143529802
55.77593132579875
68.31096328501282
76.08827815689884
80.21525246152802
81.22749195713517
79.24562166886864
74.09313323050239
66.80887651154316
63.85111267016396
60.7775040882933
54.93019842108812
56.20752212160583
59.026792132315904
58.80233512572664
55.28839934504862
51.19719597864655
64.00907625718298
72.41300675347931
75.7723925079946
75.48988740392655
74.00308983764975
73.32450831803799
72.61700508913191
70.90139055311853
67.75897911083949
63.077882728783365
58.538206484004895
56.99581591169017
58.89180082491325
63.806271488503185
65.79237712634479
65.0403876542823
70.2436007917562
75.04098224214386
76.74214389440321
76.70893480640666
76.15046062618957
74.90689299641386
71.58863844464172
65.46549848933677
68.06716667120223
73.59005440444558
75.21173737250737
73.27866353388336
67.77979291065574
62.71485168218992
68.81183612121971
72.18611679277144
72.26764562969916
70.1771340647174
66.57545269144612
61.299049840105354
54.079665553415325
45.90497423692642
39.416853800751
33.80096355046937
29.544469427074496
29.423730305589793
32.82123237390301
51.72824669980858
65.1210612866
72.9714056130963
76.80580666194257
77.5366935989681
75.62796989557614
71.23400219155003
66.78727696690787
64.76491139538504
60.587192311142985
54.14442738988502
54.873858780635096
56.86026014796163
55.52122518425273
50.52700977223061
52.755556554096366
65.63690143283502
72.70113041668091
75.42050947938701
75.53053781049846
74.84148341004006
73.26939267609576
69.8742326453355
64.24232521103181
58.57355277098216
58.28511779565548
57.70661696686301
60.6271707957945
64.47523228504574
64.36579501634517
65.8187920612855
71.51008006977669
74.0707653059592
74.34188987580546
74.22731255218191
73.97779732717942
73.00870480345768
70.27800235873724
64.44398358137026
56.918943559607186
64.35957345783818
69.6256942938457
70.31683580360078
66.9591057251885
60.928113088128406
64.04562608916248
68.27607718405189
69.39781175895595
68.47900164183639
65.94604710373794
61.374188343393925
53.85478937735381
43.341727344988016
34.175001079435056
29.131670886354705
26.83242657155139
25.10410039328413
40.182284209325225
58.711415766849285
69.6393923646169
75.59352174206789
78.00261812301972
77.66040064087454
74.61382928659457
68.66889694148037
64.04265868334365
62.56610309160809
58.15472774177108
52.286849737249895
53.47769565137313
54.65182372284124
53.076375798088236
48.38946830426106
49.16040111389791
61.93851088785733
69.28255639706589
72.10719964225461
71.84046541232988
70.2884183952524
68.17106652014186
64.77595538632646
59.63525088268061
57.29474535042642
59.98673060229889
60.35502327635505
58.784982735803304
60.15819427002945
60.45917268324431
64.53350668855842
71.58158908591739
74.88173359698935
75.27585067316646
74.09128379427267
71.29564193541364
65.65076605354618
62.762697082265255
68.04069964671139
70.19515823610531
68.90996433989655
64.24694399395995
57.50821399452431
62.85182772004708
68.39109913161434
70.26745638936275
69.79288230036688
67.89106713138862
64.15135747289585
57.50203194491259
47.811351297662284
38.67736136959251
31.464994385914387
28.511447371229657
26.83350810607066
25.43186049905195
42.47208993679295
57.158987157807246
66.002989356998
70.74471665552422
72.70582591759714
72.79851042912
70.78711870206656
67.33611958732385
66.0125146212887
64.54214421455318
60.52968779351999
58.92968631346189
61.624230282351455
61.370830886754
57.2431603807301
50.50167704599866
60.83096559105782
69.01875787652128
72.30575747412865
72.21172424704614
70.78320642434485
68.86785661022104
65.73092613106688
61.07507254413555
56.84369163645009
57.74721826439113
57.992781243567705
55.68036499357373
56.06812391769328
57.09234565761366
62.46426877913213
70.12810925754577
73.82114490777724
74.58388189808395
73.89760834154366
72.48764586342723
69.88331775709567
65.00395231099381
59.47049682361068
64.707586593987
68.96539973812212
69.60680471763649
66.97996163191468
60.97052235516713
55.06742634110631
61.44483892251308
64.70239798711934
63.57761224394933
58.34828596760027
49.1405850420108
40.635371653359805
40.731465843815656
42.64354511795605
43.701868426987936
42.84467935219763
40.7251639570939
38.112216210096015
34.39109733010931
35.66103669245968
54.00678453638071
66.49323413601286
73.91792651780163
77.44917641510591
77.4658415159324
73.83019668525992
67.6135863489414
66.51688772433764
65.87618133168124
62.00945415633372
55.902710070582565
54.90034859892699
56.561097784982934
54.61348378145773
49.43517664900675
60.555373810667355
70.37611709553529
75.03518369843516
75.89334675912741
74.65538287319164
73.24901986760592
71.71888707613418
68.82080799784079
63.78685879375684
57.78828780698119
54.73711555709748
52.61953438740362
49.801431579767296
50.379739646619626
61.06465920536521
68.30363700086312
71.35753817234263
71.82044719415258
71.68358831600177
71.74707217161247
71.46100075768112
69.97899148203304
66.29407528892327
59.470177583140256
55.15118289853171
64.90233116013894
70.14737282041165
70.91576553052094
67.66930231867003
62.1268412726046
65.97824045457026
70.20677358204492
71.40517331812387
69.89546687314225
65.47712179678372
57.6310845480802
46.08688661148114
34.36795437020996
27.98787778795003
25.101469651959082
23.879682578187975
23.966787293461365
38.008289315018445
56.62886865893037
67.66561675871597
73.78746567549533
76.57327723353093
77.01767544920045
75.39644247661292
71.4201423608293
65.07359501256518
62.421274804933205
62.444519574835724
59.431195178458125
55.23731945457477
56.204685061998454
56.914447738085656
53.899884877864075
53.30791468710359
65.09401283305769
71.6974424818508
73.8228522364543
73.27459578866137
72.44326463365981
71.11217753758663
67.8552234322008
62.533038741461546
59.15197367128133
59.81343501470958
59.11307517621399
61.68594169713295
66.28238947621395
66.7787063793605
64.4891410784463
68.85323493694362
72.39911169854841
73.03131981106145
72.69393385494509
72.23726375337643
70.29389461336652
65.34722630112691
58.03751697497552
63.05791895135235
67.6882581779702
68.4801905404686
65.98590528594224
60.24912785854595
56.49660993492721
65.02016721451864
70.00410322413751
71.18772722656935
69.14371480615118
63.90839729134568
54.95471286630993
43.01261209343832
42.24511223705514
45.4164491431111
46.97543243171981
46.65516187651198
45.59976095810684
44.34994809958998
42.47987491893732
39.71615123488545
35.468363444566805
30.78402047215433
40.27718735597763
53.57390793558207
64.25644729972373
70.81099483298921
73.30102113309675
72.0364710094457
67.00008657570302
60.06205359962749
61.33780309029242
61.51151062264042
58.14555113877772
52.33957034575983
45.73686338762548
46.95078557510479
53.443561291989724
57.117537741254964
57.8135163328719
56.343884244831195
54.2197221106411
52.483982675837666
50.301863419948376
46.991256221912785
42.21552181935216
34.646731896838226
25.976740008062595
33.08771867070973
51.12994932298527
62.64746162515918
68.59768574330046
70.31939642946603
69.52389393092349
68.323910799722
66.68627897348233
64.34797812358939
62.39019413256979
60.72163092110186
58.21601416943223
53.70208665332207
46.978043272033155
45.71560211300547
52.857470691827764
57.54474392570499
59.6410503880147
58.82783055829827
55.319743947634656
51.23225912349355
48.21121552620876
47.76929899387361
53.22737677809072
57.1359406051953
57.168779823765504
53.27137269421175
45.80982952434026
55.98790324903709
67.10765494806788
73.0689042610101
75.25033740082921
74.87683402712275
73.20050449200487
71.44860177831761
70.451634384591
69.76489386073777
69.39083301924242
68.56968939704088
66.23251232743543
61.73617769329706
53.863216732414394
42.995756014090475
49.16464993967356
64.41282942969632
73.04475228723483
76.74080818280105
76.39806685126224
72.70592448671647
66.56962300694633
58.89291817392315
59.7253259181048
66.75332201578632
70.07019651971442
70.19308593793883
67.94998335336258
64.39570021921907
61.73920261573872
60.545709172147454
58.276604547551415
53.51758725636232
45.91542889916657
35.643834171929434
27.436155205471636
29.785102253424157
34.153145256705685
36.15675355664326
36.914151174470234
37.38727551362488
37.19927157443708
36.594528378042824
35.70212382267674
33.613517825868996
29.85709876309106
25.542876698421324
23.570219369202622
25.030060375045196
43.800195132032755
59.33683848191299
69.1825416200878
74.83237209684097
76.98841380054093
76.36852216654543
74.39623669104307
71.99319298985782
68.10291693782438
61.78802044940159
60.526554678639414
63.05591706167811
62.54151195620204
59.932078938132946
56.73390310547162
52.75430385300457
46.788397764063646
45.10573826414859
53.69071471078452
58.77420346117547
60.16390548499758
58.56729867338217
54.343790116873365
47.0479078268412
35.80571797286829
27.025088183642247
45.33083517450319
59.644007820182296
67.61542959518079
71.22138709975631
71.86880047099284
70.7574913069739
69.05813252368542
68.15054059450917
67.84984487786795
67.12926437473244
66.06864289369747
65.15750300962293
64.09010113797874
62.61566451317706
60.31272883761194
55.92906405874711
48.026101938506855
49.292715516371395
56.6951061496313
59.46863232471812
58.27920643018082
54.739656611282115
52.41334797557792
55.453047498228756
59.26626112466635
59.25349088969025
55.1357691866815
59.026355774931716
67.65105856530995
72.36886363235104
74.37862645334177
74.50161183479909
73.3192448457385
71.49912216763049
69.79388077542448
68.72132984523752
67.52648460958187
65.68152781834039
63.45610477649234
60.72470318310488
56.63237368044512
50.06310415177947
42.29352235431626
38.31415078100377
43.85707110695863
59.77007341948986
68.5663652403054
72.16249494280834
71.96642528836472
69.84771147641108
67.53037111665316
64.75092545607554
60.31816818603418
53.595736280126275
46.36743752941691
49.9896681859274
62.0335230318297
68.91247727695065
71.62115937480719
71.31318035024694
68.72380473249892
64.15706150233677
58.11571125621281
50.56541687135478
40.79659454104963
30.625134933778448
30.830942218364935
34.642966371292424
35.6338907824642
35.79846145363481
36.25566896700109
35.467598028129586
33.14607659760912
29.962041164696345
26.70619447005595
25.701721776235303
43.77703304801209
59.765310514776
69.94613225095606
75.91517403104974
78.58180485209383
78.6343762670162
76.82751763412806
73.88073395646447
69.75447578597769
63.9833040687497
62.39704374280841
64.09270273066862
63.34420216710807
60.71647068643245
57.35590291266209
53.41658293169817
48.5020014894787
49.72366207137728
54.498211001754804
56.58476936599469
56.25329064369243
53.4790987373064
47.308211359512775
36.60838493193439
31.36931367519861
49.89102700584999
61.86100511734527
68.57574433997093
71.51552632220191
71.91304510498655
71.27408332442401
70.64246723557378
69.85440132002611
68.53237421576421
67.09936377353144
65.82089029354344
63.99264561328997
61.17360656374374
57.19811582297361
51.92692447186569
48.61207837895223
53.45396863797663
58.459504560439726
60.52303375940302
59.08060206976536
55.28917226023295
56.89073862622556
61.21299824963322
61.96034554003171
58.495356570364194
50.76929718626418
41.17104898226388
55.21839868849884
65.36139021970236
70.33748386704447
71.85708614564982
71.84391169116887
71.62373447716351
71.06740605476327
69.99103730565466
68.57215947425775
67.00467865334414
65.33190257642414
63.75920792871903
62.552046894660194
64.23971047636984
66.46190211482848
65.70592980244547
61.08353847671392
52.28233038246253
44.730477198160656
58.92891083942156
68.12670879140322
73.01733183102621
74.58573161258984
73.48795060016107
70.46816288368817
65.5928466950939
58.40693338483426
58.13935054176115
66.5990233931687
70.95321661096153
71.87564277640178
70.41973782147085
67.56350552318872
64.20847499090408
60.63362636109034
55.678575985406965
47.92551222956461
37.67795459782002
32.936466347252875
37.36765003463234
40.587402678819075
41.892348614180676
42.262649377662775
42.206404431945934
41.877249565773866
42.15488378422368
42.25077120699527
40.7830004249584
38.2355769748825
34.986552015284886
30.20717168004678
28.21264229275564
45.98710985922373
60.344418807581405
69.55875027956
75.02365598077817
77.81990949310745
78.45188106331615
77.39094264064676
74.81782754594241
69.88992704576687
64.01465708635166
66.00918920685979
67.16790404687198
65.65137754985874
62.800946837983616
59.46498986225784
55.29538115388904
50.407817226482805
51.46258174462268
54.99495108372044
56.5741872545756
56.51516331909428
54.74663811553795
50.71817034244346
43.39254582373162
42.14874322058006
56.02534675174279
64.04846721375044
67.47213248242422
67.51225192818062
65.84443064033594
64.43407504814056
63.27312891892574
61.88546624957119
61.069534593288985
60.548520808195974
59.09984690162844
56.30469817053613
52.064876008963374
49.02103934854103
52.27459211804288
55.776461575113466
55.88300668683673
53.24623115892411
50.500124893194645
53.05517939113814
58.83448937509147
60.71433927723031
58.15293061528956
51.027916887619384
52.09438644147536
64.02326888967791
70.75095646256172
73.75640545252479
74.21434607096485
73.17024694014486
71.4841591910309
69.62388390768379
67.89813445313742
66.47587214665742
64.85721575581687
62.57822923891288
59.50300983596223
56.339150065192
58.0291102429559
58.770090171296935
55.25417663741304
47.063510998604855
39.459436012433684
55.90088723023132
66.06303775145788
71.04737073961759
72.1947482180755
70.63963288321193
67.554920022756
63.18120568091711
56.54921305412857
52.324697798498754
61.362976283957025
67.07236555988268
69.07476265702118
68.37206669651471
65.99221945598669
62.72709736613897
58.59824866573828
53.27282149057825
45.839343101772116
35.48999266970431
30.58140523535013
34.673429373398
38.16578629960732
40.2751957978771
40.79913335619569
40.42900496422088
39.949504633026
39.13260162209512
38.629014206447195
37.76068868153944
35.524616730753145
32.38534661469813
28.757506491643557
27.12107263462162
44.47926186681844
59.005259985508395
68.62743365610498
74.2486340973445
76.75572980835004
77.00632497243737
75.62804288277337
72.5733800604464
66.99889376461849
60.12900700874526
61.91529696569245
63.18672273647826
61.65535128016287
58.49812465164227
54.83997348435003
50.63127092634104
49.51548591620316
53.5438692992761
55.78214303381691
55.92085709662784
53.9838238389795
49.447076279493565
41.54172000081678
30.926658133135646
46.157207539698284
60.53373254397493
68.32209825226505
71.40133676159503
71.27097634206068
69.84985167366426
68.88904484973638
68.5962585673719
67.91721685261615
66.46100440969696
64.41919863882846
61.6190263796006
57.52711972421933
52.75108476276461
50.45349513448563
50.21502573508997
54.577662332027955
58.08811220422385
58.02902043081191
55.18788071613167
52.32920123881689
53.10175548344007
56.731901620697975
58.202913126482855
55.97474557435647
51.15646912390565
60.50396083939458
68.53184704027363
72.19052439311385
73.04330733446436
72.69541197047568
72.00837046685547
70.8099913752521
69.14151337773517
68.07367409370529
67.736097902269
67.70982371828796
67.98922992176665
68.36547681560403
67.57939954607676
64.13157772193503
57.150787911413694
46.203385009219005
38.63038531490551
53.250867915636384
63.75239369943827
69.02784155692322
70.29656823607893
68.46184887022547
64.00776861890458
57.1448936998869
52.27813498486676
61.551968315848036
68.04641212366239
70.63066206208161
70.50223891793986
68.68719700677652
65.66245551546655
61.294394199512354
55.16308065758472
46.47141726807334
34.35108830753853
29.237893456785613
33.999994615851975
37.686880105664365
39.86678821947369
40.249318440624506
39.33969695326415
37.51419013449764
34.53644919722944
30.69001659386644
26.45857878117419
24.123991033394493
34.463289248151604
52.48628399097121
64.55569029254177
71.90838466777106
75.66160341554239
76.65415778782003
75.52168392663499
72.70828118846302
68.2137994045808
63.70318240845825
62.918534752204266
61.831332112008
58.85846968559694
53.69537034590945
46.79182478076548
50.220719041198734
56.070038649455086
57.94412197153256
56.164820072307464
50.82580531808723
41.913660855382275
47.6239862217685
60.24684469249961
67.35705709551979
70.19307308221491
70.19489403282736
69.0954116452676
67.97489729980326
66.92258690549261
65.60559825507855
63.23038377669786
59.28566810279953
53.82152128535039
47.83695811345631
52.188801159237315
58.037440381262336
60.786146971400754
60.1034738072369
57.44969537013912
58.977809051798275
59.48978136643953
56.635198064518086
62.991527600496795
69.69423557366723
72.62844511990342
73.03538734445118
72.01934782750729
70.2250259522395
68.06830495490371
66.06727898265417
64.597146903689
63.0070610576847
60.48380906096024
59.01072471000923
58.14209328184737
54.19715498930071
46.50865013705483
49.09444564106835
62.15020531653422
69.41016583262609
72.2011583283933
71.60659060864737
68.2617815466879
62.14109302956088
59.04282627100423
63.98393623932584
66.55775643688212
66.68435359518382
65.16529198054029
63.03090558595415
60.55973467072543
56.71580274352116
50.463100195749405
41.05605306267578
30.52300735137148
29.565837584171977
31.13659929375298
30.824571000486838
30.351010597229184
29.813645601829663
28.442204936008103
26.192211731890353
24.537222601121563
28.40795637125369
41.28850115544891
57.044158544861034
68.1012579462078
74.33385755423092
76.74098428748192
76.13085224836148
72.9971237694195
67.1844794213995
60.44379655088235
60.04709069290666
59.41650036601261
56.61710433404116
51.83651994690096
47.144213162932935
50.113720631571695
52.72388591865418
52.336720409237415
48.96682419376528
42.411570610464075
45.81030352119083
59.251965998742165
66.8344802881443
69.87508819265378
69.45051803076072
66.93092855595744
64.26665876692962
62.251857532200454
60.60444075754215
59.38643168913197
57.93614475153188
55.43506097021841
53.038652909856445
56.598605318996846
59.89956837060994
59.717836225249876
56.598913516197726
57.52398876042751
61.73936771185715
62.17621263364512
57.917955862101266
55.81422919974307
65.30345424885032
70.50050753859179
72.05735246576714
71.45907796627091
70.06083084450661
68.29726804276484
66.48876935922732
64.47040172814712
61.14858977057037
55.59727575223814
47.10244455016853
41.572471931256565
54.30928264277409
63.028811014224324
67.15586212818351
67.72075462149259
65.29538117813922
59.58212885074536
53.5319729622197
62.3325764636932
68.00879316769107
69.6068728393793
68.30622064346113
65.32560321437666
61.61365743997045
56.98837364624869
49.96492801734923
39.65168514674603
30.715210321331604
32.9663521726235
35.45233202116304
36.375653477972875
36.4457179758239
35.14546052474834
32.301111854994446
28.87625487913407
26.577982256886656
37.40544632989736
53.0545042522052
65.19119940594445
72.66823038418131
76.39641175243683
77.24692591410974
75.98907196515532
73.14050327153476
68.31167800585908
62.611788606398385
63.38407391724857
63.71400165570587
61.34148692048686
57.28484336125952
51.966364130569495
46.54712186734409
46.315235722235144
48.06645249191042
48.23197448758931
45.725625911780845
40.033403325983976
40.06008699293279
54.740762851534306
63.81254651230111
68.17608245792249
69.16279846205183
68.42912415023757
67.43307144843664
66.28944473953904
64.30666765108924
61.25307777998575
57.70756645639419
54.93901667652449
56.15526125979312
58.23664851509867
58.16876304120085
56.35663550524227
58.61411758562105
62.6086274041114
62.88937456913839
58.67017946157163
51.56509499158243
61.82935494065653
69.79927279493026
73.47958158248667
74.18477429424372
73.33747362773326
72.2629994474166
71.17553167883358
69.5471337085795
67.87095249976997
65.63326155165485
60.91467260873334
52.46055637674432
40.12641643661369
48.49397843797702
60.62129077674375
67.40756731257247
70.14397388145949
69.57498078904033
66.16572026109724
59.947607246492936
51.53417521650286
56.17209407813253
63.992144871144006
67.70083958480672
68.47930523442484
67.06410467341979
63.192197487945556
56.22493218063176
45.49477740345453
34.276428928363686
35.97659999649696
37.88423470027266
38.37335146078861
37.63538546785343
35.406953657507486
32.443992644064465
29.48136384855486
26.243963898128143
24.18799765947062
32.38807095321537
51.236929841641306
63.902428506529816
71.30511460244391
74.84332248583088
75.70062521893743
74.83478662056336
72.5715962542091
68.60518906068839
62.41662658272547
58.89068856163299
60.6392654413828
60.74602881987439
58.497489585411614
53.64911654477819
46.26931013726061
43.42755106813741
46.4766654301596
47.66929429320318
45.855451974351524
41.463189599606274
41.08529150618935
55.62735895872011
65.16736254313061
69.82857064528884
71.01690244305276
70.38494008767417
69.36845054620375
68.28741160035517
66.56467308107379
63.70894931674031
59.256765116856315
52.73446217759101
45.24094070615342
45.31578388137899
52.00306368169759
54.85424552053169
54.38247150695111
55.96959180725598
58.976944237923696
58.31201773340173
53.98859469839044
60.65185010977949
67.8760990532191
71.17109967299089
71.91522068156266
71.46366336101455
70.80420360998244
70.10168820474341
68.58471669652164
65.13158567051423
58.867777608438594
49.18110350107191
47.49200951097433
60.51029089477044
67.46247624333293
69.95560218685912
69.25934403950454
66.26487089961292
60.95111384845244
53.14273764922006
56.246031431754844
65.53305049402714
70.24615951248052
71.37336164053343
70.01672465755368
67.22302874683318
63.38890922089743
57.97541148786814
50.101684517773755
39.86931133694468
32.85844894441934
31.9251193704314
33.18843528762274
34.10207186135186
33.66276929463522
32.096744725566325
29.425766403185563
25.968287173552472
24.017449298638894
30.277797422011258
50.283157708672746
64.11983132398513
72.5509652538118
76.9199685028344
78.20169291236073
77.28478294804204
74.72075269970243
70.18431224461268
64.4519704982865
64.0398864246423
64.11474850498968
61.355280191331744
56.027225110891756
48.93156695623262
45.02031605108813
46.69139240723277
46.93001514840719
45.00546376151543
40.53992040109958
33.28386459720038
45.74622816620311
59.63039395902265
67.26083730066576
70.55245985373007
71.05230386759388
70.27849330573308
69.29160992914055
68.55078138039448
67.56856305865345
65.80629658276988
63.00684860865076
59.037861022783915
55.80741674055144
55.06117525801525
52.914082600321166
54.4852848285333
60.90463149571278
63.94415362607358
62.46679688263931
56.2543811172106
58.56813470631759
67.23782117728659
71.50944344109381
72.64653615113129
71.8563745957867
70.35040403515454
69.48259199260887
69.30146347195979
69.00646122817578
67.6525271116496
64.1694222560249
57.68801412403589
47.5918531382835
41.3186550996652
55.40154642539772
64.15896379093734
68.28121971943071
68.81440952766161
66.35707875759063
61.02099212437818
53.8520572825564
58.56901752159666
66.05945717766366
69.71108838205852
70.65851035327815
70.02449895310596
68.13165526243355
64.41352236179846
57.95421067121126
47.75986443902539
33.955900850138356
33.37656590688672
37.120253316127176
38.40674805839957
38.4132247403369
38.467273039052536
37.63245285209021
35.46659545555793
32.99187216794303
30.623497639427363
27.838754516605174
25.163301537126067
26.531081745117536
42.72340214593932
58.90779540105357
69.08177270706078
74.70223597220206
76.94081072813637
76.56696667391407
74.01439166926183
69.77142620684867
66.149875927812
65.04400062833837
62.56831888066078
57.70581262744406
51.62041077979568
46.97949842253618
47.23709947547236
47.09494571072129
44.84146210991134
40.34352060967021
33.156879595157484
46.570667716024865
61.30895286436447
69.35069248971847
72.68986867975528
72.74562451400892
71.43203691379964
70.53785602353148
69.44577243912872
66.98853562682035
63.51500190198114
60.4595267249643
58.79053650546831
59.45510839359939
60.32821794501303
59.15014313430562
57.38572717155002
61.0194013923268
64.6304355679611
64.65879200784559
60.66882257328841
52.9045117972393
59.854912036937186
68.17050788305207
72.1295836581868
73.00651259953494
72.36453254054429
71.57988628770471
70.71516896115193
69.55781872931215
67.50101271888197
63.397202990659125
56.15423621477305
45.98375801539242
55.78907006543139
65.26879042238161
70.26339575730444
71.91341077822537
71.10297088095363
68.38487033400651
63.3041395681669
55.438945584904786
58.01119784077777
65.17523489809308
68.65635641273309
69.15118429145474
67.37209255856145
64.19357707054259
59.8554809340341
52.87464946292202
41.57671260321116
31.266123377865597
35.10250581229189
37.99838878308484
37.991903491714105
35.355432345835624
31.15730351755332
27.27421410139987
24.834670160930425
24.00591917882556
25.29337415442628
38.663107100743396
51.70230661810463
60.99927031433665
67.11266342455836
70.94102575566392
72.86981401273923
72.77815259922464
70.66036341223025
66.62740892603368
60.21609032642215
55.35863300120259
58.626450983585094
59.26700284291556
56.58486406088276
51.77399494189059
45.961336351766356
38.654041781719634
31.365847165992548
34.619673670895864
45.676782673431035
55.21750908607157
61.0157293280257
63.074257606623156
62.14595449859662
59.477595903168535
57.14059420679622
55.93902737933365
54.7459505322268
52.84478284771484
49.23736234338115
42.52768742662848
31.6373066928244
23.540478243725317
23.71795458066834
25.269507217997962
39.660931632426866
54.97733741651342
64.80435908195382
69.97550963439393
71.60683543062135
71.00063730064531
69.71777452195637
68.63367187776662
67.53186074743535
66.05388947331252
64.31929303397988
62.57622201337047
60.6939721466913
58.633391551399825
55.99835684893841
52.43026410319909
47.59826706050174
41.016281777234624
34.06348177280443
29.16878428553238
28.01632751659271
28.708887743778767
28.98012539651036
33.06751949865843
37.29063788646249
42.02115931056742
45.4800400895337
50.00129284670933
55.38364863618519
57.21135745980615
55.68028238988952
54.83596932399933
58.839667605043424
61.6115595190973
61.13834795943126
57.000693775625855
48.52254780690208
34.71241671163612
27.678768116239773
43.2362473797587
58.3038877169881
67.50390178172525
72.26091383386
73.75573057915088
73.1457616182021
71.62170885474609
70.24275662212004
69.38811064843404
68.38852953460183
66.37131624061665
62.9720250439803
57.59306957236761
49.38740017311404
41.488661114892
46.75194715655046
54.97588016930842
58.966282743576144
58.620187754987
53.90049406571342
44.65042590390364
44.56338591169465
54.707394524535864
61.33100231493544
64.51049690555547
65.19450030459984
64.40529993070604
63.15937514708813
61.35362398839731
58.226854411468445
53.63858468016978
48.059459419906986
42.61327047010619
36.11230238017615
28.2037808166961
32.032440752157484
50.950852370520664
63.11278320872396
69.81141560360454
72.40777535513406
71.89080644072715
69.26356635168419
65.65591500304649
61.65931958799203
56.538182970554274
49.7271688384826
40.87855057208685
30.607132417120688
30.717465893969084
34.77965026537307
38.13121699509914
41.3849945557367
43.0356582417512
42.730343220155014
41.69944161442463
40.215300345119374
37.878548013952155
34.91279718097148
31.52172388920224
27.777292605190404
25.16419604453782
24.939040479992155
28.15747973296179
43.30557487612498
56.986622160136584
66.24669595319291
71.80071025551416
74.62235134290101
75.6325737435957
75.42940496398329
74.17625392056661
72.2835133373554
69.9771614034787
66.24198985064933
60.20918258866733
57.0013650119941
59.74985985104375
60.39184493564211
58.02660893538172
53.151427494453294
47.81546945284745
44.464273172598126
40.92168407580391
35.30113948864834
35.243430421871345
44.90643803267215
51.88757862701059
57.42642457325017
60.24248030267977
60.27545798095798
58.88473099540964
57.37575592506936
55.14267959157085
50.41837655668297
41.63171419705856
28.689177739571363
37.46158131342654
54.1975369321586
64.33862800275527
69.4851421923045
70.9048872227003
70.13485627763711
69.00882569331232
68.20204952330624
67.63567957940099
66.99245667680303
66.24803243872199
65.39778541057599
64.16376155150097
62.23892898153183
59.32287776397861
54.551166432085665
47.069564462140924
37.7922206749992
34.32658387818204
39.60621808858814
42.7062361396085
42.19316996473082
44.77331149497132
52.9348957006206
57.50843544849385
60.212703002112036
61.05847173479275
59.04960112475399
56.29221386788204
60.52522720290811
64.4113428720276
64.6409824598848
60.929901429360285
52.754949379859795
51.41372923324145
63.37662476623551
69.90624067255227
72.59019613957284
72.93866646826588
72.08569645012889
70.85811781336783
70.06832784730695
69.38258440492967
68.21884433829683
66.11642095672194
62.47718839008193
58.25360564764274
56.043400473906964
53.92689827011145
49.55680044189228
46.99734613138868
47.85717872037259
46.38746099080204
41.45656707481916
34.81791633648507
30.121408153403493
42.82920884169256
57.1092574332847
65.21947125195582
68.86865947244418
69.4222161415944
68.27714641196323
66.82655077257013
65.5605370189451
63.01677446549217
57.740693810937614
49.67881877661013
43.313808920350695
39.98913903018112
48.69899950345556
59.888534410268484
65.80439352553147
67.82833785136789
67.19553115875485
65.00681279694007
62.285080134500184
60.062284260335105
57.71807928456198
54.091873150570436
47.77551032908
37.808218095307666
28.78095663034637
30.831609475296005
34.630517597122704
37.25352789177559
38.767306190113494
39.17815561740196
39.06082040534663
38.85312747957484
38.41230433686037
37.152866607767635
35.4253666209387
33.19217437470617
30.38245709956439
27.156846096261226
24.209514832682643
22.986637723268096
24.30259654875534
40.72233760714109
56.003670118692376
66.36964105998449
72.43439980885128
75.23436030780485
75.79915575263696
74.90954586180592
73.05567697175529
70.31273684209643
66.01167962704577
59.27413869419067
57.70610779713209
61.16106128965484
61.76724236788865
59.69763980195046
56.068334121571404
52.89432416439726
50.47669891730598
47.84567537133374
44.082921453226675
38.22264674652379
32.681044092801805
38.523665494319125
45.43166804179579
51.96413094344564
55.899579812124
56.698129481263074
55.32955946525626
52.07503053617277
45.79304865644558
35.11830418938431
29.942775940549904
47.508221417999096
60.65285617128791
68.1960479784698
71.39187280952743
71.63115732320918
70.99380173819449
70.73020965947111
70.03490771623463
68.58236519229449
66.84222361581215
65.11582733511202
63.31476747041347
60.659762970226716
56.50242026025414
51.39191010693031
48.07606655998004
45.75886775651193
44.58845389772917
53.555426397632445
60.56257601863929
63.8508257247679
63.82178442085994
60.5547463930245
55.04734945743966
53.28392720094669
57.87530256680654
61.42421788339288
61.487187230356746
57.70153522481421
49.74453380050641
53.53206547568452
63.490304849598886
68.73606110470416
70.57570782398915
70.28455009137575
69.21604501560505
68.30523271484972
67.53681904078323
66.33507043784395
64.17155730649262
61.86931591176341
61.21529260742811
62.15525004027782
64.19897643910655
66.8918721259955
69.32156902133266
69.82056290238236
67.1929240186151
60.8500809365194
51.08490231219078
42.55176383306448
38.52452439401035
39.31173002302462
50.98710033204034
60.73113226077722
65.87743723537886
67.24551217490563
66.10608252213665
63.76466969896189
60.1692478852651
54.12532605790585
45.63131402262154
40.60385940403784
52.10352576301172
61.152306061899765
65.53570375920002
66.47742022440386
65.31765441224476
63.21056263239589
60.545050174940904
56.63209639035868
50.22501701971031
40.85394832644053
31.76704409087091
33.804759974241875
37.29424809554824
38.961613690569465
40.30892729078304
41.769492570740454
42.256865132700895
40.639677931601184
36.97507134364173
33.4453173559078
30.017114525772573
26.301313781793866
25.138750433656796
32.7149414589966
41.31780395422499
47.971532505050824
57.78748381842853
66.43580140410701
71.09206085782115
72.18123457444052
70.46911513731544
66.3201002137804
59.476058020015756
55.65422007038859
57.56808342398912
56.53285326730302
53.0558956772586
48.50313587203755
42.9715191658631
40.18930061674845
47.560983793108385
54.37736015602696
58.07861497262931
58.671472478848514
56.64555541971726
51.88417445091048
43.426581838761685
40.49362655308766
55.30181196825953
64.13257321457155
68.3711786814984
69.4424800875524
68.88102701576152
67.88294805256209
66.59811912276516
64.87273263119532
62.82615971007782
60.21409090319998
56.46892248827278
51.543867594527875
48.309284126569516
51.47404257237991
54.69576966697824
54.37743622115476
53.19181824838499
57.65075781614758
60.76687777758593
59.80172955959142
54.711537853911764
57.84064580902307
66.05963241224036
70.12322820483708
70.99050816302858
69.92806580122692
68.57262128490004
67.60726318801925
66.1565644730395
63.3256112988917
58.484061075187405
51.16949112846763
47.917625183404624
59.483562811781624
66.30347722606666
69.15963919236552
69.32766922686211
67.57573283165995
63.84552492446164
57.92686337265208
50.78452721137285
53.90626941071104
62.790315919414546
67.57402303577642
69.25623095567835
69.08140353326074
67.8472924870254
65.64892851779251
61.805655963997374
55.215261498350294
44.64813732731799
31.625376722327285
33.233645926997
35.93134589917716
36.84321776943483
36.151922475781426
33.94517680211078
30.372340771217434
26.499465090373736
24.188500649988576
28.002577212667962
46.79754339266181
60.732954857158944
69.71642874267576
74.75041678233109
76.84671951683717
76.83607758690846
75.03994895184721
71.4129383264619
65.596076139904
59.461446167618924
59.21070723775911
58.327796386671
54.91048907853721
49.836718801400146
48.55431296764995
53.49123217962863
55.76732218323485
54.97216880403293
51.39673018402668
44.493731518003806
37.28578370055539
52.337245823215994
63.466573352520506
69.52555356466387
71.86607083238465
72.06787887139156
71.6684112680423
71.08671021676112
69.97226460352098
68.3084786761922
66.40223225859971
64.21069386785979
61.32942070086381
57.91467527125428
57.77185380392437
59.202830966315226
57.79321163864373
54.75544765408177
58.214662053850915
62.48150217991332
63.23481723076256
60.21142718069175
53.335342642305214
54.60800789070194
64.15297125944012
69.28547962362154
70.95187722978895
70.54402259082818
69.59943117964082
69.20219441215336
69.30773222818499
68.72071698524927
66.35560054941647
61.3396882969126
52.8028724127107
46.89226749430923
57.84540552087796
64.599806023182
67.72106649612132
68.18111916888773
66.04608256392602
61.18686078744969
55.55070963996598
60.83065182880745
65.92129002491218
67.75780551324817
66.9151885426922
64.00590964585425
59.48867279937697
52.928968803468514
43.328523353362066
33.89840002047366
36.593819921843064
39.17400914089155
39.888001574400946
39.33722688949554
37.96316976257883
36.39558047483918
35.03305898029572
32.83326858909124
29.635527520701295
27.162063766358973
43.87647163220095
59.36586925864265
69.07827223317385
74.63522519238202
77.00366440874717
76.84941583521096
74.81508319595102
71.17641584838435
65.23782628116355
57.860240989287426
58.13830813970058
58.416604268276416
55.748648051930516
50.72032727189126
44.731569730720935
47.90055661773021
53.2935267768325
55.13009531650361
53.55378576551887
48.81142128291941
41.29698102218371
51.18024208850339
62.34435744355419
68.3191130094182
70.6809736284822
70.97072837023457
70.24062040241202
68.50916673020878
65.60435288670529
61.83449757738742
57.73190289852061
53.08040266504209
50.15033699083311
54.3804392802852
57.98020905575789
58.115586909363195
56.721173739364225
59.8924463824513
62.40874368113903
60.68610515699749
55.175163576599935
61.85900945431352
68.97390811597128
72.02668202600384
72.37238325784847
71.48100337673947
70.68066683010243
70.36977787679129
70.01728967804938
68.83184547908789
65.54412865086647
58.91538205416623
48.6339385076803
54.54248115243905
64.31986962450665
69.24986595718248
70.56772343483368
69.39724249151455
66.31929925511929
60.910425941497294
53.90142581611657
59.769596150672356
66.39903113083433
69.08216156168348
68.86188722334808
66.68799542017672
63.35957685587552
58.846231816310194
52.185056533187165
42.87419585840128
32.16957116937931
29.111976405250385
31.50831814587439
33.11131655028258
33.55603455953707
32.15629690078834
29.38540463079345
27.070684096903967
25.298307715791566
25.52800980487973
42.47775555337762
57.450768082376165
67.09344723259689
73.00954512559792
76.3225470956023
77.40439378667779
76.2709481905598
72.99645994961578
67.34886334968674
59.8034556242132
60.1015153761849
61.23895517156473
59.34736052860849
55.67659484350334
50.85654833685027
47.887710806923934
53.52575836743834
57.41406907045304
58.28237994973952
56.54896158745821
52.20197164012614
44.998970389623956
54.28038238015553
64.45529482821301
69.32900706164529
70.33438078724228
69.26349585123502
68.20931626973201
67.53369441695423
66.60983108383287
65.07009321457686
62.62180624144082
58.80141038938359
55.495480140166045
57.12150353508208
58.14254290359255
56.42365302407997
54.09242726041221
55.89757747695324
58.64256149292525
57.93605720306263
52.59114017315583
48.01191538461356
59.257363139407815
65.94214557294043
68.59855376340148
68.74912269665708
68.18751980723138
67.85374621145442
67.65987756523943
66.96418728582866
64.63464110257849
59.76224713287894
51.80556160856981
42.02517552060228
51.540572306852035
61.10426737208026
65.61279254042161
66.36062833080926
64.52956857541219
60.498425095419606
54.40299194947233
56.82637192216771
63.111357779990485
66.05396523341005
66.10223420432078
63.27718372093179
56.807890007516974
45.704505003839856
39.973339891489715
42.78065829423323
44.11183791585521
43.52200981493855
41.57441376087078
38.95948954707422
35.394325463056184
30.92733903779842
28.95078337219807
48.325245522471995
62.65007300495682
71.02962303920138
75.13838130735151
76.06923819951581
74.69897383662358
71.79288063031605
68.50285741740802
65.30387470877527
60.52169597473656
53.26916017166249
49.51628664432916
52.33977549550921
52.8291771103799
49.8681807069231
49.65496575489056
62.921598879864355
70.8215568511747
74.12987157268749
74.26352337865863
72.97113111585999
71.5251442139043
69.51146108912376
65.7902690440179
61.854368569476044
63.10760491873043
63.25618608109784
61.38766628648212
67.5532877304691
72.19619319053247
73.47278365128175
73.0394039444376
72.54342044184101
72.11831903096085
70.9648061077163
67.98260464289695
63.07948415565694
66.04708103502378
71.19830603488667
72.93422928912564
71.45722297061423
66.74241774433897
63.084864995745576
68.90905360332
72.21226907466082
72.41532547829118
70.32422699731116
66.32474490003494
59.98045083620817
51.07919234559845
41.80471420770998
33.318999325112024
29.373734351155754
45.940245147217084
60.38116192473548
69.10936007121501
73.32364447749075
73.78888067618905
70.865181838232
65.16070405650721
60.67813031615982
58.526603176563256
56.25991095556178
54.7313134604002
52.65202882878869
48.70765884928957
48.06247533047874
59.80920474059781
67.31252895758215
70.53103127412352
70.73186886936477
69.46092327525258
67.8205613514603
65.36307313814147
61.03828142768495
60.64875365204646
63.87704457951273
63.04258719511462
60.61559865577558
66.72510857846022
70.93028847466076
72.04207769697611
71.63097807551239
70.65308850174775
68.29646555027382
63.63366454727205
64.67982032516284
70.2032636255513
72.14839714466623
70.61117390820564
65.731865830353
60.59034508320701
66.56045910996892
70.94903904287881
72.34779775635387
71.49364777250376
68.5552531014042
63.01656948762704
54.140960262348095
42.88597013210831
33.13566257080415
29.286870493653282
49.59477780504591
63.230590877440804
71.06162964840395
74.64857625239452
74.64643231996716
71.15624196943882
64.33690191491014
58.693278238766
56.60052178949877
52.905041001309655
49.78692929991147
49.65487937572902
47.859240401643326
44.28744757835916
54.760551674953945
64.05123464487353
68.58642334812987
69.84657745432487
69.66608479645481
69.04290633292698
67.11963325528066
62.91495554881368
61.05443595222509
64.48620232613942
64.32232192742224
60.05597187304073
62.97221074161808
68.32251539896856
70.2733805038416
70.48620278446546
70.41031894346423
69.52753784060309
66.39456473023286
60.25808432178695
62.406859271688056
68.51380536868426
70.6584886803742
69.03439122643755
64.45155153446723
65.07922478235511
69.00356034762518
70.90536845416099
70.35934810101989
66.94419738148567
60.2112445581589
49.77354437895522
36.22071918758043
33.088647414471296
36.23928196603613
40.32047311640682
44.0751119512024
46.20730427632526
46.14889233609618
42.93182677936997
36.99639904942901
32.96935100623063
30.54164400834909
28.62375511271082
28.120302861557327
27.255862277582743
30.224986639937526
38.77062600981683
44.37987152029403
47.22651648199148
48.597521872173246
48.47642767338628
46.596192420458635
45.153317423148195
49.87052040307175
55.46745134128861
58.37014963962786
58.24393190800194
54.97891654981277
49.82230651907056
47.105155619323966
46.19995481332005
44.63974906949298
41.43439129417602
37.281151570867614
36.704003930663916
36.034008826511354
33.11668598410379
33.43311557029614
37.969570914539325
42.718232173191026
45.48237817731943
46.487421803870134
45.943277420229656
43.2606872793253
38.276016835583
32.585889784620434
28.938243701429318
29.88060796263259
38.44307207920825
50.89361733537185
57.627598113381744
60.120140991516365
60.46338361245073
60.159408461327
60.63371757725349
61.561153911082556
60.53009583532482
56.6876477213438
51.21521620759005
49.22848606237487
51.59323251180295
58.408923016330874
65.00233862319183
68.98421303236697
70.38447604850342
70.35018382743408
70.11275692837222
69.33997370333826
67.64379824142004
64.6967808077489
60.35534143369438
61.659668555220286
66.10581314139486
66.14323516150198
63.354899293595636
68.81739885617147
73.02587798235958
73.55855995507875
71.54068243600429
68.59234922301457
66.92434656462359
65.58004348682002
62.06731512269303
57.019664078863926
61.1493136943602
67.72401014535066
70.99260228517451
71.1713061471649
68.99350674127183
64.69468969784298
61.97881378932106
67.74862470711491
71.11181276038508
71.31267173457096
68.62252655030213
62.461731781829144
52.6296713584878
50.90975564376984
52.365991332960405
51.40475640957885
48.625965360534316
46.4006187439069
49.32590887384099
59.52656706027915
67.77078972964833
72.8799137830772
74.59660021036893
72.90733993555156
68.5445342530309
64.39743812919703
60.778811283968764
56.51660495604156
56.74695814979984
57.1600519377084
54.37078973898743
56.68433764911843
66.43199045616848
71.40556074962615
72.66949248268963
72.43637484713419
71.60943000684033
69.10676131815089
64.43460339630468
58.82092014609732
62.043420378905466
65.7104979144874
64.67827256412409
60.61049309326777
66.8195650037402
71.86094816132338
73.15567099077894
72.12782035401634
70.5929059035573
69.39985036634396
67.66495109523308
64.66776699760737
60.03138253913857
52.99514121904717
55.789032043745415
64.11791359690105
67.34885274841838
65.9761938302511
60.6459502145389
60.9192360301789
66.09820843254312
67.80377070086315
65.94088374539416
60.28404114452962
50.13772781236014
38.27146939638203
37.39333222166581
35.97614583676582
32.175115307701034
37.6135079580513
52.35833078734457
62.725267352099046
69.69481163307842
73.22915806639129
73.2096855244148
69.45245853284385
61.78217422221171
57.29156808146069
59.576252754234986
58.41253690326756
53.589399590076226
47.45605835865857
48.02239049480499
52.167398600883025
53.32369025153794
50.80493706477094
44.3154056787969
47.50277400743124
59.89831665091282
67.05517382671067
70.04906637223226
70.47207383990268
69.71972005566714
67.77757963903147
63.96503741090758
58.91414920588613
58.398329675309064
58.4714201103277
54.931224818003706
52.76433673721091
55.03507662325358
53.862592129947714
57.02561204180833
65.09967484260179
68.80851630193297
69.45401128639544
69.24953407556222
68.79749731962447
67.74298237213955
65.94967814598454
62.16147965280818
55.2430009393574
59.0316142658878
67.94468538625728
72.19634798745389
72.40514721478421
68.82628223954136
61.4749968682804
57.20231671935469
62.36523381098357
64.75223825590766
64.97409231397809
63.45514772768609
59.2340810500678
51.33113738857145
40.42211146124805
32.246952892428304
27.338913232616697
25.18399461839244
24.087569917887592
29.1602738064927
46.66677305644548
59.19069951025938
66.89396564241903
70.93023087286703
72.08572008352891
70.61905569331276
66.30465347678444
60.60030572204604
58.6468537493691
55.839075565247136
51.05630121154601
51.14155189059893
51.3520645556319
47.95808985637974
41.77621755235077
53.32281541531765
64.34184229933791
70.07101284009134
71.92331916602954
71.26832809452202
69.24604999293521
66.09998591281973
61.5196551896813
57.938839101979596
57.09907526402744
55.17758672745548
59.24575500678788
63.22198575811981
62.45041723454214
57.395005727414414
62.23418811662231
68.24848506616664
70.01851698537452
69.13616276246901
67.66529563439157
67.01949497904352
67.08211933623743
66.54243413875051
64.44476317600864
59.75493584764629
51.699065696956666
54.55589975461987
62.20310445652606
65.39091339385246
64.41141784351696
59.34185335534493
52.20950510406456
58.60571866040893
64.91023061830492
67.64659744382736
67.54932174202062
65.25010174494321
60.77786925842442
53.05527412306721
40.7630352585334
29.0031616455707
24.681274289951972
23.54055567448899
23.550479606382297
25.06655033703636
40.050862203757056
55.04810592712534
65.12505404978134
71.01329526038009
73.38302780306967
72.85437855958152
70.00583850959002
64.73590029992164
56.96307347814084
55.18830338044653
55.248045427238736
51.969071505971264
47.25162809804467
49.34159137161018
52.29689552951615
51.58496196955938
46.88344346089992
48.46011297693916
59.56050466566555
65.95059215663513
68.5041458663683
68.47883055376327
67.30831815250902
66.03973604864437
64.53146089094385
61.7746790696593
57.20853537090086
54.4485760583982
59.28379854265594
62.12876735629267
60.33633441481647
53.65760508408698
54.81933316145799
61.95309079438199
65.48938925447354
66.5698110802539
66.27237143958332
66.10727553837792
66.26205156545895
64.95312024807694
61.16776358799143
54.30390721992979
47.874998347307795
59.366147699620406
67.07857670466748
70.28689594428998
69.54818488259983
65.1633849518067
57.5393808318604
49.52315446728483
57.12862597521767
63.79996542510385
65.90260275487532
63.923814936603016
57.92292144751851
47.819418543131455
42.72087909338451
44.20748386128422
43.499913270544965
41.63666147273342
39.565155631396316
37.46779278974231
35.663840515721546
32.94536253465488
33.319718588043564
45.53865843615594
57.097518758281055
65.47733595589087
70.33418312254769
72.19181486527378
71.22782309259154
67.22480978647087
60.20541776891995
57.27955464417179
57.918921499515356
56.268093135021886
52.84876469785644
49.64902406984754
50.98044907144994
51.9619177287747
49.47801116788768
45.172013049476554
56.63805918057921
65.4765899786153
69.50357932900357
70.08239535506034
68.91075288532856
67.38274330274501
65.20141407663445
61.7569685555746
57.53957911145551
53.48183610374393
54.84331795624742
59.45360859847345
60.130762081410076
56.500166925177425
59.139231245923156
65.32671765753811
67.83698893797789
67.87731738512822
66.79815299849179
65.58548951200922
64.62226154377638
63.435014189663406
60.81213661502361
55.55337538403382
47.57268885521154
54.09599392411462
61.64996970971097
64.9379048987465
65.1319883894615
62.70739057481035
57.34510851858001
49.293265794792504
45.630906438005724
54.99634600508192
61.415824150338196
63.62022891487297
61.954377895878174
56.36773098310697
46.24624288034404
35.87502031428602
37.42188226636639
38.447297668287256
37.81982491678921
35.6097342148032
32.79044402303438
29.406081212231953
28.031740410270665
43.07641180493651
55.99001534922031
64.39670802891038
69.23232793090008
71.2153179367999
70.71503213216225
67.91083968230451
62.68775989885904
56.727980365744195
56.675386360682296
56.137299090147394
52.767050711782694
47.19482793473679
46.97520633751664
53.68366345356576
57.094188822990326
56.91806962084179
53.50763480961948
46.793538805581505
46.7541309866425
59.65403499669626
67.29315313239731
70.57940984118457
70.6798240904205
69.19543341338118
68.04187684057597
67.20416879097178
65.38568676287083
61.96645127129237
57.07440393488794
55.77754245123156
59.24452274063269
62.20236495860605
62.83793729141649
60.05588353592092
55.33597889454456
58.086240155959594
62.499596179104195
62.72568521965166
58.336920227934
56.29413959926475
64.25427947401764
68.39682517950728
69.62657222746503
69.55456967353248
68.77280057020128
67.26126532036447
65.50215542775756
64.30427801143877
63.226814091834115
60.376454362645646
54.249443941142545
45.37833099427285
53.08479360698685
62.212478372044544
66.68324026168409
67.31627125505547
64.61305137567193
58.7820793292769
53.36618368719023
58.882689871319094
62.96522905624335
64.35123363547554
64.3894480676977
63.08846173967767
59.32220986210688
52.2139524204156
41.22449282453885
29.159260752945734
26.208699277972777
27.570454518837337
28.595453775358756
29.08312188562133
28.17749475466374
33.261707858469826
40.20610504497486
41.975475361856724
38.99273799833325
49.116220502548096
61.19414417292698
68.49808747617523
72.27500987781403
73.1929757783867
71.9681693640803
69.80246916601783
66.99761453057299
62.15732474866185
54.26867457097164
49.621371828013004
49.820245544312016
47.9723989708349
45.93668041452013
48.1136349269546
50.07606219077944
49.15595823105554
44.98412136254505
44.94907760328757
57.56665179908198
64.99928060796412
67.94027231526626
67.73367112548905
66.55550035378361
65.98006947361665
65.40774796527454
64.36726929864948
62.935085909242716
61.216224948954626
58.516286459655234
53.57557556088689
45.84509409634024
48.31334495124462
56.69381640430933
60.7932307543698
60.74054416504018
56.48955025304424
54.05860533755252
60.12873742007603
63.000389573142115
61.84296278056589
56.397232284731125
57.611475209532735
66.42840242006427
70.96321327883766
72.06702114756487
70.7938121425664
68.7446082946526
67.97838866198012
67.57624359060733
65.48447514186258
60.99108359950728
53.43124427485992
48.88713290184164
59.95667738547509
67.07963454031199
70.0249786823745
69.54272986760641
66.22754828766648
60.28832699688225
52.43908257558979
46.92141613662805
55.12846098842877
63.93386504323728
68.10075064035475
68.66255052399308
66.65373263252357
62.93690675594224
57.546454355435294
49.735762467175526
39.073433648429926
34.25582232310461
37.11621400504632
38.3261304805199
38.64054587270942
38.38368487851143
37.15459948519824
35.141857422478246
32.91980011824871
30.8532500308906
28.82765350716923
39.61903135469492
52.036252773891896
61.4036206910809
67.73129184847764
71.22452452052585
72.3002202684337
71.21894829888237
67.881345693484
61.70693036545948
55.613767899658484
57.541012815708186
57.94687457441668
55.66570533458227
51.417968399395946
46.663975195232496
48.19786374722725
52.15049478077346
54.46876513529496
54.539578800331995
51.137595223534255
44.62450243564753
55.28686344449008
65.54609748350677
70.6709073297924
71.97537952720528
71.48079318743952
71.32325071497398
71.09252921107316
69.83481922916232
67.40129210986679
63.56162602903471
57.63845924889697
50.02558823794823
43.56289483164579
44.1757717184204
53.54375941748827
58.694726803779716
58.95934694224073
55.51346633597514
57.185844682609954
62.16707497814121
63.463290514911364
60.41372554982825
54.3511942301531
61.1666808974983
67.08355327925757
69.12714507737928
68.54793966411256
67.27332672502179
67.13421832711681
67.48435668307015
66.62889301026353
63.49140997155067
57.319180242513575
47.42368808134827
48.705066209960286
59.94871235853963
66.10334271283665
68.57526944878666
68.53892908297604
66.39370994560994
61.74265865757064
54.81586599336318
58.58250326730562
65.19129259456906
67.8197210166275
67.69684411349621
66.47895189754524
64.55978231222267
60.86866177377371
54.413696733111586
44.32897339747158
31.669170997661688
30.374861390057873
32.676337623497375
33.96830786448864
34.38582000343182
33.88687182926841
32.88675891209403
31.117913086509663
28.36555218169003
31.052500066887205
47.34090379723633
58.89234825889851
65.78517588683593
68.92274569480856
69.6472503278303
69.51860687263894
68.08454584250197
63.82611136882396
55.8746263177413
49.661645919734326
54.2824553905854
55.772819138515445
53.59484833125214
48.90926831132343
43.90675066241001
41.451282322924726
48.50511731271273
54.530494407330714
57.21505932221071
56.35581217892992
51.74219293855826
43.787359936179364
52.61228432721072
63.11908757846297
68.86147001065048
70.86696163339971
70.88940965498303
70.83616202184895
70.70275011589222
69.69529251076813
67.35937167132538
63.56536990947313
58.82068143611186
57.61328219720465
59.84906718215151
59.54205329205584
55.80107436556811
53.31957285954157
58.03410472108758
60.07568054027665
57.50290691786594
54.564325039470376
63.636541185262445
68.9325978616305
70.27776138923733
69.37012722212248
68.17602975831895
67.48251283840833
67.0711289420777
66.37441604242929
64.04522101479729
58.79282610164349
49.83652551448728
50.66397721244491
60.37645078766131
65.33555394589183
66.78082656931876
65.61632143361989
61.738827154261585
54.785098044301456
50.631418959869734
59.18784887502588
64.79532885178898
66.87340378725574
66.3378793227582
64.2076670099271
61.32768873665494
57.05885160292575
50.08764235890422
39.77395629594743
34.21953191621924
38.793883701098565
41.69072759317059
43.582903100259216
44.52568573879741
43.877886476092065
41.6666548526763
37.69119660868847
33.412878629942085
30.49692277347384
34.897815524958524
50.01268044119349
61.05069840442055
68.21683689318365
71.94227116078739
73.02455354908123
72.19838514583601
69.57234252997877
64.5076914550327
57.95040722217628
57.79353916118723
58.13410206742634
55.997819488566904
51.44310718436828
46.23817750029768
49.01997281767872
52.69276202686175
53.79115622874433
51.68070482006208
45.79152639549673
44.25553461841032
56.237080473127676
63.960540877773305
67.5025509874643
68.19785367222676
67.95752493783735
67.62043132414729
66.8241729073854
65.27548778940826
62.66554887809968
58.67314293531195
53.27820377903889
50.16667169594874
53.022516231544586
53.18572240380842
50.42935874996462
50.097826802073186
52.91619873154893
52.676465140475116
48.204480535290855
55.13145812409376
63.63480562101162
67.71953441133397
68.7954741060862
68.48539223097744
67.6695331166678
66.85382515630782
66.01027266699794
64.19357254380527
60.425149341971945
53.718585529528085
45.98745668555849
57.262440751812335
65.58003035833204
69.27227348097361
69.43126409881958
67.12198797056365
62.83667516123384
56.06306767065036
52.74311167014958
60.70422615361857
65.83054738940969
67.83619774800482
67.64436629889757
66.3544810761207
64.30852604511264
60.426805584585004
53.65192471331486
43.6995654868589
34.125862537194514
28.82036027017247
25.591869297101184
24.688411480824275
24.478473500690644
24.01478264080469
23.47862247044467
23.377151516474104
30.870973045324845
46.77594149694356
57.95907698856701
64.63981861760797
67.77322555272863
68.28139339502417
67.82461786079179
67.73976391797325
66.80782587731484
63.64965520322546
59.06468126853481
58.49743312736885
58.17993880525088
54.912571214803734
50.308118467608374
47.04041455855975
47.61080205443491
51.733044954865605
54.220955910283585
53.83665836709281
49.93900698838374
44.35746199538484
56.52326690359548
65.67018622516378
70.00357506743157
70.7948706935389
69.67094613124462
68.74364668905416
68.2672903608299
67.23260173903914
65.36792287490536
62.278603568286364
57.069099778615765
50.49865255079709
53.18900822406636
57.31960892113225
57.42787507846628
53.72905576206405
50.27388374497919
54.66430792934362
58.265993867901884
57.47166810050441
54.75264689000771
62.13443516359533
67.57283062327979
69.34492367143045
68.64969706507355
67.42410295193952
66.87539795418792
66.5508118222171
65.69619524160564
62.756026040682045
56.39565473951912
46.218001973114546
51.97563136564032
61.05719789796395
65.30768118633583
66.11639557234436
64.82245786733247
61.73942881755003
56.227359701617175
49.435862282218324
55.30238939021177
63.9079381790826
68.50224068737354
69.92784158660298
69.08501894587825
66.64104656573024
62.47797290148699
55.850877958777716
45.920280056273256
35.245312128381926
39.34966577075849
44.29378835896571
47.03946550211236
47.78656676168865
47.44084425811559
45.95011995812896
43.01257690990958
38.61017569751415
33.88807162113268
38.86161312205058
49.10449266888822
57.95230008844957
64.99587208828878
68.77528751260118
69.12212913374655
65.92558747648334
60.49029595741787
60.92020647112318
60.953141389312336
57.016841157200076
51.856874593755336
53.82235389595471
54.84027292511277
52.07182007708232
45.69911786348242
53.58884025168081
63.68488019312113
68.84428559895406
70.51592618091026
70.27248663280227
69.41485898696134
68.22298254594426
66.29998415114886
63.15892162173736
58.003497384535045
52.57603752096992
57.28371488995306
61.59571199100485
61.413075749746554
58.11463425159671
63.09281643494053
67.75394882140617
69.0135309972128
68.52420146210514
67.68644181339852
66.62109498511657
65.15018652631594
62.73748541801825
58.29196433474527
53.77462271005372
58.8140232765549
62.884445073415634
63.32404306856465
60.44733487783398
55.034247018380285
58.757946254561844
65.38761768911184
68.0156204992922
67.7291123624353
65.48600169445751
61.18913538967645
54.03370148936642
43.362293105924365
31.906842001782106
31.1307575934881
30.98265003395636
28.60541092917197
27.669374165861875
43.02902365507681
56.2813028617451
65.1538196799999
70.17629711561
71.87110450741164
70.69906683106703
66.75961246648507
60.00358839584492
56.55943682443589
56.44354720711896
53.1477662925072
47.53175209954806
48.56008060268729
51.768972560508466
52.091603558192396
49.252679361603725
43.62088225891909
52.395259813351075
64.14757943282217
70.51911897440508
72.73513344271352
72.02997338342692
69.57207254775604
66.04831719447509
61.971044492507225
57.13397133555218
56.07654963655154
62.588190495848124
65.74164652254345
64.50162737638594
59.72437663020685
64.00519331198248
68.78999651768318
69.29062977552452
66.54227894981571
62.960518019955494
61.00506465215111
59.95251830069417
57.3934680552398
51.782718159745
43.94155806221274
42.62385174088703
54.418853011164934
63.0193653248726
67.2683549062584
67.74024863650405
64.70076662127319
58.850821807859745
61.78176257855937
67.0667384399209
68.9416433672781
68.1371735424089
65.14306955224993
60.19611364796571
53.497806197891116
44.65988328022456
34.545821380931805
26.978561730947817
24.725058624541987
24.81861802611582
24.49296065276502
34.29309019368957
51.859571527391864
62.99031157146503
69.09583388023259
71.47583419563993
71.13357182787799
68.55133459556765
63.28186846603916
56.87159430121653
57.25588572364774
56.910813506234284
53.98968781872469
52.06987509992801
56.75202886772393
59.864308622212256
59.11146235993019
54.70948866267973
47.044680299159616
51.170208166520936
63.00670355081475
69.46270831879319
71.60741474018684
70.75146297768296
68.54459732452061
65.67266987407808
61.407150100385564
55.98842103251216
57.9818335864592
60.82884112149152
59.20250432586514
53.32421695768108
58.52789759202378
65.37577949080227
67.5988559808367
66.13740602760028
62.88406942461186
61.06744905608545
60.8357608610809
60.728312154076406
59.233394285996326
54.868817117789455
47.125273828871954
42.788590726887634
55.11420009347561
64.02146622632361
67.87776688401041
67.47189329420752
63.701868869804116
61.33192724646545
64.47717647782498
66.36127362116925
66.28684091342963
64.66444674623719
60.939057179178704
54.04910314971527
43.11764985310266
31.223736019173913
26.225068085014883
24.589019115965517
24.050954975600884
33.87941067047472
50.45602419012149
61.266112410131726
66.69558521582206
67.72341620243567
65.93757700488264
64.0200330411949
61.255514637704295
55.77925982243634
52.08987332701326
53.27863234741331
53.363943509175364
51.10805205867227
46.68090543653025
46.22685334798827
51.35781684116898
54.161377905870374
53.336999434271945
48.58047840946238
46.80712794542171
55.71451509876118
62.22802417296016
65.62849957385514
66.45501032515506
65.6559024815088
64.04976838173576
61.550353550218105
57.385871816994715
51.88750394127413
54.06141363220317
57.609920711902035
56.66655520781351
56.69543051926966
64.37762036673551
68.61190705519701
69.24310158190217
67.15727239675137
63.83633052931189
61.99998100310274
62.325954832061214
61.79502698485122
58.62759978947636
52.46300258612472
44.1267221512533
45.575907384153076
54.76180349198465
62.469281079963615
65.71906164085176
64.62932670540467
59.64813443412688
58.70972663795607
64.73170731094386
67.57871729360895
67.07572206701121
63.29494239263141
55.82687092129376
44.05421264624727
38.69290015414473
42.26507785361095
44.33917862585916
45.04565805698991
44.09874105481894
40.96922535509382
37.870209296102
47.41016933515123
58.595475060868964
67.27378399774119
72.02592724783054
73.08381638243186
70.96386013949866
66.04704975482835
60.11821347376076
58.424995290997614
56.48585180469589
52.01509029510321
49.810932592144106
52.91177977705392
53.689758507109374
50.72400721454998
43.93312399570544
50.383089666487734
62.08731204451797
68.52474956214482
70.91719744897974
70.70702003220444
69.37619986222072
67.47941277677842
64.97616812738356
61.80877035929251
57.552036030381466
53.17652160446242
58.53632040387555
62.54236895991024
61.55321305673109
56.395995745347975
61.39357123307893
67.34936862820659
69.16849543878611
68.43091170361721
67.7773374912796
67.98344784674751
67.30042644911322
64.73354722546205
59.75066045413311
51.690733124700756
51.93990270121925
61.95767550879942
67.34863944836528
68.84978788134589
67.05803009882291
62.293293236100965
54.81672331809043
55.314890343529754
60.96198655177386
62.75986190855451
61.13567850896111
56.55975894021008
49.2785185014096
40.12264136757199
32.25103976897438
27.59271207160556
26.447464510705835
24.91417426923708
23.81328808442929
23.516815583624012
23.638402121526244
23.94443148228312
24.263382502276528
25.416693252564087
26.863327735554314
28.40771913628162
30.038570720955533
31.12399341170991
32.41037681343298
33.97539724035741
