File type = "ooTextFile"
Object class = "Intensity 2"

0
140.5474829931973
4385
0.032
0.12974149659864942
1
1
1
1
1
39.01768758593358
39.35742812350339
39.20981160732013
38.55310423198391
38.118460389386925
38.514828769157496
39.133455763980336
39.53125759936569
40.09576217414814
39.78657085191255
39.6918678462831
41.29710298699834
41.829135453498274
41.49749157194865
41.39125668092795
41.69042196489747
41.82661161162814
41.59778714402798
41.726805240915866
41.77826221980669
40.99384023415961
39.7365782490292
38.39466212682441
36.90619051935808
35.344388300514794
34.48645390501457
34.88528135168261
36.26029131295687
38.138439098013436
39.34955388984206
39.43316369814372
38.787192770013235
37.640109069517955
36.41469880435197
35.741399016909824
35.1219303969967
34.368067716603065
33.83554754261364
33.08662976124452
32.64720983629982
32.59516333857935
32.74432615038818
32.80728397825155
32.66328875885098
32.32676824195735
32.40779907631753
32.49761742775087
31.59846174933772
30.665249590824693
30.287837066179584
30.069359436092622
29.816968305583522
29.74739469824462
29.74940007614384
29.94377771943334
30.002063259892743
29.6630553949163
29.73122475404031
30.692890268462047
33.34974665623521
35.503219468342124
34.75665397427776
31.98293836284855
30.731080816830524
31.87380445395732
32.63109252597933
32.1324206310789
31.76743739100654
31.54333607447657
30.86577756110104
30.310864539759766
30.367370995783144
31.27745479623767
32.3833632077301
32.68271791938072
32.65771542552065
32.64595551100075
32.267060775530496
35.19826950388761
41.535209910762035
44.420488246668484
43.028018812585174
38.63421388149646
34.757966360060784
32.767584043130476
32.708197591246275
33.59501271378725
35.202157754444244
36.11593689213689
34.52406744474689
32.55163649441285
32.42110984871467
32.318011350788424
32.10489477900637
32.26387565206712
32.30217296334335
32.420453233537636
32.83895108281832
32.726455277628155
32.32385236145965
32.96516777680025
34.05194610040631
35.19536092313984
36.32022518274756
36.825293685211946
36.039942377407556
33.73652344005799
32.50060948271085
32.98981481828437
33.39559359354642
33.369023921389534
33.66357967590458
34.13847154088449
34.150871137595246
33.86374583986396
33.63288701521057
33.43787039874552
33.12914098819752
32.71923158813855
33.360555290792846
34.81128311907704
35.135586473006015
34.80800441492142
34.36264794407635
34.68919963006124
40.1250602557799
45.964373551869514
48.383080698658034
47.01495312993401
41.957594738149666
36.08818072508789
34.0847626960317
33.521293151671976
33.815209764148776
34.92466534981228
36.34304830048096
39.03205263442
41.688116533499915
43.84870039444423
45.57244215424983
45.83790767212476
44.49887920005991
41.747747580345724
38.97480488173156
37.79404135233245
37.46228418155568
37.01658505254728
36.14867021846159
35.193851015511925
35.46307871335889
35.835951570949206
34.84009066838379
33.79081011361699
33.615838640625505
34.82251551130446
48.329095301024495
60.5711605980495
70.34972654927753
77.00070517598712
80.73297017275846
82.13745721245297
81.32217660679702
77.80470564985461
70.98614848735338
65.77200797625534
66.49249344633941
65.45324519091467
63.12491170170538
59.120335840050515
54.02345078010463
56.57438541817196
60.087807583751804
61.54835027050575
60.511124902107206
57.15258946494337
51.573812468703785
48.795714118752265
62.78938006986536
72.30460279833962
77.27358050459134
78.97984162624029
78.80489900577415
78.03732612219497
77.25327829089224
75.87777550488362
72.97379371244523
67.85326716138496
60.86094017254241
58.065845887504324
62.56874947180805
64.57195312690179
63.14659195287248
62.855770136035986
65.23773018634363
64.27568454176893
61.17467738208914
67.7570355500998
72.88282438745362
74.9420169961968
75.34758855067008
75.27136122348678
74.45942143709259
71.96583890458223
67.31741469377604
59.71217476613174
50.239603380628495
61.45602271717398
70.41555610929693
74.75917650366101
75.4601251906341
73.06113383356657
67.63581263968743
60.12924340315793
55.25918674535424
61.711287530243524
70.24796764304139
74.38230747877566
74.6706286093951
72.14434970536948
68.9762124357761
66.53924799584753
63.792967097061315
59.32385953637887
52.149407897790745
42.06457792238072
37.51867850527933
39.77170361861562
40.84745716482141
40.50046654714283
39.3681145937075
38.15288480360625
37.1912982297066
35.76090516758737
33.96608653324278
42.34059137056412
57.41661031937258
67.95452525814375
74.6109186451142
78.52797233540107
80.36736077917381
80.1482270279495
77.31296356342668
71.02492083502348
63.074373106998046
62.782377855134904
62.37060532485227
60.93520722029682
58.102096170700825
54.09796592901814
57.24571495728487
61.142309734869535
61.70256585274607
58.96357045657013
53.420327291724846
45.63439994218705
46.13925335026299
61.406466868657965
71.25395424189777
76.36430758776668
77.82851542327767
77.05287336946779
75.95938395471329
75.39406764236293
74.49412909998787
72.22715679604812
67.6949947813047
60.80249410781042
53.97146711165628
52.22776905039279
58.27123767458378
60.461780050443906
58.68422178696733
57.49592575838812
60.30493481206081
60.71396309752528
57.37653436228407
63.96749501964467
71.28344100521517
74.22574791724787
74.18068728835878
73.26780081934486
72.48296126650298
71.00843048578147
68.49705212443895
65.6383163202741
62.995931788808676
60.39942434009754
56.294868562387265
49.22049066118149
48.94171573935752
59.19834967858893
65.63984640191255
68.07166474854257
66.92747014190366
62.637597029154506
56.455067131475744
53.10041691204806
61.51927058139673
68.74476656123109
71.54749926548737
70.99040897013677
68.75757257047192
66.18707979427164
62.73614219682876
57.19226018599073
48.90836152916562
38.99340993254425
35.57652042737785
37.84684915248812
39.25465655987423
39.08535674785558
38.914850843764114
38.45163903139071
36.874724062795806
34.99535732111006
33.356913277814456
36.453012024151114
53.978774153198515
66.00993734183939
73.35989347605704
77.5616672455351
79.51012242553696
79.3026915349735
76.39207796600604
70.13451912463809
62.28689864117336
61.80377978198683
61.85618231190554
60.63658610311245
57.097834155849114
50.48350801466345
52.511406038886676
58.16652759696257
59.95909102148687
58.110478068081555
53.043341794859344
45.086024025025694
49.83042525264699
64.61448060773904
73.18529774207755
77.26334652905793
78.10795997279402
77.27384746402053
76.53378326463307
75.97536781822173
74.63726273811312
71.97660776551456
67.38396235410703
60.861351387405705
54.72165456794208
49.820939934127736
51.55645322675696
56.68080850428316
58.774136938758716
58.07369188559602
58.795694221012454
61.016920232529415
59.71337041034538
57.140166768849525
64.60233345238129
69.39524201810015
71.18954793848945
71.68385521409184
71.24821934194016
69.64299056857558
66.49408935704032
62.14644488671645
58.680312574244944
57.7020768680092
59.22118926609591
59.63369020293348
56.66494460037599
49.24795373397254
53.06340913865633
62.97181666860952
68.06793785794403
68.86530192072142
65.59705317250926
58.67494623184433
52.10716628615969
59.195684411044105
67.42014003527461
71.18173114328175
71.29048491319851
69.17412914501436
66.63426756918663
63.73186504042158
59.22980338269938
52.185090728971595
41.96842606451807
36.59223024875389
38.629706042294025
39.67210219030117
39.98498866569298
39.892613870942995
38.91697472438183
36.995700029988306
34.762205068172534
34.13137012628734
48.168416530750264
62.165666003716176
70.96204523764122
76.0851234041034
78.71261175947406
79.30667685588642
77.62287413713341
73.31201354955084
66.17625615546636
60.92533934259387
62.047164511177144
61.656291142055295
60.05944508184649
56.90006586074372
52.29545546268241
54.12956843801367
57.04504529343122
56.876307104562294
53.89437757278329
48.41569028276776
40.36903415361323
48.111805025367396
63.28656586492216
72.08481102864718
76.14823726635474
76.70751419944891
75.24226182221607
73.58069575638496
72.55089161435352
71.36476167492128
68.61893508121996
63.21444526330032
55.24775771318426
49.75208613851696
52.62860525089621
54.81702006548018
54.851027759229886
54.919132209589336
57.135609041881935
58.901098189005154
56.954141923084165
52.706014763092206
61.048220229416835
67.47607817401774
70.114301554795
70.4991238523364
70.75225426309599
70.7904677145857
69.15023300610203
66.70974118157241
64.5938074266827
61.090368010995405
54.363832685989905
43.69032476766932
47.984039495676285
59.73972085239148
65.90362555048058
67.50223313749123
65.359938181742
60.309768648828374
54.49915608218692
52.42966385660657
56.06767783725232
64.41242011606889
68.97704481863505
70.1490918966625
69.29199984886868
67.61867716720954
65.2831816724415
61.513089737289334
55.53452316032758
47.24019610418404
38.11543971784661
36.49467534458146
38.333024851525735
39.12687308466966
39.065995117032195
39.15746173797353
38.982095741136405
38.22282707172238
36.670170144971145
34.463315710295376
43.22257958780778
59.67446010032974
70.38568816829017
76.79413761924197
80.18874949743184
81.34226601337099
80.36107104966223
77.13163577697495
71.50512323655397
63.92127739882727
63.23910073975789
64.08887644344885
62.86539477654272
60.772742514282044
56.942261063234845
52.95137419741866
55.58652331217197
57.391419761377506
56.03525211249135
51.49057934328991
44.0207622725951
47.285274244638956
62.38721304505954
71.28811788759832
75.59573349795267
76.57272398695822
75.78698953230027
74.77045309070071
73.58522974978251
71.26721269332508
66.75757141716602
59.70063220977274
51.470347539057606
44.33945221404815
42.0824547787204
44.00467986093129
49.58392326095294
54.886784260504896
59.70243798172309
61.89227097832095
59.62830124781508
56.038510738071764
65.27379826951591
71.35463159007479
73.60387800242937
73.26131771572457
72.0010535079375
70.96299891942608
68.89756045712198
66.16354079862897
65.06065532656652
63.68486379343835
59.546661203678084
51.58123037836667
45.21546531199684
55.89471001169275
63.346251660878394
66.60031440745834
66.00283111994246
61.75824974658559
55.04464882537096
51.07177527536127
51.30893252155735
59.167975242217366
64.73647547380593
67.20052105928684
67.41317823124047
66.12186337392947
63.35584294501038
58.267342722356226
49.971099179732064
39.368027778127754
36.10344426966495
37.78200178789247
38.85661018815465
38.23592565820756
36.27018445122208
34.31480760118017
35.37351402197132
51.257056376392185
64.3032297682019
72.49593966981367
77.32641550590647
79.7894302996383
80.32617804459167
78.65317738045823
73.99151849157364
65.81846423871305
61.97811058086542
63.25984959111797
62.29684657834171
59.866718519701124
55.550314723126206
52.994843897008614
57.21260662893302
58.655277164095274
56.63547620937524
51.5635556556657
50.37924488235578
63.97141013115538
72.08837287886479
75.81016990400242
76.67716670191368
76.43345513313969
75.99141857618612
74.84312474071429
72.05226111037521
66.84529181143415
60.305217051300666
57.689407036696466
60.40672540382986
62.029701450025804
61.483007074969436
60.59898526717472
61.424748212782646
60.95231503309834
60.00258600289861
67.75284297969014
73.01211004813396
74.8446771003165
74.85474564928309
74.30792360649309
72.98604266803048
70.9608382058944
69.06194972140995
66.79469538729538
62.38038930112857
54.07165829464303
49.69060353853329
60.83645626637942
66.88234044050104
68.27236418616016
65.56666237696676
59.881974765150076
57.93591338318017
65.34974077836979
70.32294261251595
72.03327931606506
71.14857725025145
68.19175044048082
64.04397920378011
59.400305633566276
53.19596736287436
43.812704598776975
35.913354728765555
37.348806861017614
38.279711371719635
37.704927448868794
36.22641396553253
34.525624968231305
34.83882111755123
50.48778400719741
63.94432316029858
72.38649670560801
77.20014947105636
79.2135037492171
78.72730366674931
75.46649529739557
69.26946072243041
65.30252210975472
64.89197729032304
62.928893246388654
60.0405064685454
55.43985027440236
51.66883855846183
55.404410343384185
57.22100190338048
56.007482917705744
52.07384369975874
45.3648041048168
53.54188287583241
66.2416732068571
73.61037964370266
76.9051920907234
77.18678627666952
76.0502247226012
74.99313165177979
73.62232108855037
70.77911406602357
65.54952965886203
58.52103307222285
54.700052012005365
54.18692455683727
54.29816961640454
55.96459374775549
58.145904546315776
59.79912364797919
58.23834136934302
61.45115989538664
69.67798643989815
73.88693106390176
75.28386822682187
75.18292509394502
74.39104506249208
73.49302958489732
71.72293502164385
67.95647567589477
61.21731053017187
50.42425601594091
53.682983063740906
63.70498237310686
68.68405599590692
69.4515123195277
66.50817129287894
60.558765566295946
54.67681413807274
54.79426046031377
63.769572422765435
69.45990461746222
71.2594144134681
70.26370870723488
67.8358818297294
64.1517276621788
58.02691695608084
48.54148092856671
38.443564019236106
38.85594724989018
39.840643012013985
39.248036283031794
38.08671860924674
36.924006179424126
35.40559732325282
33.67159946182647
42.65961084460397
59.374842018097965
70.12179378406712
76.47829347368689
79.65136163182291
80.40975958519834
78.77763010012161
74.16983660236231
66.76929870760945
63.61572224662001
63.29845801242313
61.83234739685182
58.770600905165146
55.13397902381479
57.294798580998346
58.662616191932315
56.9392489312534
52.07061368474708
50.805499397674296
64.62833897314
72.87530149669466
76.62554790458997
77.40252977770103
76.93424869802831
76.26586041282019
75.10989544863624
72.41155621183366
67.2200110691456
60.691605440033804
56.53093292624373
56.53815424411859
57.886858947590376
58.37345783094414
59.307838339373006
59.946431084765656
57.92316222678399
63.35506770863234
70.50733656061662
73.69602118016515
74.27536418059299
73.4705386465422
72.00880555440331
70.62851303585853
68.65317670518559
64.19540907946688
55.63978447107718
46.03470855953954
56.282006143215824
63.17189095226773
65.57345703282329
64.02397464405952
59.19480367982657
53.748949642685304
52.330763752919324
60.7642830751998
67.01573179065292
69.43497703348798
69.17012860797092
67.5144330565514
64.94414487896636
60.46671074098025
52.88412023239716
41.88633522888561
36.62766061720106
38.27725911341577
39.418612395398796
39.365230856914295
38.1084943017868
35.841305157920026
34.105598935151754
46.419758260467816
60.849777944839914
69.74159923545616
75.05152639436504
77.960282430554
78.74182281701806
77.13699843410821
72.59079814824459
65.47058799173715
63.0364106663301
62.672736425662535
60.98699375661214
57.52787248749744
54.96456942241123
58.377500141577265
59.67994734815096
57.443357083006845
52.026081146673334
47.43234774515277
60.47286632868023
69.2660472814754
73.31049025781475
74.17504243344764
73.71951323363271
73.04508138121503
71.96714868722265
69.64179069195987
64.9125793775457
58.15929567226856
53.60548413906483
54.7300495429267
56.623151541810785
56.36788245757043
55.40180205452855
57.031545451165755
58.05139440106478
55.956161278497035
62.28691770289902
68.96431454933709
71.6928621075443
71.79554007690065
70.47277233914562
68.27348015589118
65.210704880516
61.40467813703273
58.89938191024182
56.41493115283231
50.497185208981335
51.669680590424186
61.80623637365747
66.95698892106591
67.74337291113869
64.5883945282935
58.05413999137019
55.173089328331244
62.21910593245447
65.98621773383474
66.31969642098136
64.9813444607179
62.75844311108351
58.559946808437786
51.363228275954285
40.97043306061447
36.142445617135984
37.22443037409367
37.77138173416234
37.97898920576883
37.55220826049089
36.500819014364275
35.038743010728346
34.07950423920361
46.467389738538344
61.38461660937275
70.52490248146
75.57706156574443
77.71764984237299
77.60399985893886
75.1061100006046
69.5451492942007
63.219240620753666
62.88516854996958
62.38547108102232
60.24916734269512
56.08424718161638
54.989381207059836
57.44476840921473
56.80200934207142
52.40269750123424
46.48441170610225
59.53030767630939
69.21373816056901
74.06102039825346
75.53707690925927
75.11615392195596
74.17882628427336
73.29593634562544
71.76612821162121
68.39371507747613
62.572015525726485
56.061739199006766
52.35774131545021
53.76848103748553
55.426557277334744
55.57941762414898
56.49047450369644
58.99488593842999
59.68731391713449
57.2635344775875
63.179506558870386
69.75339827066128
72.35080929592542
72.25187401461461
71.13726631792957
69.95010611652864
68.45836441884613
66.18048713608096
62.005893315716385
54.17735492385768
50.35588600543968
60.54841709150488
66.09126339546438
67.18153892922241
64.21164428300158
57.83110639010911
53.878814753147964
61.01191765299842
65.934358310165
67.23334930382985
65.745751056048
62.19742107295559
56.39613458957448
47.476016778341204
37.69625470747104
37.31699607313426
38.35165934072738
38.616148234123784
38.3199659743326
37.402907606127236
35.91454428973533
34.45326765288142
33.92596251638285
41.90836712316624
56.46314763987769
66.38795137800025
72.27546736213813
75.30418083040003
76.27105935498706
75.47732818913181
72.59517808455554
67.0564240707677
62.320321777503494
62.632906137095326
61.20130888635484
57.75350486766705
56.53067196557804
60.43859050534748
61.53940824372008
58.632136931656845
51.69978223872575
52.94732324629153
65.07785764278688
72.07166026999359
74.97320653298095
74.9177248161644
73.52968360073896
72.05747044142055
70.90715122980997
69.56708570491645
66.06872503133113
60.1845736943565
55.34284825748312
54.788633329928906
55.68887025846145
55.15862900911763
55.54985790324186
58.15423241516306
59.68993579266413
57.24423194540041
53.25038106022045
61.494878799623805
67.49024348679144
69.93058360821675
69.76379283485731
68.23225854084376
66.97424211491384
64.9846114807631
59.86632188691843
50.18272630860508
50.34193379369291
59.78272542126333
64.30399280651795
64.6197244048987
61.147310952655936
54.658729144613275
54.91319925848819
63.65906763050775
67.98957170302268
68.05680297353499
64.66814640788462
59.00768890861302
51.40805660111897
41.242397157393796
36.574717166559424
38.29860571956682
38.92951538862623
38.24573944059661
36.85102855725458
35.524912039662794
43.14243802064857
59.52789738221785
69.86033639628238
75.7349663748889
78.45782302941387
78.64520496706574
76.00528695501137
69.79697126631308
62.3374453838113
62.07127701164716
61.366282437749355
58.75881890092767
54.10027470909584
51.72001302899656
54.30273866424477
54.29301199203283
50.5699390952889
51.693860785193316
62.600369663863816
68.75627182879154
71.02455456203784
70.78927438427692
69.59517852814848
67.48882725228354
63.39451241167203
60.761141238253046
62.6133781554837
62.2144702118207
59.300388892131096
58.464144913786384
58.9135871709058
56.54080691859492
60.32146399838777
67.39871380956598
70.53513030788072
71.15955615541887
70.83885513852698
70.0675165165601
68.57185915957328
65.23779482014191
58.60115369228258
48.38986370321525
46.604627568577264
52.90208625773663
56.49755303944221
56.2459411362146
52.83598402816105
53.29892139854358
61.09671231322919
65.04715789775634
64.77120627332401
60.6452751414784
52.70826107136788
41.55706760180671
34.85879378478207
34.14472934170501
33.71306913316913
33.20443918180723
32.801240979842945
32.87567874574093
35.32671603250469
52.65466003234624
65.60593047645833
73.27306710666034
77.15628075834704
78.11274373702658
76.33570671411513
71.39021018100354
63.6453748610975
59.942698433065104
58.083416440900294
55.86990190254399
58.141971789880216
59.07117187592235
56.113654017328344
54.0854280450847
64.3085936188459
70.81702377587187
73.5448600774055
73.927975095963
73.34454592735801
72.09749660418693
69.47708274605736
64.69276249927579
59.36719751381136
57.89674589501647
57.77984875699975
57.368432981603064
55.96442350945732
53.00625006680967
59.237046569034206
68.1263502844912
72.64924369218358
73.96489697514004
73.4282172808037
71.87689840243698
68.72121622399897
62.56213701854193
53.35193159497838
58.36824727631594
65.17477797697546
67.54343836284153
65.8142921196363
60.32326430424493
54.71830987519095
61.880958820728154
67.85234298456459
69.62550397404614
68.31570101451604
65.31909452858109
60.65577619382936
52.876891230315486
41.370010229391774
34.906080947024826
36.901290400052616
37.942666323844755
36.88603956087456
34.77435645725579
38.93881145081672
54.17288206553955
65.06782306984144
71.41832988649429
74.27702674956451
74.23384834726517
71.22079570333506
65.21339345475857
60.87525530849903
59.79730595996406
57.346870262364064
54.858421201183006
55.096162737620595
53.43589705982782
48.928258381821664
59.34265399972116
69.12248777295007
73.9444196511504
75.16429505633519
74.23806530870186
72.32442132686907
69.11556105545286
64.02244031993432
59.781608508919646
58.7624465063616
57.85387907677521
55.739873942853805
51.81332354877441
57.797663954648044
67.54756947585945
72.74089965645482
74.54924386419812
74.30590148421302
73.2137924863167
71.2545700330453
67.33952951030037
60.10446834760189
49.12081779308501
57.09663564764986
65.46807764491877
68.85856932707773
67.85452905447998
62.68912370384497
55.91291244921919
62.19640121712285
68.1029778477465
70.01474096095276
68.64508286476868
64.36618861091898
56.82209249129776
45.46292748174616
38.873090686905854
40.428704353402395
40.79885878356918
39.63065695643469
37.19356065459355
34.59850920054915
43.20182184089422
57.38153393259721
66.88338647276926
72.478553184672
75.09073689617306
75.41312253201303
73.5986798073469
69.2730462060656
63.082322808904124
59.524955592078676
57.51465735362218
55.73061981139474
57.76612909660774
58.32504253518768
55.31223740312798
50.9834854139893
61.67394893045174
69.78619928918214
73.5210625157091
74.3552633064714
73.67627583513743
72.05503446536399
68.91612734653842
63.57639820459497
58.457003414090494
57.37983173131221
57.107440277629216
55.7337460589578
53.79636117269487
52.87617186150629
52.09199881208474
60.904778433778084
68.67387186847122
72.23800736865094
72.89374193303326
71.93892755561885
69.58391242561358
64.61227476823223
57.257705710999566
63.30273554320749
68.3484323015077
68.76397485872909
64.92454108727556
57.80639904060443
56.02106870120344
64.3813429527957
69.33275165194625
70.67486600097119
69.31985693190498
65.78057747780044
59.58909086708655
49.788890873591065
37.929877430376614
36.793795026859584
38.106562052196715
38.10035915257549
36.50895173809471
34.158602611479466
34.1270361345524
47.94373582329204
61.06274189123111
69.24286491073792
73.62405140805811
74.79974551723703
72.77406986290701
67.2151520095686
60.6408811568585
60.327397252134546
59.30887521337758
55.9791033540749
54.005567918337206
54.2831004671814
51.43182961623472
51.286185838638076
63.00908958959438
69.89162583265326
72.53251235308281
72.54585339743498
71.70142667532082
70.58634555261065
68.5837301027025
64.49371472375523
58.34105673897689
58.94927314087107
61.242352690879294
59.94495828398364
57.255217342070054
58.71464214224489
59.25344951254998
57.87376135436943
64.69933928200209
70.12591613683912
72.13647983342226
71.98684784465223
70.50976605786765
67.19355055268973
60.79281005491167
56.908561690048494
64.84129287732824
68.53788461924034
67.77724025847563
62.79905548560461
55.89530981807264
62.22329764107626
68.51560007592538
70.84515632411626
70.05529409145098
66.95450590260869
61.57761368930315
53.06044668893766
41.104843126181635
37.36276903842911
38.12589958163854
37.616898205478165
37.159072299081714
36.44169409972716
35.04238479078874
35.99558484318975
48.456889518904866
60.87663090996324
68.69111194581944
72.54747869038299
72.77053482638073
69.22443995221225
62.083403131760655
58.10527343844982
57.53306267193893
55.31758914170604
55.97233521032471
57.56350907074247
55.91475903104648
50.967128854796
54.08220292287804
65.98728150350651
72.47745426005062
74.88913479427703
74.7050209740377
73.5581443828079
72.02549435384543
69.69379580802973
65.8300314183851
60.04714080320792
57.38546254875481
59.64896870174823
59.60646487348405
57.18926304185838
56.33352472960563
55.551140865302685
60.036069418870035
67.63195875995056
71.51684087728853
72.56867026281446
71.7347440003886
68.91427399612226
63.048216781642935
54.327873167041815
59.742178289278485
65.10839441954934
66.27718073323689
63.539912525845885
57.262969612975354
50.565810323525355
55.02968157290673
64.17156070505709
69.0866907242135
70.3642907434916
68.7186103186057
64.60410079717629
57.66200377987719
46.702019365295875
36.24332629677081
36.37566689432834
37.16039524921416
37.22156365968723
36.61516506211043
35.22794832769816
34.01638761751508
40.607487631107766
53.986896035370236
63.68718072351746
69.92367693857713
73.65830004127335
75.24330550561854
74.66003535640067
71.66703687237745
65.55708650827458
57.16431298845826
61.77854293609713
66.3747378579816
67.45491317907401
65.52426146432893
61.50247949596333
57.9107211729107
54.66583170277929
49.241781415847576
43.98579571760262
48.386344613531655
52.63859462411705
53.39994596168057
50.37602036919129
43.86747029382991
36.010408644409864
33.321719661264176
38.44155300772784
53.63151695042642
64.16894467074876
69.91124040976703
72.04676972990734
71.84647788342909
70.93658586471071
70.04432304526627
69.11061958029568
68.61478707832076
67.98236428022085
66.33741756566947
63.22307054581869
58.334579057640454
52.101307916461636
46.95943155956317
42.79605159720887
38.58560642930529
41.99293130829915
51.10384205978046
55.99609688262322
56.34504013158376
53.52629861700028
53.294610153518306
57.27133063773061
58.337787145979206
54.79530779099142
47.67928045778532
57.02004883393464
65.12591501039123
69.03966235396756
70.23519278486666
69.98586068699117
69.11158320498267
68.10927508429381
67.30789594683203
66.40917595246269
64.40974587340806
61.06563980746866
57.25714571145741
53.77871084139447
51.92374407899741
56.93817796758515
60.91450798101409
61.0005185647326
57.32886212883146
50.30014710300952
46.42659183016481
50.3761058577194
59.052717708325105
64.67048978002454
66.26372286904083
64.19406683780893
58.60004157693828
51.27568701533142
57.512816684950366
67.08103915182618
72.13601578793322
73.2264947805666
70.91370269571523
65.98592719398047
59.36898181293348
51.702572838305116
43.79198347400472
36.204865778706235
33.284034842055384
34.194281382757545
36.26433923659407
37.877438471146846
38.7349043463489
39.35180451788182
39.65001134873654
39.12308286901663
37.924160756922
36.86277219941566
35.44425670806956
33.65393990482981
32.824146712483945
40.547399776605566
56.32160508469219
67.06621906513891
73.33147541444211
76.28678031546944
77.2810923248569
77.37507347477992
76.52804465448764
74.15309471921722
69.52952385654996
62.33375770217321
62.27651313171771
66.01036996490193
66.48654676362432
64.33663494751134
60.80038083973367
57.273109211794484
52.62932467567975
46.688675957825865
51.4082222695322
57.1318766094005
59.19496164126027
57.85629811364294
53.76237506073028
47.69654151647197
40.1865635580888
34.362084136994504
44.86422945568329
60.159484080079764
69.54513094797115
74.31376214865634
75.51774241464327
74.28577560247169
72.4916655953582
71.42383177372773
70.27152617738399
68.93574700948855
67.22240649943447
64.15711367119152
59.15391004488033
54.145792157469295
51.19151662061701
47.43021766234306
41.421424721515095
43.982854174660446
54.761016342858284
60.29060927935198
61.14726522347972
58.06291449863224
55.28199964169313
58.2670517875369
58.82144895501418
54.514531516558016
50.996358948144334
62.99245067902323
70.32498032097978
73.59220032960383
74.19750591160015
73.51681069516873
72.15338556130615
70.45902867521303
68.4235693587024
65.07228113954587
60.78924644558335
57.68887933535506
55.56664335437151
52.959944671435586
55.260822502986564
59.99004593067853
60.657160170152764
56.894799176477775
48.270297537717354
41.03480650703946
53.49347192526344
62.557176958265046
66.93781175739568
67.35889236358983
64.17769125431956
57.600262345638164
50.60146949363354
56.65457395610179
64.42728592390161
68.37190771198101
69.44700899605377
68.53169019495313
66.15040445019608
63.10021466595434
59.80534080101442
55.14659924341083
48.15748457719222
39.102153936157066
35.41029356155216
36.51393636993677
37.22293363139576
38.01535727314706
38.80445768192827
39.23074397857211
39.41370003755239
39.18288426262793
39.13569101895203
38.90491780144901
37.35593852087837
35.027986363771305
34.36264630716005
39.545771034196186
53.68568438878058
66.17648762430294
73.54115412478606
77.02823522770441
77.85390663178717
76.702854894312
73.24472415376987
66.68900398459473
60.499920738491525
62.86970793128121
63.22475994501572
61.49271360267051
59.826005964608655
57.338893315958785
52.2549652592243
47.58256901987423
51.70161167688703
54.6632419400187
54.35137424234567
51.13476047509135
45.58268815854406
38.0359547586372
35.61994799493246
50.400803891573375
63.60464349755589
71.05190678672275
74.14519068099986
74.211180913432
72.98693002136518
72.0748925994196
71.34253071596842
69.89892753125241
67.3780114771224
63.23351792747115
57.26365811667067
52.24053151789753
48.493586603436086
44.04432505260128
41.37973375620226
40.57972379805062
44.607245265057344
52.78540510432662
57.144755082405226
57.35872904939683
55.888856026171425
57.56711342648764
57.84301996639395
53.564029163394274
50.45804303430239
62.92733469609043
70.69825220927721
74.5794841959241
75.82398272579914
75.41774200800825
74.07643923242758
72.27042298795959
70.18838857844712
67.59883245511789
63.97119306278668
60.28702789779872
58.08022906028093
58.94631154086787
60.7378449057262
60.319517299217836
56.48942807587227
48.625195705570036
38.1712814629416
47.08804510571808
60.24194345065989
67.33928728774359
69.81075661085517
68.67666870091978
64.75450250765867
58.89510849849134
54.69367544823022
52.080070303798195
51.88968733451067
62.70418604045874
70.12848894936104
73.54736601265768
73.82446769355715
71.96980681469304
69.12234948780461
65.68400666902406
61.00480218912733
54.00253049790274
43.95431770477529
35.79528195750563
36.65250956595452
38.2756115886849
38.83841425024429
39.140112504424046
39.28360598582353
38.66823266040018
37.86872021289655
36.991095637580116
35.69168630462177
34.276835506221744
33.616092127620156
33.559895299509996
34.00049349630536
43.45001351431581
58.53065643681768
68.22144567066668
73.89460795252086
76.82786153459149
77.89744231580724
77.80297186089739
76.81255462265033
74.50027970847987
70.17401013695667
64.19251759040294
63.714341580249034
64.45803448484264
62.59050466597333
59.748767783721995
56.325323315080134
51.55440405029403
53.38745377400569
56.846440577311874
57.030375394796096
54.06215009702818
48.41648272251015
40.48624246457857
34.03738245002617
41.91609418332995
58.772164099662575
68.89131838909884
73.90854057310517
75.24126892417351
74.41928541928559
73.0737394395027
71.9176296101727
70.68738623296555
69.13275708782908
67.2911919556782
64.49208218304536
59.5723826557039
53.911574455297725
51.38649769972538
50.695858781792026
49.814533711413134
51.519235145699284
56.86119085005675
58.14682883617796
55.53704239509004
52.543814090576774
51.680431049345216
51.513262691332855
49.33430070805842
47.98580940222272
59.39234107950451
66.77464191110384
70.2560371813048
71.22648432348989
70.91019514746378
69.83161988559004
68.01578394864701
65.43634948032215
62.01936881837615
58.28369859872704
55.037139810403474
52.72284951224967
53.688256031347265
55.07788997162635
53.50122758334369
48.18052378432821
39.890618507964405
36.561620272373325
50.614589228803055
60.748759798140206
65.7621829651316
66.82521977071932
64.64461131504399
59.476508658816044
53.05234142646293
49.889095492606174
49.16246684946994
58.8698531979749
66.49183208223562
69.92170869608954
70.28687448995764
68.85453261128424
66.40158459985597
62.62948490673965
56.97929856988607
49.210409526034766
40.02262818245113
34.77278442799077
34.0953855976105
34.863671775284075
35.91655491296677
36.77260816628936
37.46241845459875
37.456115691609654
36.78058292013172
36.09142481513749
35.34625874006956
34.41542715535065
33.504639190808014
33.225802259836755
34.70604529846588
50.19130617474343
63.298775818093404
71.19374090885489
75.38008165950761
76.92512981344387
76.94189211520953
76.47883315487049
75.24920743849292
72.55306266244918
67.73742677837777
61.59553715346646
62.01494912833801
62.162174584978544
59.677804261095616
56.81269527863574
53.446885562878464
49.05131726979263
51.769990517835616
55.41734619725554
55.68373236822793
52.75524524044318
47.41527641201306
40.27210805060083
36.29882938073779
50.238916298487226
63.15891261016894
70.77018519598663
74.13332388515963
74.35389221800497
72.99706160662778
71.75033572505436
70.94509975148517
70.0526842324924
68.62632877141837
65.86279089782987
60.91820153172141
54.93741704503768
51.327532079709215
48.164832134930926
43.533028227559925
39.19662886337717
48.00613840641728
55.221841407890224
57.85109136290356
56.69618088254264
54.09729093883236
54.63494579601921
56.35302447880183
54.566060973722784
51.66176005727094
61.89149220653515
68.80142906822675
72.05642667352991
73.21890225908797
73.30369758440997
72.69302248571731
71.7427950612972
70.02233750255785
66.60738297649397
62.22881039222402
59.8501274394632
60.001206827704586
60.50096827104988
58.809392586812024
53.439579794192056
43.7506524153683
41.17444617350383
54.50077942125937
62.76059237426169
66.42576280156696
66.26611279316684
62.691786788443345
56.753119712627736
52.55859244445855
49.393296604434994
48.17893572280039
58.33646284397766
65.26782357362531
68.30210237157037
68.7502443811778
67.79450241523178
65.31107850739761
60.21384580192435
51.67233069889509
40.232633777530715
33.944110149179906
34.744300984821464
35.910913813619025
36.53997219569699
37.69834229471752
38.37020212897312
38.63254848335164
38.062929716713086
36.42978891485648
34.80871405859372
33.75576437512193
33.18539787250229
44.928501932762174
61.002990175417324
70.79738776172094
76.22463538208865
78.66158345829906
78.98441669516149
77.44606919321724
73.61543060111879
66.85305978285497
61.93160293211417
61.89889960219331
60.644454764310765
58.32900921613757
54.0669827069165
53.10942900169479
58.25562695872732
60.606771806047924
59.66368505768944
55.900191732892225
49.71669493690764
41.53605187457729
47.15428467053612
60.58937225372445
68.72855547208671
72.64794030032051
73.5325769758338
72.87129838808332
72.04517741722395
71.14492448736434
69.21908082627779
65.21522110098566
59.02235618465734
54.21815641717602
55.09359828056784
57.05170088826753
57.089028762950385
55.81793624764826
54.16297068858245
54.01750929962177
57.069465014475966
57.546269666084285
53.32502595490487
57.20529464128689
66.84852439617383
71.83928733913776
73.48647736161732
73.07640967457822
71.7725342674195
70.3669897368874
68.59783887858717
66.65568963656475
64.69246657994573
62.07384477019579
58.00053979007053
50.82621579871619
42.03203988101394
54.710092506942715
64.07904978567181
68.37991451011915
68.63259500377475
65.41013346768429
59.47145893125907
54.799818820709405
52.320900841203795
53.81081835681287
63.357394614659086
69.29263045420673
71.47868181593256
71.09600499549366
69.58327016503358
67.54948103342551
63.9617770713032
57.454535529609736
47.21640845882077
37.64570923167577
39.249412622658426
40.93560258752408
41.02116245749704
39.9332164462427
37.71712374247021
35.146477139660824
33.72474617758314
39.61571812300583
55.603036591235636
66.07876156992055
72.34368658972485
75.75592256578344
77.04015992949377
76.28372076727655
73.13737365792194
67.54919622980286
64.8986842394738
65.03724965752168
63.15261271129195
60.52869717877766
56.92382445071114
51.409047952151575
50.85885246338933
54.54893046897854
55.250132786874616
52.447719269635435
46.71478668134228
39.44865588183899
52.94515211059465
65.5736446333786
72.47888370495399
75.25300766279923
75.28497849080517
74.25476745753846
73.27603902660928
72.16480679767896
70.3076103007267
66.70249003261019
60.91472216992858
55.83707710975155
55.65160381907769
59.303313043301685
61.04176658121409
59.46120468112738
55.61239555574237
53.81875727861336
54.02291776917429
52.0452381162971
59.265032241684786
68.00293966969812
72.40027587736293
73.58737355350408
72.63002138970859
70.51727058589921
67.89115312704
65.73198603524031
65.54035891742822
65.11955489823944
61.98797577875805
54.88880849870525
49.541204877758375
59.956298970283505
65.95778161109212
67.55165430989747
65.27497180725453
59.77496683910715
54.160618580663744
51.01118088168565
56.045252619737404
65.34433774378388
70.53327311714774
72.26515151568027
71.74232615931342
70.16295436973036
67.85770847898141
64.20625010653816
58.15732431912005
48.56971538752782
37.760551791457495
37.7172045671837
38.62337406176455
38.596968083994284
38.04559024656132
37.49765563031577
37.10228915426681
36.464277836797436
34.96486674324611
33.12120423027387
33.26939161880845
46.72837759868763
60.47131650851501
68.82985713450255
73.42517528003252
75.31900300225948
74.83982465478644
71.67576550850475
65.39682776673656
60.294937259883625
60.681728413635994
59.385740687776035
56.50873618837923
52.0063128054163
52.090702314557895
57.08073746986749
59.03310661721841
57.43719189516134
52.440387572431064
44.69466941918153
55.03342924972646
66.30334128296963
72.55766179826453
75.13774580052092
75.14004060054748
73.70285920218143
71.87327950471806
70.29919884853604
68.6522017329777
65.51273673123708
59.81403029329293
53.14374944365003
49.001867952490514
49.33438606177901
52.743858819826066
54.0840701777862
53.339095047422056
53.208680757587715
54.38732808785702
53.15575739680722
52.41047027680635
63.17447368253355
69.91744541897626
72.75945507257787
73.01123407741375
71.92854491860754
70.29735821813067
67.68562216253139
64.06425011918793
62.38664609927198
63.29145437485299
63.46654905768603
60.38391088558008
52.717756932316355
52.45202985187306
62.07568264295412
66.85004255019892
67.57251754723666
64.67098764969643
58.539795831280415
52.08771656415462
54.684040040814956
64.1658025624071
69.64719984920171
71.64686937571288
71.26286741782965
69.40883337949938
66.3840756640168
61.99696055497248
55.47290150731876
45.787118232562946
35.424632866739394
33.21309717314959
34.53583175581957
35.80827017764972
35.91089269152543
35.726436151474815
35.73729570423136
35.18224546566825
34.078121800935634
33.27793165611634
33.19716501329512
42.05643806518139
56.87616980684396
66.38473127846511
71.96108568796592
74.62523399521585
74.63969502965877
71.6833784089222
65.2360689033358
58.191612830799535
57.90201069696187
57.37931666681111
55.96668464612931
53.24936788959722
52.4655672801416
56.69382926297827
58.28900666020638
56.27260049035143
50.987280743531215
43.079623676581704
47.56793520942825
59.48023790843852
66.44891021227414
69.45813497348753
69.71471940577062
68.52972112466878
67.09136373472445
65.53106965152409
62.810493429868174
57.98704264387923
51.699329810452284
47.07148996346057
46.809558972692564
49.270051517655844
50.77795397321654
51.306405531138054
52.640491696829415
56.01583591860104
56.532467476809956
52.98285241994183
58.87232910268604
66.49393110110742
70.04574141392737
70.78408864013814
69.76722094545532
67.77402706758878
65.09342500352112
61.59205140694175
58.963129727833675
58.788812991594185
58.39132577974741
54.730247589366
46.65065817937054
48.105409699788915
58.79766416591515
64.42433229358116
65.69531757385431
63.03772124154229
56.91301041675977
50.87215257633184
56.817027071524286
65.17284216665162
69.22265947305888
69.94839479336687
68.72856555141959
66.65288828733337
63.62688211920923
58.42816124619557
49.5922439362797
37.791006095703054
35.13014940944199
36.47520215315937
37.406973432184124
37.695338735173756
37.31205167498451
36.62550698355846
35.963862360506305
35.33372097857933
34.26046369039393
33.322018047038675
44.03691066263008
57.7017758911412
66.25419555467374
70.92179374086221
72.8761544971845
73.03528925381126
71.5095238786187
67.73271111507461
61.70292139546403
59.13457229533076
58.93786070513903
56.98318947246036
53.67559526892916
49.83561856693587
51.80345268805179
56.341543499058695
57.831821886250225
55.73697800771902
50.16763394989964
41.56321814433027
50.7937047577494
63.602898360416276
70.62971130935131
73.42415668196881
73.2579133468193
71.68826573995213
69.98636893109477
68.3150562481658
66.01924890115284
61.94505329764698
55.84765085744043
51.24683199478128
48.38022655398311
46.71863946648941
48.46464033698815
48.94392520195497
48.61026724786079
49.564718503678165
51.52858000807288
50.54668884204248
50.606607077639644
60.54054753919552
66.60160074059135
69.0284736225993
69.05495899403597
67.57606200724288
65.3705138763783
62.97951701210486
60.84626613985216
59.019383264529914
56.12820795734713
50.6655466183837
41.60744170451626
36.43898136526959
47.32189080244802
56.59191216545797
60.980135920350904
61.010843022529464
57.3257555545476
51.94632040290384
47.780033844380014
55.44249647319869
64.34648993941997
68.80499598141441
70.00781450734138
69.19604543159673
67.03537024553327
62.99575897163468
56.02703386304621
45.472174257812775
35.0651987140791
34.209661389942724
36.157310815027984
37.55210603224214
37.99587988557488
37.56811693770714
36.886972471287024
36.425388889831424
35.60907082607534
34.55784496713066
33.679833635189254
36.659047418803475
51.52905901740992
62.11125704636373
68.26433711202716
71.22920362516273
71.6174015046341
69.49141725103975
64.61204529497519
57.01222949053195
52.62942174608859
53.363530375837726
52.255840322562285
50.87244622701071
50.03786363114684
47.70318676748521
46.49232331907574
51.19981062732582
53.719091378637046
52.27466172682064
46.68329947628329
39.977897957253525
52.72588523198781
63.00336792355459
68.73963794756918
71.18355814113195
71.66878682761876
71.34398051722374
70.65146897744444
69.47872642989297
66.95017305792018
62.17995338148843
55.35967463868527
49.561034213674795
45.23319716365238
41.291839433725634
43.5387942497345
47.79107151865604
49.68335703990506
51.66683406297927
54.43297635999627
53.9013258280052
50.005660506480474
58.36168428581856
65.90649807120123
69.40080884557756
70.34746114486664
70.06261870402983
69.19136345596864
67.78758270970103
65.12829292923365
61.55711410548044
60.301190546059544
60.96010428022002
59.38959311797208
53.71501051264624
44.172484242423394
51.94542932189493
60.05359527918044
63.30861245938897
62.24374535933285
57.306422941073265
51.366740588841395
57.64362100525684
64.11572111331927
66.68225717935658
66.03904965422973
62.59756909450887
56.34941500423103
47.549765347642754
39.09133306875651
35.22916947978244
34.959814503623214
36.1807502774446
36.87194934735012
36.94174415719294
36.51386668380067
35.04911766769468
33.57638210637549
33.141222707466795
33.139698639355885
39.77080000776879
54.860371856587975
64.7417197268512
70.15608570089648
72.30906845005222
72.55105226502565
72.14806932299342
71.14739079716368
68.79941292525795
64.35987416565911
56.81100365841638
48.898793002819914
56.35304195156369
62.561612660797735
65.04226914811214
64.180298940358
60.63926989831064
55.695312100631256
51.769674281033254
48.59208403206929
44.138931217083396
38.64951627367877
36.20042875879498
41.17497573904209
48.70025153638872
53.852716754790684
55.28492603712416
53.07563879677125
48.126913759942546
42.29951710829206
37.35804087949492
34.39346633494583
33.496247453723655
33.49807910618386
33.577026629195664
33.665325467645985
34.89165961178627
36.00557227796115
37.80756699105946
45.09372052620836
57.32319159360192
65.78501516324141
69.66740216544793
69.77936961049552
67.60006702683985
65.52056038825357
64.7224111050752
63.919096911166555
62.11981617745133
59.32819199136268
54.95411727020425
48.55983604386281
42.71770819066329
39.80490423938547
37.80353379598222
36.730101044308576
35.60995291852011
33.92913111402838
33.80129087999082
42.39599082463001
51.22422601229247
56.23870340046505
58.09916963334516
57.38596410860157
54.76833328045124
51.97851308950077
49.97277014045423
48.25150785155691
49.060855318720684
53.69299987874449
55.742708473546756
53.413641361454715
46.345067223921355
39.19197115485658
53.849310346847034
64.07735397329672
69.37146746592249
71.10106929134864
70.37194068770715
68.4255974763872
66.94894049131077
66.5982505849446
65.54244335541823
62.41773493177717
57.564958251761446
54.132710451360076
54.144848706861566
57.09547944143702
60.486766787407056
61.612289999711116
60.28281410337073
55.9357880954463
47.71280061905947
37.86445916582461
34.88934239824461
33.948232423267996
33.45734105882966
33.332165926833014
38.583825791912844
54.27929284996476
64.36471262154373
69.43160586024705
70.85317112948968
69.79119421754294
66.8846952545372
61.97981473737081
55.008182207261164
49.32459239210529
45.90112656817131
42.93669647484225
55.07126152743969
65.14140267454525
70.2153370139588
71.5025346216899
70.25371120447733
68.26464103680577
66.86713336963236
65.41339405958871
62.69260693466379
58.034026974994376
51.202054695553215
42.076380311051494
35.38776264618192
36.517189762630686
38.829875558802186
40.677831339110554
41.90170965465201
42.97251724414811
43.43176565986092
43.117362027439555
42.538744986269556
41.47063562258856
40.30091030071213
38.26037930880971
35.739806612905554
34.32019550008988
33.75304545926851
33.890710470718226
34.72289584152199
46.302629487089305
60.07741244031085
68.90314300200978
73.87090024795357
76.24236104314966
76.7396815014859
75.92456159471871
74.34117986423429
71.79325468120783
67.70472236752258
61.403570314263035
54.11800071001662
58.70812078062502
64.03975799133649
66.07152710570067
65.03848727595087
61.27503943151438
56.216207264585634
52.53224313495724
48.60077406231552
43.09570406764664
43.9512107800844
52.824409326445114
59.285709782858405
61.99732626882415
61.07140128710252
57.10594459852893
51.635437492735605
45.86790619729201
38.94294079479044
37.65051806851617
41.48919406489011
41.39504568635046
39.40251284726669
54.20307528241399
65.99278494100146
72.83084594891218
76.04513161749378
76.77153421227283
75.90490833624226
74.42118332305746
73.03586612758595
71.5974788762376
69.69015899942052
66.24845861344205
60.391689794125696
54.83329414597169
52.19627775652482
49.505721517460174
46.52053604542484
42.014293116142774
36.04593909877633
33.89021423751905
39.873513864405325
50.379990129786705
55.80660999905397
56.69969526523153
55.028524257610044
53.786527231604396
52.733507420997014
54.731960770245195
59.25729457405225
60.19596742773415
56.47970996435069
47.70461287381788
40.314497836276864
54.58403481207953
64.40042944480608
69.62777769396008
71.53868997259698
71.16976385501226
69.59018575267186
67.77748234578145
65.88503793881097
63.19793628249357
59.23087052742699
55.75068744951512
54.837583493770616
55.693614890630585
57.958882955227836
60.33698553551333
61.47246165199485
60.60344118065415
57.670202043494456
52.072902573275556
43.01927808353342
34.251581037240236
32.58056026231781
33.040680236603286
45.05482659117309
58.21413532654043
65.78042805179848
69.04496054645651
68.86427718875959
65.73099592425308
60.07563830445587
54.01710784476837
50.36925767877931
47.35974497328029
43.236101745157356
39.406036660465865
53.30088151014647
64.60719860570104
71.00248725561406
73.75929241067323
73.80523642188712
72.0982435359804
69.72052069543014
67.35764509413103
64.31058843502419
59.42256421300528
52.05879148353838
41.929457323631155
35.72852882052775
38.32984942407715
40.21199317011
40.41802838986251
40.029841927839236
40.190275698172535
40.45633396635403
40.75093426454292
41.33711809922172
41.37793281007343
40.508737873518726
39.22038925406653
38.064895934379244
37.146943174921454
36.01397485633849
34.53073505479599
33.40842129056843
33.20432339026707
45.50730266079771
60.16885667326812
69.46882354093793
74.76568729704611
77.40756602169049
78.44109780452398
78.53876858423682
77.88329550634265
76.09009634215423
72.88873154662873
68.0327925098513
60.76937283348588
54.491145094222475
57.69447288922621
58.903745317689896
57.867546988614805
56.2227447308949
53.292478115302806
47.8916777569375
42.19819102030701
51.26163341987471
59.45088905304151
63.12455393115862
62.86808090876447
59.523712156649744
54.5351686564195
49.4979871403909
43.66528231251727
36.400998718246036
32.962509150525186
34.99412463448688
51.25157103942395
63.91745814149172
71.0694518053126
74.30912988089034
75.05731470450184
74.7660950579002
74.316305905219
73.66439018975892
72.89132690121369
71.82267111726497
69.87104869220157
66.27022168506967
60.524872254705244
55.31828996549735
52.96938774286894
50.155681029229164
45.55245215221014
39.136233805295
45.396624359630316
54.700420673231385
58.79226256653942
58.440131847788656
55.15973952204668
53.60825715801365
56.41548822757645
58.74466790049385
57.08514656748445
50.491269146913666
45.132287922778225
58.408973832661445
66.71991256122918
70.87714379196646
72.28653998549316
72.05599077690775
71.03402072611013
69.90852737373082
68.74111685120947
66.85884642315338
63.86951721562946
61.51421939481785
60.03895490142167
58.26010319582724
59.96576306713999
62.44935296305226
62.81245898021919
60.401182143111605
54.90842298895015
46.303279848335436
37.68216149728278
34.06608096595043
36.51978445436796
52.69708270610543
63.45534309615873
69.02900390784497
70.86001664825042
70.00124289429658
66.84734736888474
61.42441730497838
56.58402353984296
54.41794912679715
51.924593901702416
49.01974721606413
56.381035462832536
65.86491420456456
71.01878183889919
73.1408905020328
73.1821422480238
71.61381365921184
69.13119519876545
66.19555172471337
61.91937879654438
55.19613574652062
45.98187109367771
38.12770997265919
35.10005144299142
33.5728963963217
33.19492091402226
34.30739053920571
35.616749784659895
36.20591005200353
35.58592159646955
33.934974187502085
32.27397116229972
31.522595852620782
32.03533287769592
46.662959220098806
61.61762884461291
70.51546083899115
75.35881051780848
77.59748613734692
78.17955779351814
77.36363861581535
74.8894560618304
70.28259376890225
62.80184535235207
56.60691868917128
61.271221834942565
63.792065132636644
63.02705393039674
59.97858736353316
56.70235302058134
52.74265777119111
48.99912620310572
53.92148614706352
57.472759665095325
57.00359315419228
53.06820898475894
47.04584891280304
39.9426192234628
41.816182942612286
56.511306634172755
66.45900791413594
71.9278267765785
73.97467903032208
73.80394397537457
72.7429622139425
71.81932199964943
70.93073612135113
69.2315070483591
65.92088284467536
60.39332005021947
54.298668427806646
53.99119593562298
57.368271900951164
58.2090874303741
55.93324798118292
53.38594841334505
53.79252540595638
53.236610528602085
49.13499242319218
55.722609038940654
65.421544226471
70.58547471070669
72.74003866451152
73.21850169874458
72.67630869926406
71.17257994393056
68.54284038272374
65.26033964322772
64.51406224179391
64.91646432766453
62.85853723475779
57.07582970843271
46.93709351566017
52.08716790336783
61.93397831418352
66.99443242341914
68.41211337151614
66.63881820684071
61.80230955116079
56.119961527625335
54.61144901463527
63.46230781225739
70.321705422892
73.32299905597392
73.40208536387284
71.4306466980784
68.44141353857016
65.06647178440028
60.92268315281109
55.1983247940995
46.74527254019492
37.56222796935169
37.23350487307319
38.384254253697215
38.43016147588962
38.05267888731479
37.788592896420155
37.2481955452495
35.852752191367394
34.0404013924192
35.52011442260703
51.02590401684771
63.062673732722594
70.35627955228404
74.3127057260029
75.7774609745802
75.09700392482257
72.37479022324297
67.4212010665611
61.43612568312851
61.19158757483751
61.21099045040047
59.455022108961145
57.023941110617955
53.13968397344415
52.297863938881044
58.48219399090574
61.873763998834036
61.662001029794055
58.185804923613574
51.842546184664535
43.29494088171518
52.514248308241626
64.44691290139728
71.32983853608391
74.23445544041357
74.27475504880421
72.96812218253776
71.73179103469983
70.58484336082982
68.41437953420143
64.14983614877197
58.01501472994147
53.77493923470325
54.96177674704532
57.56476793930865
58.107574051574325
56.23065832505131
54.357721226341425
56.25405410816961
57.855503878666816
55.58892109616708
58.9969498034114
67.5295905938304
71.91057428056939
73.35743948049836
73.1296993980039
72.08431487621866
70.67000814962722
69.19068838492721
67.08296110212191
62.71194864373636
54.60201983457404
44.19624660021866
55.03707236259535
63.710176382104976
67.8257131904659
68.48983046386768
66.2251628481569
61.128711227612825
55.10435842172381
53.267054924147914
61.683415809356134
68.50153380751779
71.68968771188561
72.1664857630058
70.66377745359608
68.01945706437715
64.82724355234356
60.40456817497596
53.78445237930695
44.36797722040893
36.14372059644459
36.062765350191405
36.878486489058304
37.68656164792415
38.227460806878454
37.945951041740884
36.71197778030629
35.4768248548624
34.80973224948067
34.29171321381294
35.423476997029766
49.88928644450591
61.80330809893222
68.91379262031381
72.58506357299763
73.94414417855305
73.49583072023812
70.87292944282125
65.65115332609481
59.74797497978818
58.72185915732277
57.724839396994724
55.07527681510511
50.96924203822083
49.3332314255947
54.43594803237765
57.9535871407364
58.06399593085178
54.75756562581932
48.525459498866006
40.818469660683405
50.68729908838674
62.33257589084179
68.55889808548872
70.79721208162594
70.53281416804457
69.45567798452959
68.70883353309345
68.09774784524835
66.34181021714932
62.267031668582874
55.92462874376086
50.36775983981709
51.53315597887607
55.74207169066952
56.505140935723986
54.14535639888763
51.761968383792166
52.770370775063185
53.609914001890296
50.85378318547284
57.92808414123602
67.22767781365774
71.89813683908123
73.21340375338458
72.50592259696784
70.75943080915337
68.87505456939337
67.72251651873275
66.59587668173079
64.06300680713434
59.06686459363091
50.49526653075382
45.38197149778207
56.65272216827291
62.67385594819664
63.939023583871865
61.21654687718366
56.153120267373424
52.312904930027145
49.93207956635721
55.322893856058755
63.46488720951615
67.96055077914622
69.33969263618448
68.30203854789305
65.61875756454536
61.74150449130935
56.072663443029356
47.57262626988176
37.78194099637089
36.0394398397854
36.48009402628971
36.71509538322163
37.46070424809956
37.72220880969703
36.98434981325895
35.81306003527435
35.16796984038053
34.60315060923203
33.65296212219684
38.004980616881774
53.15650471292659
63.628417597556705
69.49596726800527
72.12121024242589
72.44729574583288
70.81961079981959
67.15313115463002
61.30005933947728
58.186562592958914
59.208673905870484
57.743894127035716
54.650927329233355
50.61719871598324
45.63559930555793
49.11332779433431
53.77295149518293
54.55530445104006
51.73252915334834
45.72496218195448
38.66265955269041
50.287827247641694
62.54761337960717
69.56224228881803
72.68442442648836
73.1136734621648
72.21949257340609
71.40239950953207
70.85753038260137
69.7540565763911
66.95138278486444
61.835166877494686
56.3411256710488
53.979122422855646
56.50077415052033
59.27636052055277
59.235806308245415
56.624381255611
53.888204201614734
53.124784245219985
52.28911950073491
49.16036586352473
57.231993005614456
65.88212857216283
70.12366921492489
71.30092142474267
70.87092418533945
69.85194932006286
68.71820222928761
67.59035380432516
65.41964611971505
60.67558144655525
51.951691076284696
41.23959383447546
51.969711065737826
59.76587053754349
62.74022127778909
61.5114888645488
56.688779177858734
52.166089409251924
58.99253806915069
65.0439133200899
67.59494218609537
67.87358935243843
66.7012044076991
63.98683410145318
59.05370070024591
50.87000815186866
39.87136011682611
37.88424239283936
39.40521006467574
41.28126175672904
42.37815162188425
42.71175522141021
42.724970746804914
42.39355628699742
41.998891798045996
40.48945438273816
42.029484510977525
58.80270264651721
70.02231481641192
76.25182614132191
78.67815674411516
77.811762584699
73.75204579980873
67.08177512792184
61.466492863541774
56.92313307197226
53.42669115069416
55.70532360993555
56.5690350380191
53.8235949280839
53.87170162894482
65.46537350269831
72.26913290400862
75.04831211670174
75.35208964157636
74.52752573724268
72.65737234754882
68.76416473778929
62.55958280356449
59.13259176459472
58.681960511297234
56.795551800903105
54.07511949891054
50.65071885831845
57.18980683649622
67.51909606998012
72.96665858178797
74.76977976660606
74.30469461772543
72.6084718283179
69.2652876858891
62.84328441492011
59.20043721002885
65.13884697262492
66.892609122251
64.25882754148174
58.18840855729471
59.113296443342946
68.02346062834863
72.96473935210364
74.48698984737158
73.50267850841743
70.63529790252593
65.87968757343946
58.81121934172586
48.91259289363372
41.031208945403115
42.84353791949656
56.66500957071341
66.99081203997152
72.75415486510336
74.90819588258849
73.72088914119375
68.96854416117566
61.13092836009259
57.40078928178205
55.33878623250939
52.38444028629565
52.85256874561754
52.5964527247634
50.084658862165966
59.65965792303948
68.75819344262685
73.520645620014
75.25586352620964
74.8663706495726
72.37027224295639
67.20013609893401
60.64295437463923
58.12803113839028
58.66083787605774
58.99086729901822
56.230422466226926
60.687337304776214
68.19990145328974
71.39972724669055
71.47153567249536
70.21866094297023
68.77814941247124
66.52639700122522
62.00951804109491
54.10733526869968
57.01643106991394
63.159512656002796
64.33818488009236
60.946164215222865
57.48357216121463
66.41217983302656
72.16992478683335
74.07159782270449
73.21004203919321
70.1378323636518
64.89996016526317
57.57091835342952
47.73817603162739
38.16139076385342
35.42868462436101
48.659630928250806
62.506248508463685
70.8932788365897
75.13743634584446
75.83734291278346
73.0655717792587
66.56673106716713
58.242446127086026
55.06011162150679
52.66486131771173
53.57234769208888
54.44042511073775
51.4825156994576
50.923163962546084
62.7570507418346
70.52038268988764
74.40574057852808
75.30423887747169
74.0290354553136
70.68961105149994
64.82280224716944
59.10294974689509
57.17509789665613
55.74080585058386
53.888504407545035
55.1049461096879
65.59391950525118
71.99297498610454
74.29905022397679
73.75281848560017
72.04550110400001
69.50825202471438
64.20180495813908
54.850900576054265
56.79430842036629
62.08190855792053
62.48504429119913
58.85630888324398
61.70290872940298
69.47918608234186
73.43594856759076
74.4160654163271
73.38193872814189
70.56311093941018
66.36112845881644
61.21926348537219
53.568889452450904
42.65713840294218
51.90557912613543
62.56688283272524
68.53029821625556
71.29448981714704
71.65319248929991
69.37261387624105
63.86709169533703
57.48357018177966
55.122936124578345
53.26713616227075
54.295054439635635
54.679811467133334
51.96568675596757
59.4560167578784
68.30911536480957
72.80242533049857
74.22961813897194
73.8639039797024
71.70579377638768
66.68921784810047
59.87668753029368
57.763039663707445
57.29967602126283
55.580112652818215
63.2384408552409
70.1393534159456
73.00808132311462
73.22562206857296
72.24416727175523
70.16650542261074
65.78644327462153
57.76647920189142
49.83620535872582
54.567017149937655
55.66568816811583
53.9679303533865
60.64094669315769
67.89834145289059
71.36534450680244
71.65290032853399
69.48683704148401
65.87427960696813
61.189845056096715
54.28529455800273
44.64037989827973
37.24708047698859
51.20782805266493
63.451067986198666
70.97804342812903
74.93777115226898
75.64560570113015
72.85422160980498
66.43540852067743
60.4323762631336
57.83537343806927
55.244374589921804
56.05557384565777
57.17081614000169
55.60005659896798
50.98028406011983
56.79876909868544
64.2001255952251
67.37006389948012
68.73300639222893
71.28991321609418
72.95451363525211
72.55290263371802
69.57194338635947
63.17461055287477
55.18951602895179
53.954779385520894
55.72418491253054
54.78764760996811
52.629949850623476
53.927283656829644
63.774667751405765
71.51783283000714
75.38845008555454
76.24875379852264
75.17017560888526
73.11406695793453
69.26311181373076
61.86019771052421
56.69545082858872
62.887847477968464
64.86683100879779
62.54311366596972
62.50410968093034
69.79464921327933
73.49458445298907
73.2676866240214
69.48501636451768
62.147368318914076
51.01067611151222
42.743538341567856
44.50513427410141
45.98093189583467
46.12126978239602
45.111065766498086
43.079059121171966
44.62741735790358
61.883941817965685
73.5024173466058
80.08386733229983
82.60451111158733
81.40486244016378
76.4310755353902
68.06773194980707
61.58954556150552
57.300397135508454
55.139771072988395
56.066525415865236
53.97181877084915
52.43687480318731
64.26322578892764
72.27977277197388
76.40139137316916
77.90885705488661
77.71866536670203
75.87342161206797
71.51273330785826
64.21217315157351
60.4447557335108
62.36121803844938
61.248387368645396
57.483568634778635
55.134317811490725
63.354113163510554
71.50939343662455
75.44124299456702
76.35061992785047
75.39609036177583
73.14778874398559
68.75543826353894
60.92096021945035
61.09990616740265
65.29959709467578
64.8572485190372
60.560643351625096
59.69701131501928
67.17661810511315
70.83540603616227
70.43768056802296
67.02341987335038
61.459530402200315
53.13401515918549
41.90309664871389
38.6487630504164
39.04435583515659
38.04866957905535
35.90807239359432
33.964667738699454
39.58555743507807
54.95626529918705
65.50871807779517
71.90386202738522
75.11522317810797
75.53420174582136
73.10951720906225
67.81878401643382
62.066248416738816
59.41076272768453
56.22837405097735
52.895220578108635
55.20501592129249
56.70548470942293
54.50203254579741
50.64461754776894
60.73548454184646
68.92860598162878
72.7211868681
73.40940478254792
72.50691797546575
70.90811365999943
67.82764009219468
62.362671624830256
56.77342321406131
57.12253946425176
58.35562087870839
58.15169952907354
57.032651542186315
57.27316504856181
58.04868776537252
57.29930710823459
64.16058113013966
69.75591975964528
71.77210319628715
71.89746120266955
71.16688049407176
70.22122340609529
68.58256581781208
64.12942997615252
55.44007384083825
56.53099758404699
64.26920715575805
67.22453742256192
65.80263592985379
60.67920134783567
58.108681940061615
66.33805452635957
71.91926901174286
73.72965625297957
72.70850116872252
69.76827394756347
65.07475025635715
57.737905187366714
46.964402013277116
41.46562899917252
41.780033641442984
40.76264560929551
38.283845777435715
35.34525429364823
47.03616527242402
61.51616718433965
70.25176860348981
74.94176865615346
76.41828389217595
74.85092804966004
69.9290500914232
62.385242085598556
59.86922545693172
58.7540936868966
55.32354744649217
53.39473996149421
55.0393837007895
53.5968047520101
48.01747444855043
55.89694812150697
66.95352593082454
72.97875706213537
75.46616987925704
75.76276863924487
74.90038771009688
73.62239993641813
71.98592149979488
68.74813453851624
62.94888230759861
57.937096865921646
59.477611245268534
60.12396236260444
57.672755865873384
54.130948076039616
52.44682133184039
51.128437917000234
60.83530784757771
69.16884498068819
73.16451001703516
74.0234060517145
73.1743721251418
71.65332079962715
68.75476694396545
62.82550051355155
52.853172439255324
56.249041547937175
62.80042736830805
64.67906710093277
62.46653040510323
57.40969762424147
55.24926222891736
63.72067079241512
69.92816552901621
72.50817001374276
72.57735805432895
70.72396221713782
66.5204462311957
59.25472411275355
48.386658390180244
37.394167035287985
37.51999925899839
38.35728137266245
37.92911101600977
36.49018299576183
35.23859761080367
34.66382407334357
42.43801477285209
57.701039602357596
67.51730587039937
72.73518725781662
74.17572737803009
72.13408480104708
66.41471492922176
58.14333790139643
55.595739499930616
54.384599539505544
52.04232014649974
53.89019433658934
56.51952173697744
55.661179070376036
51.15732370742366
46.08620083163399
60.228409389464595
69.91294324447982
74.64140007170292
75.98180837595321
75.36364318062702
73.9088501838775
72.1434275762392
69.80373921860044
65.77461521227428
59.36434581121736
53.62892510976431
54.55672603055292
55.62430676500579
55.0869340996765
56.59905049396851
56.55801399607559
54.35683731878931
63.712223266652686
70.76576836314604
73.59328885604622
73.42716014004556
71.88640493906735
70.08547381205287
67.35516572753674
62.15633283579807
52.92268735867203
50.46233440293082
59.26686254153415
63.474189793628454
63.5097218058272
59.83439414666198
54.54276427978903
58.50449407181185
66.17514655721396
70.07336650049473
70.53018082200026
68.12580312149409
63.54127089367023
56.988367527446286
47.59546009116945
37.395904348213726
36.65549079863323
37.576867727856865
37.82552030001241
37.007523722019606
35.958690299434515
34.74268365187764
33.320661240969834
36.80356857813
51.72782330795542
63.13687920445324
69.99120503103688
73.21711541219179
73.21831597701205
69.85070100272142
62.726228118856746
55.522407842447535
56.310338440178064
55.96794983171782
54.11375471651592
54.66512832561924
55.142467514112184
52.324630004416036
46.38826861494554
54.19604721301337
65.16056742545152
71.04383498014579
73.30210166492225
73.2742017707704
72.11377620052201
70.34296369076787
68.18409196812388
65.14702740164144
59.790190648489116
53.497388359753856
53.81940841049682
55.49065759574549
54.06948149440494
53.39058594691635
57.06837672412979
57.74670577628968
56.16325381332611
64.05843615348995
70.17978638618935
72.49082171152313
72.2811309137864
71.35368213858621
70.37587221038618
67.9851410992539
62.50010756014074
53.117845292316616
55.73843401023368
60.66813957087128
61.022798252915386
57.4891041524978
53.58131176733675
59.37459792849103
64.67988339933784
66.38046979135098
65.15499759044846
61.293408020637585
54.24714829301057
43.27388596092
35.962848653905155
37.48110859128227
37.99531397990731
37.73768061949258
37.07756904559373
36.041508223335185
34.54742462282155
33.659043916389464
40.62023016852486
55.9198059202798
65.43936523023639
70.68592048972806
73.27954583243927
74.21186277193287
73.19180675579541
69.38090998708874
62.24430479414621
57.341032613940214
58.954226787890576
58.08930490616387
54.56208783421988
49.8582401250449
52.12091917510727
55.67372215668392
55.781364487418834
52.23672487945086
45.2070139522061
36.96458564335349
47.096779962487176
60.819045800226576
68.47693490343218
71.92268427406079
72.83776691819836
72.55030020305819
71.57323954549393
70.59360020912835
69.52868282277694
66.81611753404441
61.45223435782267
55.269397767487014
51.50724376840639
51.28354027091972
53.851234327772474
55.562696204878435
55.10550104339153
56.76693559159667
59.83236525463955
59.028735834767645
56.02740983012731
64.11473441674632
70.2978123138139
73.04598302371316
73.49752907547062
72.68440541840631
71.62845505942288
70.5732507687779
68.16089162300611
62.81408685966205
53.22371680338513
43.744442375235224
56.69948157756747
64.98501016724434
68.40863387332169
68.03700045785261
64.81115538293562
59.399540162430135
53.93783338899904
52.34733275691794
60.29011477525653
68.03774387347112
72.07520574385029
72.93823136754588
71.02343503776761
66.66915987768672
60.35227940562292
53.52500149783627
46.66016060763701
38.137383257760234
35.44520497350093
38.060784335400356
39.22456361607197
39.11508674954241
38.823060866149476
38.39406800399648
36.95648535865942
34.96613709459878
42.50737693971173
57.85064970464304
67.7881452674529
73.5379605772936
76.06013331877041
75.6887377741435
72.29827071560024
65.64233015685554
58.74329157046513
59.605636669203975
59.723649159053586
58.078207210032474
54.56843613266999
49.00861949779414
48.601113614221525
52.77659083717794
54.418775202971574
53.13174743693576
49.254682757115546
42.727708340083204
36.01544498634658
41.64009244844823
54.81726730493244
64.30071888541538
69.26927421194807
70.83201559771051
70.25634888939973
68.71769953433125
67.10340119271203
65.29161988484627
61.88769594518993
56.524038422588426
52.32411532439346
49.59531263453974
50.18562952976377
53.49736988932224
54.354645157422475
52.999250941421266
52.75113069021608
55.63514184245497
56.50161776782901
53.069229018677035
55.51707205971944
64.57125406744733
69.32754937989269
70.90947133666093
70.8181548446931
70.14017319014829
69.0605217118239
67.34299114008846
65.14416811392918
63.571921314853526
61.76940693196185
58.21917788669437
51.739994089399374
44.18875909434522
55.08300285862845
62.451642711626604
65.13010431570847
64.08151084654398
59.96325033262942
53.70823282736851
51.78991318574015
61.30479279319865
67.68541016019826
70.01171217009973
69.36571506405721
67.06410135855569
64.06446522956459
59.750211744195866
53.10275953398757
43.78788083899549
35.67293387926682
35.99693784731371
37.38917803162911
37.961906621941026
37.38204661289453
36.32756474146331
35.96164953477321
35.514462019983995
34.635339103252704
34.042697550892754
37.247463302397954
52.964302068687836
63.80484027942336
69.76333983352495
72.36110967420476
72.99224796825043
72.4498748094333
70.49492341212981
66.53680049479739
60.7811112248799
58.535220913192745
58.06348803481186
56.275186265163946
53.15918513654036
52.46059870934629
57.37956748289989
59.54532893328215
58.2049617378477
53.72010706522579
46.314345999871065
39.00768441078717
51.0802765553109
62.16633179326508
68.28131284103337
70.71761175792867
70.94947285288997
69.98953158289393
68.3942453967171
66.89061708066983
65.23552984547821
62.45609451909299
57.56492555055169
52.30894330513041
48.80017792487393
49.14977960438052
55.360461482639536
58.03664537067357
56.83417683804929
53.66582224379027
52.851471497148665
53.00863747300226
50.272131410218044
53.036320294349586
63.56903138957211
69.54731814747079
72.01611626805109
72.22107401380777
71.02445528658618
69.08152108711347
67.1548559334295
64.87447176965068
62.816767258206994
61.34515214242658
57.79814821759076
50.31361440690553
47.89552955827154
58.40763384479011
64.07132413928545
65.51078218821097
63.40968719139149
58.28307546289019
52.266770827631
49.84852518998362
57.33615141912349
65.22136426571572
69.26412476351561
70.30173011986852
69.02800597504033
66.17771725340255
62.02311354674069
55.72804141513873
46.424083122463955
36.233013250639004
34.12290532929755
35.52613402371189
36.51088602186289
36.818013321150616
36.46985479913115
35.92853337114769
35.44496850285804
34.84016944552775
34.12564976428208
33.38603470580426
34.01817056777019
38.81603117803486
51.93582463201854
62.32654013465129
68.32832065651901
71.01696836260499
71.18284173821427
68.92705921810028
63.74719326977726
56.555864662295654
55.60770152418151
55.93985174853118
54.72585660266809
51.7398288599377
48.20966217820653
51.83309567220313
54.669848865869675
53.75842183529805
49.136780906117366
41.27780787784773
43.83390085402
57.130431062182396
65.15506530057189
68.88880574000048
69.61318271824743
68.88454846251668
67.9563769295641
66.73549835673325
64.61440212970085
61.201396577199944
56.07207427148458
50.19890011272513
46.23399737471723
44.304002304495185
43.599814207398666
44.271261652842135
47.59641683179788
49.30106570816256
49.77982319208135
49.26143263278182
47.32592954674865
55.681447076331985
63.5281679516293
67.55873012190261
69.01006557283269
68.8426662836022
67.60875241325462
65.57933279264147
62.23333302727714
57.64220878039065
54.996187452481855
52.330518227249556
46.32852063778336
39.3285139965104
49.45534577359666
58.089075898767355
61.906603262475585
61.618709733677974
57.84390510281138
52.471629199599015
55.22071702609941
63.24990717228114
67.52141348074109
68.4075018926677
66.75027949764484
63.280719363823195
58.143873084816235
51.621822826268115
43.9379262804901
35.73775535728622
34.65133114481117
36.10130350706244
37.324333838321174
37.92968639529077
37.83251894157539
37.33848850864219
36.576429454827306
35.23256218833291
33.68796491367001
33.383178151323555
44.691040867963636
58.58750691113432
66.6489362703659
70.61066340449611
71.84389592192397
71.28275157890512
69.15462075954072
64.97813039683967
58.68781089925535
56.48669300213236
56.2340911255037
53.583202512154614
49.34304980397321
46.03578413000542
51.15841871699858
55.35468123031234
56.13739952231322
53.83226428416005
48.484470133688006
41.87562299458512
52.66349012153614
62.622448296787326
67.93886762180402
69.7485994310262
69.24890841431004
67.42379840628797
65.03965835180114
62.89185776747913
60.15395103774274
55.53737198829023
50.702209060599145
46.92461985517818
46.95920704358721
51.02685910196884
52.32715244559579
51.746414985878445
51.30121509337919
51.931455173514884
51.02986739808611
49.697430423574964
59.20229344657286
65.63239592565127
68.50680874464055
69.29285797684965
68.94775049421202
67.65334303771604
65.62890115618563
63.37946945017255
61.67733947650272
58.87837195959549
52.3975249249864
44.63688226092196
53.933405283713284
60.24229412470018
62.21381788133669
60.488209989845004
55.91377145551392
51.07732466331655
50.85043858688613
59.272293005528844
64.87193616126751
66.93223800629686
66.29623533391248
63.81601459556241
60.137501940762675
54.670788431480304
46.178264198484406
36.40383561868948
33.78188477225305
33.93503014277205
34.49674257173717
35.858678120166495
36.43050095381051
35.67475267059634
35.124152690896565
34.89481564533838
34.302428817792034
33.970710908903186
38.44960867144725
52.36154302312903
61.738331896919576
66.7458675252678
68.49379109294523
67.66012898274937
64.35894968775911
58.792418032901175
56.35703374843914
57.020207228259075
55.82406102140026
52.753266507405066
47.84834426544264
47.62551573301135
53.48434467660831
55.90682436405093
54.736099939047534
50.41669251440684
43.04720898417308
41.63597252316145
56.07641624519195
65.46015876214894
70.06038507329083
70.95154472872436
69.26917791898437
66.64535955809359
64.5288430965908
62.5611770763186
59.680210813771346
55.10777720706149
50.39000454894989
47.07866691576289
47.24627590023063
48.83823473703708
49.174349052065594
49.85151158010224
50.27848242227377
51.696863735387126
52.12340322393298
48.6899369271707
48.9535862046247
57.95828416080465
63.018924435752936
64.96515896206472
65.04637042919961
64.42221632063158
63.31636995164089
60.97598112079794
57.986607345500474
54.65613374391758
49.8100433664093
42.30243530116637
35.577983250808046
46.10127750594846
55.666527801920736
60.14541971996987
60.17172753271328
56.37458931791036
50.7070745797536
48.03697928515213
56.330049017311964
63.259715421496495
66.383006953559
66.8425662207333
65.28573277776083
61.54494693290257
55.07557556409545
45.50757980108713
35.98409974860921
33.61935457141715
34.30092258185213
35.860950216569854
37.17920460655249
37.59230346635527
37.160754052014575
36.59822712173519
35.84702997283016
34.72407993365603
42.3394054237111
55.82764244947164
64.89392865962186
69.84476114968433
71.44412604650364
70.20872776629888
66.22260572367838
59.560639443666695
54.602877214797026
53.61235565633954
51.879947294241255
49.12711586620677
50.67961981427449
53.91693857230496
53.85674096421848
50.0692913093158
45.253209709046686
56.22547377873339
64.32619895106234
67.88819461089035
68.44407439246174
67.80499808263696
66.98431467238605
65.26094625475496
61.20203085322447
55.39852410992764
56.37152185210273
59.13752274336843
58.50904276883303
55.297892072051546
55.378299248154676
55.23899018098342
53.40478824838086
61.70306481789418
67.67076143740911
69.98838572533902
69.95468799978052
68.54198709862214
65.77650236245161
60.725179677492925
52.17698816404487
51.795749019051414
57.88323528276052
59.44123902303288
57.05092410368057
52.29004984320519
55.25365861354292
63.30995241815259
67.62113556032057
68.69145508168921
67.04797532928043
62.95130999845826
56.32375883144748
46.541597854935006
36.354246160562035
36.203589388976376
36.84816631237521
36.53107933957302
35.58823532432166
34.655864364463106
34.45036957389012
45.1559308308983
59.1203384232363
67.94711010990964
72.7455857369209
74.16007788377368
72.29412672920643
66.95119167152974
59.20690408432371
54.93172665686271
51.31142449927858
48.78580657886814
50.80297692143925
50.54524429714511
46.213391980699654
51.442828530572775
61.55661757545731
67.12405198721635
69.31126466012042
69.24834756722181
67.8965833622351
66.37813663376753
64.74739691360827
61.457788330085734
55.71060498031089
49.9654790901631
47.0649229766937
47.978130199174814
50.04082057821585
50.72172562121003
52.37552771480729
54.42911127305496
53.363284088971106
56.7707317862382
64.62498618798352
68.38565287488956
69.04375996352704
68.04601439069087
66.13814420093254
62.852397017308085
57.23513263733042
50.97054159676549
56.896385572924814
62.27351631675249
63.6795998547781
61.37271736209818
55.22343092843041
55.18109116755974
62.754946103923956
66.04391585453976
65.49047273824621
61.520359603432155
54.30879070859576
43.85205092869515
36.60115236298884
38.93470536695662
41.347105376618615
42.36776614733628
42.05553293865592
40.551828652034246
38.45329739642902
36.152759678074176
38.24907899036781
52.72400043019929
62.66972302316393
68.0229938095764
70.32302092801635
70.78959507269366
69.89351665123706
67.26566071770235
62.95903396512231
58.7815617832398
55.376890688509654
54.604483552372045
58.386064570647136
59.634532899590596
57.426169692348054
52.70479734250241
60.60757736783073
68.90630443638815
73.14243728966525
74.49536211543843
73.75122875248086
71.06999135216073
66.50732436365863
60.57912954975748
54.900692150368684
52.34952749678895
53.730752326088464
54.33919843161894
53.75396214067774
56.3352585101467
58.45643972075741
56.76588582176202
59.82204295882069
66.94566539320209
70.13061603184399
70.72288137624965
70.38265766555733
68.72477386814443
64.25207563085345
56.88940343253556
61.14305362258159
65.9306660869902
66.49786073888127
63.25555202168317
56.79318971537553
56.38420130896218
65.43993368576042
70.65094678691403
72.30585430236766
71.18426964010794
67.67023708261174
61.90944307985778
53.84863106098908
43.163471332771906
36.06242947284356
37.69164527144872
38.90673701525924
38.65777666162905
38.011723857138435
36.763939224933196
35.30183143516889
34.99085206189952
42.66088629194866
57.576188969298315
67.01553356103942
71.97916945143285
73.60420345311094
72.59899589211317
69.18654801726268
63.47793254002507
57.06493657330482
52.42665387641455
48.45842005985489
49.95916868258611
53.028449762499115
52.6159043887514
50.58201498546542
60.559738992237854
68.8702226899811
73.0536579065643
74.20566617902311
73.39097285014674
71.5474756795722
69.11821124433808
65.32561364883287
59.21002981119082
53.6451950270152
53.87196829830637
55.10055709464504
54.393262352705406
52.95705350064425
52.51638758251849
51.27383270793575
53.66107358820294
63.33729740493724
68.82951716268252
70.72827351291679
70.43369331071054
68.9112690035327
65.62739613236198
59.08396876888567
48.90575900393172
52.1999605573596
56.550664697132795
56.84384593925992
54.72940376270166
53.388269293459835
61.66068013253417
68.55040593351396
71.31644394974798
70.62705270617987
67.0637498341323
61.075755364186506
52.77117609252956
42.22297613654262
34.87378477979553
34.965512021612085
36.25163259198322
36.98572824966465
37.21579183985918
37.05017335176418
36.27382388538828
35.62478324526631
34.83233974085841
35.55281277631797
47.608370607962954
59.70759563082545
67.09632749690478
70.32399434986414
69.7912506757365
65.5024509187597
58.68758779794419
55.796129212021455
52.79533855617888
49.57170073213362
54.126478718478374
56.89931202081971
55.805059251604604
51.32331291131937
48.942576935309994
60.83652365426242
68.74346449134268
72.54841162628975
73.38881204048643
72.34906490519333
70.43795916471677
68.30648130023792
65.16114394404028
59.551584853393855
53.64448658609782
53.27654127813908
53.683461975189275
52.923556933174595
53.1699401983737
54.46414605195494
53.93393084795626
61.140064862674976
68.53278922075393
71.71840449103621
71.94185446169254
70.64507919213206
68.34537994262047
64.0090914958586
56.17966021738371
55.018811615080445
61.74922377969405
64.06876080262637
62.412307950605815
57.563728929376836
54.05470255692336
60.5905840955554
65.63751677565939
67.1801373026228
66.10822539628923
62.71574542769601
56.684265777651134
47.73012071534542
37.434502717404996
34.05296844242066
33.38649370142993
32.79320584314788
32.94622450273898
33.516260771856395
33.71119439419465
33.698719457103415
33.805012830661205
33.72091752701512
33.81073387629469
34.06565517960797
33.86568440458579
33.712135556206064
34.69233328323596
35.7969281950649
36.002025531136105
