File type = "ooTextFile"
Object class = "Intensity 2"

0
141.70557823129252
4421
0.032
0.13278911564625595
1
1
1
1
1
41.30170256806803
41.446045939074246
40.82950338081852
40.71991189096198
41.12693170082572
41.348286746709455
42.12745424366376
42.87467139675335
42.80826376526717
41.21387031212441
39.06677823734254
38.12068632489374
36.966519224906044
36.272578741430024
36.32486361221634
36.73337228627078
37.05123989439003
38.92401421929362
42.30643668381536
43.666568406460385
44.07131882644869
46.78543154687468
52.393198102795
58.558899549881424
61.0891040075763
60.01884752377332
57.7228283055163
56.10652342801703
53.378959452791264
48.88927403526321
44.45482054414672
41.84281919022672
39.81581464249521
38.15517116287365
37.71163207220832
39.351693307238136
44.560526896519974
54.06609078029567
62.3044224419263
66.15722318852129
65.96820349632526
62.96766895098045
64.52544300456574
68.93513768535509
70.8560736695903
70.32528652072632
68.1578721596304
65.8166517283143
61.60013335823596
53.3471114077598
46.31513813727199
44.74920116539269
41.824534888761846
41.83653294584013
46.869562312121076
48.18676003804428
44.63143237318476
38.31617773169937
37.530802727590846
38.27886359137311
37.681732308664955
36.66706197286118
36.166951993016085
36.17535801427272
36.18263015228041
35.70163781073154
35.428808788172766
35.54781872272939
35.609727878004634
35.82208792384255
36.329179014035745
36.20684257394524
35.87093389624959
36.58964004381421
37.68728510181833
38.235851977344225
38.36515263343984
38.07190353394431
37.62806738771532
37.80538122904658
42.24173200476404
50.39410263225083
54.47100970923857
54.00327075252832
49.727768453961865
43.72353227493952
40.0652019904824
39.059155333298364
38.93456118935008
39.10732110214867
38.55825193851063
38.06825561071679
38.2237221583193
38.405536596324175
38.49006122279416
38.39973579016447
38.13786811199437
37.97578073003221
37.89801694205528
38.18811920080121
38.72459624802961
39.20549023314946
39.10910562918748
38.48701697784899
37.764610348186274
37.85912170632267
38.47599573693888
38.624877013711945
38.34138417120015
38.15905982012754
38.293289672390245
38.54332891808585
38.56276322974314
38.65958500133245
38.87309718003064
40.647704035002256
46.69531499462507
50.69913242270236
51.43710083045307
50.65725534504346
49.86681377342012
47.39989916156874
43.04655782104269
40.855297119895624
40.79830187477632
41.19792368006852
41.73713325981606
41.93655103590217
41.69217109946966
41.02433068316916
40.56745640048439
40.93399893110413
40.918175323315104
39.983052476391805
38.8922825067508
38.5983494712533
39.04686269858576
40.35125325555072
41.71093120464566
41.58951169742004
40.40146926988535
39.512615809238135
41.078001323791156
51.29772576786876
59.40176911932333
62.49602847697456
60.95232488877688
55.27801184183296
47.499328111616485
41.7318595902824
39.49506414728372
38.638540936980654
38.16390862279754
38.08617788714879
38.566376829403126
39.31033850559346
39.548064589813066
39.70478055194982
40.03158773836533
39.60199202714012
42.17896236693495
58.654225658882126
70.65511858536176
77.75497252278146
81.0452657534924
81.38412258866603
79.51917569645364
75.69753770095241
71.1542677168948
69.53283516049011
67.58713655783305
63.271007224231155
57.9345818796299
57.8063717359659
60.13998160303708
59.73577691576294
56.206883904099655
62.8602571444004
72.37987322142772
77.210332625194
78.57280465257898
77.91152960315044
76.31781671160445
73.80835271632158
69.80902926807421
63.64909373208615
58.49515923212142
60.362931900290555
60.956296159025456
58.906666959404106
57.56217072505234
61.04862060988292
61.8260997887817
58.16432271594918
61.646414561476846
69.84885311275826
73.96157143971144
75.20708127412792
74.93229244253682
74.50044284860665
73.54153783608743
70.17271731146379
63.12455796067138
60.34395830307713
71.5025190937831
77.5009781576157
79.15137443020336
77.46811050076387
73.37773551327376
66.8765517970785
61.951576349163176
68.72627400605397
72.65854015182293
73.05538034451969
70.79136216251516
66.71805923096177
61.139773650566774
54.27487265537949
46.984792571448146
41.53247960839802
40.11214345049274
40.08165546142201
40.09208043763594
42.093505069528874
58.438815209900625
70.57692461085979
77.33718354249132
79.9140612272115
79.31947068875135
76.78998516522373
72.67578682146663
66.56679866323
64.73976248971188
65.31578339875482
63.5142495587242
59.59718956210976
54.34794842574243
53.83677240457562
56.299529937567414
56.755875147066234
54.720230917952755
49.53311940038205
47.885769614254166
61.287127253226586
70.67204924120607
75.78426712011304
77.81345759772941
78.08556232138861
77.37037747448369
75.5775893003956
72.19301361053189
66.60830400569563
58.56522430005021
55.78915874736428
60.46290695109401
62.611385553986885
61.368091687058985
58.2508098356777
59.56283979534064
61.68643618826688
59.7113813357161
62.224802862004545
70.87280638728144
75.02320289472577
75.64219113762336
74.26193667692508
72.52540487809833
70.80694497925654
67.54822140355795
61.10322669991146
52.882153794172886
64.52165783784241
72.651317363457
75.91452881497806
75.67685894357831
73.23059474851245
68.625832075903
61.560964072963735
65.16118773340548
70.99192653566128
73.04329872623995
72.07560397948983
69.15277204568858
64.89451269635963
58.649961182349244
51.11588509889329
45.509279733765794
41.17370400291735
38.82252948404911
38.14725494081583
38.44921593023906
49.108284551829875
63.04438007938232
71.94565606283558
77.14944903867516
79.33264649289751
78.92444996394235
76.16408321903676
70.60038775631799
64.4311823546924
64.89484015213061
63.503075294840244
58.83394916807832
53.622655461864426
53.98230223090002
55.39768085675908
54.91753264831316
52.72219018122627
48.323760502878876
48.652553124773505
63.615458849361175
72.72596958410124
77.1563351659094
78.29798228676185
77.36529533842554
75.79162321879927
74.48547225060212
71.98243627077797
66.97756135106425
60.401144840274995
59.85812412199954
60.81588899659759
58.57781623057839
57.249363226238394
61.244286610578776
62.6478632699616
59.664787501703806
59.03438497401783
69.25112370612808
74.90285364783374
76.721207548738
76.09132055097875
74.50918844190561
72.88663310745133
70.29139663835532
65.19373179819796
56.487639833386815
53.267054114690225
65.44552712316113
72.12298460280832
74.4137353177758
73.81126766119758
71.33165829839827
66.1761171446375
59.37164255183607
64.81808608636649
69.65647416231646
71.14490578317731
70.56800143050835
69.14034067591115
66.14535279143911
60.21735301645437
51.09172070826646
41.98414598541261
38.64075198216122
38.02968737023881
37.776780751426585
38.00067386293209
38.3612228326733
50.17422637568843
65.07423907226053
73.98632125335958
78.38082978679344
79.40846711351523
78.38556909930699
76.04760901387203
71.41679360772832
65.17284231643956
64.77672759453287
64.1400765684572
60.73402274756574
55.69945572750793
54.01451948944981
57.00003805491005
57.88217449035394
55.95063827210098
50.95637278991717
43.381298865120016
52.76099308228309
64.27650127881701
70.98428355857386
74.03566599928192
74.37407189973357
73.31006245810572
71.90089058745168
69.62566305858645
65.46703584998687
59.14141422722125
55.22841693809828
55.58056089253164
54.970598371038136
52.91246690804219
52.42670533517811
55.4062340199464
56.251603096619064
52.85065165872829
49.95321982862535
61.658587106692224
69.17363869923902
72.25016594091383
72.12725515660583
71.1089330137238
70.80568367696674
69.36052671536058
65.11151857036228
57.10024334157165
46.82183230719036
59.0388696175613
68.69886188958715
73.24150195256394
73.98785677437371
72.14433033560925
68.13414973830265
61.288600761310875
58.930267999745595
67.10522353169509
71.50140564242528
72.53361372972404
71.2848026440121
68.12970766766915
62.3928314687827
52.97777326064186
43.26765524024863
45.217906938243345
46.98430327706408
48.11976327639456
49.41246834519003
50.3492102713343
50.41946167495317
49.05517959460149
46.877731984225726
44.95184469913191
42.86035293418156
40.49628342020165
43.18623980669378
52.99879773162636
63.272777051018274
70.77102749551037
75.3853515189161
77.44117973550968
76.75760656585881
72.72601652461387
65.67777619254484
65.64962940427752
66.68908181158427
64.34720780880996
59.79461191620707
54.90920628184416
54.28759415590718
56.71036868018925
56.98234694321806
54.19503677721697
47.71946726061708
43.13475910537417
56.02268312437751
65.92176991615817
71.59000543696385
74.01953970909048
74.07449439966771
72.74179265225907
70.71931244314062
67.51749556364791
62.39471225464564
54.89741825820508
45.92809111464796
41.38197607769284
41.03756443395157
46.36414444002309
53.8796739890541
57.13898280721304
56.84672057884573
57.50786096461855
59.819859962103116
59.31700803868318
54.7006501384612
56.307848912597535
66.07555645640903
71.20014000906711
72.60845508848591
71.62244615475169
69.94981211812747
68.20435217299347
64.89917771115432
58.48097143784544
48.912839200542074
57.20794477990096
68.80428893471418
74.71093021178281
76.25497707770144
74.44768064818348
70.0892862799348
63.10060795701568
59.345881609428474
66.68728765278401
70.80253878835974
71.66384344002634
70.21743250818501
66.80302301007365
60.99574286303433
52.32369762214813
43.05713805686503
38.8924647342756
37.65349349084011
37.519724878602915
37.68808638498101
37.86334469163216
37.95119065731433
38.25148366842424
44.199047274718446
59.610455232495525
69.796519040298
75.08874396445522
76.6856840486468
75.99986642721171
74.1922098321827
70.64626470773321
65.65861827492701
65.1852985253343
65.12366095290837
62.981051661887165
59.086789771193
53.747777167497205
53.150474755809114
56.59686955579847
57.86680727112496
56.98243366859094
53.59619024227379
46.85586873436083
42.281210849269954
54.04195327012146
65.00715389061462
71.8160063854234
74.88480889742931
75.17014264470113
74.22945181006512
73.16662076307408
71.47714094257762
68.2737530121374
62.60691524752048
53.51643665589706
42.74267055566007
40.660214876278964
48.533346456172055
57.25094763866797
61.68699887105688
61.96701729699988
60.087173871229176
61.717815652233455
62.79705456125261
59.79508650231387
55.605666023647515
66.10860032833598
73.0610363734424
75.76688191088448
75.63766217042942
74.43577356616439
73.59772244232022
72.80569261622145
70.18443187624862
63.98454073492389
54.21870608737402
63.53667085630238
72.36421328699402
76.83351689248633
77.85999222822576
76.00109083304088
71.42514575524207
63.800916794973176
61.82169105398551
68.4087079270916
71.48577142897004
71.87971747493256
70.72288702951856
67.94856886092606
62.392192155231044
52.93500335741144
41.662040536019624
41.18466483164049
46.83538220027071
51.238952584285784
52.97039126165869
52.46053242778366
50.5460218235432
48.26399274025236
45.59218558740591
42.220687106053035
42.97632982756521
55.424435493497455
66.88494744887726
74.64489478338778
78.74598244080312
79.64247772185098
77.52648399979154
72.26361627631677
66.10027344241088
64.89368176784774
62.77378184540089
57.73332713037861
52.28716425718423
52.39228642452978
52.42428577345483
49.98462914017149
45.269268580806504
49.669120037787934
64.68621425594573
73.34581863556424
77.37041695936165
78.24471106747805
77.25784603382819
74.83823513165233
70.68530136999713
64.96138920853514
61.91709805546965
61.09682312404778
57.881301567759394
56.94840033838054
59.24459326075311
58.115645199538776
54.314955075196146
63.64084669746539
71.28074260658894
74.66350251428662
75.44659109666917
75.42715828493284
74.44831453473809
71.049209976703
65.21369120769818
70.17778381872333
76.01906848961897
78.11247125462566
76.96057303045242
72.64745792454367
65.4522668492608
66.8162983201824
71.73947185898474
73.16895858587459
71.75402892622944
68.34846669196415
63.06915512347817
54.92113659250951
44.60618879588296
39.517557599509026
38.73775275297262
49.949498607053414
63.111248557562824
71.35369875713482
75.84920269064342
77.33055689915028
76.00002954144438
71.48213306043033
64.24915268717834
62.63301153671877
61.90927656880461
57.60330617911819
52.862386722226624
54.218772258327135
55.395463056282274
53.92132792734317
49.08987762989864
50.62280986110744
63.06012707176439
70.42241292250841
73.88439188831198
74.66622756695432
73.48820340236576
70.70148589678787
66.48358085551917
60.8743015888206
58.38490070107347
62.50760990781743
63.97580699861234
60.95473960612011
58.69327869158553
68.07198694420637
73.35730722631341
74.76370207925837
73.87514847610512
72.6654193166869
71.00304288183648
66.8509657625873
65.29107502987758
71.27392316363998
73.82773919903866
72.63719493175401
68.0276347992716
60.58918033408959
62.237762373607445
68.27630718528349
70.56398342079493
69.73705110270143
66.4744495379461
60.7899781866941
52.40776160525736
44.02229935748332
39.42308523780115
38.07083245350005
47.81984511186235
60.33723609787704
68.53373212275302
72.78672080394544
73.94198694206365
72.6191198990522
68.47633078047868
61.73219381875682
59.87486422800691
59.62599957935954
56.44946820574803
50.931785968826176
48.33193828503795
49.443566149996286
49.797257234491816
47.23180400480722
42.4672617078607
52.883995236182464
64.57341520166503
70.78539605725332
73.05181740965841
72.75853576225238
71.12073158527464
68.50189163034233
64.19110766214287
58.33843269715071
54.354346562817184
52.7249124687937
62.7984171377996
70.41889974066096
73.51938759965839
73.76142799243054
73.32267078445285
72.48890461098438
69.70340016042594
63.67815149126096
54.78585277382252
61.86934375361779
69.32397473319472
71.74700243534736
69.55860330470857
63.09190418847551
63.056807616595414
69.03538825172987
71.14248761054449
69.87778648506512
66.03539422227549
60.0790369343597
51.71838571883328
42.385895875847226
45.93553095884325
62.72765377808465
72.8874199964113
78.16775035275369
79.85473981694618
78.58779559490004
74.28962312965123
66.59775125448925
60.35905507896353
59.73202967597995
56.80308752540121
51.34463981949888
51.56567393810549
54.99434779405515
55.48247510880777
52.5539434145902
47.18998406923049
58.42133089204091
68.72234562909581
73.99088515072393
75.60422515133284
74.84724269155636
72.6521043792417
68.98697603922565
63.43044559769139
59.81968625311026
63.395125331467625
64.26869202682437
60.584408082996575
51.705314552934055
41.38413379969511
42.095066812435476
42.196084913825516
40.117409983474104
40.355272238304316
45.51948122884962
60.38945360798376
70.28888894375689
75.192975721864
76.47355696042916
75.72294050670651
74.54133021866801
72.6203142235966
68.2103980635334
60.96762491902641
67.86560881782583
74.87404102121018
77.54956820761203
76.90271818608012
73.40973878845259
66.89285356928988
66.98639567004983
72.98467741655817
75.4720940589666
75.29302203730748
72.8710449268286
67.47509065635082
57.96273859892093
45.365776460562756
45.37655589893553
49.16548734810479
50.75877523134779
49.658434186243305
46.62537356200219
43.13521850562637
41.79077958660137
52.98270664739809
65.47025993309904
73.63251919269105
77.5281559995731
77.61420490749845
74.05743016029554
66.77649305031407
61.10958510784924
61.44851530979931
59.38741318602827
55.865694681108344
54.723256260905615
55.82785814356466
54.46491586385778
49.46150971251133
42.213595774169164
49.14739129592008
61.47053954236037
68.75437562655806
72.20438151817372
73.10747528550375
72.25796348954061
70.03432249041107
66.5555994328879
61.55149868810197
61.72568872034982
64.11972684067169
62.087257603760065
63.344422751419806
71.88246152560664
76.46478587890424
78.02525712273308
78.05096526167196
77.34120260943246
75.25436868092683
70.5696115513665
62.80519665930633
67.20922531914927
74.24615496799753
77.11488007977823
76.54101869281857
72.69512298273415
65.536653016087
66.13004806597832
72.43484860412619
74.99230119753909
74.3673180131571
70.97067600794745
64.67634185511032
55.114733611321284
44.383780832540474
39.76667503133147
44.82490780372893
60.5817670679793
71.38641302515205
77.50370245495506
79.84299136654484
78.90367079320032
74.82504796519896
67.87619369949415
62.991496587515655
60.94802477092823
57.014146036531734
52.793596903600466
53.2061089598793
56.13760712716342
56.254727854617
53.049436734341164
47.01786051043369
56.20125265394478
67.41664894763295
73.32437431768982
75.24966685205277
74.44470608598812
72.46741004823659
70.21773726138869
67.09974756597488
62.468550167913236
60.384869582046655
60.849724215532454
57.475226181570136
60.13959801421895
70.335774502194
75.59780091068028
77.08990688010499
76.29317829414984
74.60442346213935
72.14525938632272
67.85691186760684
60.17604628592443
57.799286099462606
68.40962463077239
74.38258278410525
76.54716258133354
75.30542857982957
70.56278050107208
63.29937291787264
67.66251596150461
72.78693883634142
74.47719351802627
73.47326495785302
69.85691186145866
62.944737219934545
51.86570382841424
46.12744752098916
49.056290123977924
50.478303268286666
50.245104064008856
49.79558244420018
49.01127435131605
48.02086134692153
47.691499925211325
46.79530226678763
44.44138292138688
40.98369013401815
39.04864967421129
48.80946542923644
62.27835874450392
72.09588212299275
77.71575795743885
79.6445420548388
78.29068936023697
73.5883501034341
66.6849069416528
65.03255495711991
63.83351420594317
59.89717283635591
55.587880956399125
56.04340876869891
56.01488723658576
52.92513835122908
50.822518540397795
61.699658985995534
68.94518548227994
72.36994073729352
73.33381345391013
72.87330548157574
70.9613530998185
66.86646672480019
62.23625097728102
63.97877458259289
64.11086094057522
59.72164757540571
62.269585060595446
70.50810525248107
74.40422422627273
75.21414771514122
74.47015709191848
72.62402378134811
68.66677358055473
61.45573514978662
62.197106920153445
71.29278746500596
75.66651259058205
75.91341635471747
72.25876225867654
64.93154509481488
66.37784065445146
72.32834216747001
74.37581753059293
73.20083569305508
69.59933013057265
63.949099247951125
55.75974633890104
45.59036141841793
39.953120884342916
38.46354273150887
39.46092807435556
53.11754135437815
64.76230152401608
71.56158041947397
74.57242504625559
74.40533349904095
71.2877639626517
65.21907318270449
60.43522274946647
59.917732074353296
57.021414124354706
51.54834651230483
51.47276933471079
54.45763381634241
53.7929161287428
49.71506168240525
45.53899469794236
58.8229398434834
68.46062619880345
73.10881772556287
74.40293073827748
73.97941190553159
72.35744330643675
68.90129910984302
63.88911483832676
63.13348577370476
63.81406779566244
60.43781260860758
62.8501184813632
71.01653152900175
74.94447798686886
75.91623014760475
75.68295736920537
74.88810297015513
72.35756937894931
66.62868908729068
56.66756886249524
59.42453644711024
69.44203850231736
74.08642595150396
74.38791569457477
70.9102458314373
64.20821806282773
64.89238251943321
70.16385608375447
72.06869915424657
71.5771490578623
69.14731727369272
63.93657502886504
54.81306501417908
44.38879482593108
45.38889129227012
48.02850860587907
49.33412325595992
49.473885792714796
49.298755146001305
49.17894452296306
48.6261715294129
47.1180592628673
45.14974149194228
43.034191681065494
40.42035748549076
38.52759846793632
38.27388782673408
41.851943754762445
54.98649363780207
65.52102887646859
71.4898961487839
73.8884067871541
73.89366266744801
72.61955632769215
69.85490743335129
65.62594589490816
65.00124127316292
65.50416291905701
63.55620693392008
59.77751118508836
54.79787666586646
48.80698890908388
49.923074671092095
54.975299013273144
56.81284864229025
55.196324655430764
50.11707764666199
43.37560759593672
56.461344528823325
67.77368624230111
73.65258845478482
75.6322318616962
75.21851024377502
74.05548636955209
73.03301539707488
71.72566915042154
69.29891948007933
65.08895838644631
58.73492845418654
51.46017052472541
49.649079456243506
56.229918939628895
60.82563708977026
61.745642004454446
60.19624359732778
61.52599104140117
63.26669144740559
60.92181630722227
56.633199660870716
64.98978633704385
70.83891568762749
72.86206326044857
72.52507294296629
71.31226593279516
69.99974274162112
68.24924495917284
64.90782434689487
58.78884988135289
55.35795092823826
66.29588799520833
72.78390501959004
75.15458748432388
74.27625270567728
70.53737692802119
63.90428819960842
63.17227502036915
68.6114392853804
70.75731547855442
70.17308516112188
67.8883883215088
64.04757162373343
57.59713557279399
49.21853083335406
42.8541793139607
38.610689879788865
37.70690751361116
37.555638806322214
37.30505522143545
37.484447874071975
37.77889319625005
38.9440364965605
49.12565633246647
61.05436416558638
67.77676000908402
70.29912784210958
69.80232267083092
67.45233704139022
63.75912679004003
60.31208454218994
60.1585666228946
59.42622076572631
56.224137885204996
51.48852556139207
54.610026824029234
58.765821488563894
59.66621871655606
57.72953518352991
52.88023485406729
44.748515333556696
47.7818396289656
61.45332736518067
68.94746521352622
71.87416266744341
71.81363442795013
70.42993660132682
68.74461235851217
67.2120456557916
65.44463379418102
62.23086981344587
56.4276151600113
47.77357855194498
41.72351450801723
48.42689442315104
54.61703736938432
56.83905667073616
58.463633789540246
63.73972924661609
66.36212103219042
64.56997035818434
61.356363537590475
68.73641677315143
73.79630781737903
75.48964433016769
75.26462035876394
74.1680764796208
71.9866162444139
68.22591224638906
62.57427791018016
54.655495777101294
51.49450575024717
58.72755372266983
62.33723949810682
61.48032296585881
56.414497754762266
52.208658565487475
64.5018251965752
72.24507174232767
75.37639213008166
74.89125028741381
71.65503877299494
65.98360236063962
58.51308552711535
62.643198537241894
67.41468304096938
68.42200984402925
66.29128754251872
62.58931589773782
58.68186916770227
52.98755440014833
44.99948733867864
41.38366194398344
42.64821325199664
44.028752736600545
44.55231046589403
43.90533187936902
42.16404600511125
40.245206653358956
39.70881082282551
40.0036805082991
45.786378019170215
55.28249190344518
63.34607381921448
68.39430938713385
70.61526362131676
70.17348344547841
66.47181734297644
61.146061231741946
62.079917687477234
62.29776502881766
59.67659042596013
55.22068164600161
51.563208313987474
53.353900999712664
55.65896803062843
55.61086349720977
52.45434501927143
45.908010052315234
51.516772913023665
63.2295750868053
69.7202464903594
72.37532313217047
72.76041989318614
72.10368962580185
70.8939859346826
69.4368514826437
67.47405205830506
64.18370947954429
59.19701670535942
54.904315835597394
54.44732131771375
55.48187385152228
55.11522449409222
57.69534064721035
61.622590576661736
62.249279533724426
58.904577252754216
53.48789696105881
63.215779188692906
70.41746787153565
73.2418063549751
73.1976751864693
72.07243553112204
70.60688511582383
67.94534399931834
63.163506323334744
56.205319238854024
53.22852760008071
54.35013009293998
55.652544496874
54.86107656066964
50.112379746069266
47.664241860196235
60.55650678417467
69.56702167689157
73.93675841143042
74.86436316373012
73.11622267752334
68.6303070850124
61.76561812361135
65.50318107199888
70.85710735523998
72.85826722094762
72.33483318196
69.9463802591991
66.4329602088482
61.944392525778795
55.096511725527094
45.14065656282429
39.03075727976518
38.454662455986195
37.954476032386246
37.853124234376615
38.29750864436069
38.71573255504067
40.830614305056265
53.61531545484081
63.46223723320405
68.55985346724889
70.37685608823634
70.32853361416616
69.14989895990613
66.23802746430742
61.631145927704274
61.739520701160004
62.876816332997116
61.135360164865816
56.77453790279381
52.30634053446752
54.973247416962714
57.4609758671598
57.18366527618719
54.871121391287105
50.17562894948868
43.77501449534034
56.43396602182209
67.27748710654004
72.78867496166784
74.35416617621364
73.48206699118377
71.93331751088113
70.1303607752634
67.21926011808493
62.47192862181798
56.56506009759582
57.30077889983
60.551908937573714
60.942114814220155
58.224046214428775
56.75624699291865
61.20091246652292
62.78083569059996
60.061083657168055
60.212291931150475
67.83099965075371
71.66748478112694
72.26867232506362
71.0390481546374
69.46308442971537
67.84494216758164
64.88260518808377
59.40322605846119
53.96093968892151
59.605902145451225
63.246299805404426
62.37470958067316
56.63770011118828
45.71943893198609
39.87456461916584
42.74098492380995
55.509631693535546
67.1808877361862
73.1595684736339
74.76489348031518
73.03020617632919
68.76132267188142
61.92286005098655
59.07987218780194
66.76441304304939
70.71378930231823
71.19839677225558
69.37257212896272
66.96871840057514
64.16188900932418
58.85389863527188
49.66115009087531
40.12180035950347
39.72245483567047
41.768114705312314
43.52439710856902
45.10968929748238
46.17331408364758
46.65227255101229
46.670138229877914
46.09851215739085
45.17987258683494
43.450117674187666
41.047822138515315
38.70268085037211
40.22290206545405
51.35418131067942
62.32239736449911
69.75056201362344
73.62357980020882
74.34189829615258
72.3808932592383
67.90509290275922
62.68245911740097
62.10285124578165
61.15168083827552
57.729914304528336
52.48594902983701
48.90298213579121
54.4025129428406
58.58796604699907
59.30969531624778
56.833412425508
51.20342251576284
43.432348588746315
47.86949563412803
60.67760592385926
68.06292575853178
70.93342768484132
70.629969489296
69.20236572611327
68.33325807924186
66.96130626440504
64.02960099903078
59.539756622727815
55.43628406026181
56.84633713386277
58.65383478780478
57.9647194249649
55.884084776497865
57.72646153744308
60.17113179049761
58.73209534431691
55.87492491720966
64.8641833137753
70.90488832135097
73.22796346062512
73.61084019272067
73.10557455275651
71.39724599424925
68.07245697766811
63.26754282039034
59.880800140733626
59.589981839661846
56.80704665747953
49.50102269592463
47.762070475431216
61.535308047919244
69.85430103388016
73.32125026320927
73.03078611090237
69.84439113416605
63.914220849699596
56.303437992915974
61.627930861122564
67.46310402224576
69.81364740104749
69.60859656213565
67.13868134370408
61.92211007526781
53.42772253560604
45.546139919789766
42.19234053033658
39.01569099159495
38.23871644473317
38.43143222773872
38.19993750345776
38.00453933580371
37.79619297762549
37.1572136174904
36.62477218969883
37.37142787142923
38.81696715536839
39.63771448611296
39.84829655304253
39.38285542519802
38.71040234484468
40.97894488664048
46.20606836646292
48.19912582640923
45.924084542857656
42.00399099707724
46.9373599191521
58.726460102395926
67.49159999787786
71.78046925524967
72.07016076012984
69.10960533331505
64.35384453922565
60.17351230883374
58.85640216003134
57.62621878969745
54.99808317883723
52.08470094909587
51.93932279005934
53.445835411175636
53.010588544066906
50.42237919332355
45.81375368295495
47.23510299672563
58.19927370536818
66.97253745276375
72.09763607755262
74.14597451942906
74.45701840941878
73.80712470195586
71.91284043039624
68.1908389311281
62.33057977045738
54.16375798928922
45.26237670137882
48.35889440912488
52.48846010837502
53.194175501307996
52.65065679532413
56.94958815950419
60.725113024424374
60.32231403013746
55.49460479730422
58.81131043556468
67.22823297405809
71.28038599300047
72.13399597860655
71.34498351266804
69.79374923143608
66.64088335167531
61.42970755357504
61.2878474187885
65.18878651586407
65.44422783393077
61.29671804713186
53.271054895979006
63.177461977374605
72.55004179575074
76.67074880337927
76.52109116251853
72.8394104694086
66.33497763026726
57.6338667104276
59.33733022679966
65.16569065455013
67.13775850444954
66.45343510437795
65.01960056310358
62.42782176528745
56.48994955602048
47.0709637986768
47.287769601308014
50.76244686297089
51.49560684135221
51.19428028735727
50.6802707821079
48.07558221172865
43.08775698026616
41.71197186741996
52.43578733025866
61.7898787539255
68.74929151860899
72.22559720385587
71.72165524621798
67.38340814159102
62.62956999934207
61.69806484054088
59.488927450407104
55.4911175751925
55.286182740290556
55.92867345920034
52.903850714765916
55.89008420197939
65.3404519553755
70.83150804216486
73.35452355378594
73.94200170438398
72.81348772537653
69.46160165234917
63.73624422129629
61.884054254291236
62.993199275492316
61.097803547844634
65.6739820001051
70.86860635312932
73.0931165309583
74.26600045993538
74.40897166896497
71.96518317193369
66.09782895891796
66.70762394842237
71.1364102853744
71.24124438918088
67.02888021092215
62.0415220117837
67.15490635322934
70.11172297532345
69.44344784409358
65.64979915069694
58.887161192875425
49.558149787076644
44.62012180661964
55.44885945162703
64.89569562160989
70.1272714492755
71.71054978977668
70.10926043077761
65.85493599225246
60.69326308183406
56.20707673412199
51.23770852245236
49.719717221499394
49.51074512656692
48.32451616252672
56.719533722517326
65.67508955418268
70.4878546259242
72.2140921136046
72.44249141885676
71.4349203762619
68.52431263215416
64.14513439017927
62.80249307534888
63.10746217610216
60.74946992050759
65.40863107429877
71.0074529838689
73.57985996189271
74.36755899867525
73.83750760199294
70.9963793236909
64.98790714230816
64.74997438040323
69.72991777663209
71.13500170181247
68.69800511321861
62.506899418961446
63.572774673071336
68.99645876230598
70.81420295076069
69.40129417006331
65.02149920272159
57.544140161928574
47.59873642501708
42.8400654393141
54.639633400827364
64.54541307615006
70.14389023702736
71.99761638581339
70.43032657251908
65.60496747370144
60.20854844024976
58.299201113092366
54.48914101822907
49.81285680552462
50.966643484004315
51.43954046344099
48.58855625860806
52.001738501522546
63.62184375414084
69.93923745904952
72.10527947808276
71.8300759214591
70.51861035364227
67.44197011240966
61.94603659368508
59.60959517351409
61.95106832806531
60.753113604661905
61.40303528901419
69.21629532470062
73.13425653682108
73.9342400116939
73.26415701374658
71.53856215728558
67.73515389801764
61.05131517989107
63.9515276836206
70.00544026110437
71.88513454996614
69.84564113725759
63.99736065205771
63.36863197275767
69.02144550442871
71.19746267390181
70.03274198600782
65.71929314134182
58.202907563118885
48.71209327197345
44.03426200088205
56.40592455577513
66.18095804720852
72.02776718787632
74.69229001034792
74.37623093605869
70.94598068593017
65.25938620617527
61.83164545536434
59.22062979525883
54.433722119603736
51.00860033267522
52.79582464291964
52.32359946020053
48.47321412660358
49.991069157650266
60.999630126852
67.52845106288534
70.18403756838849
71.05576530709641
71.4110812130311
70.20369123892408
66.76651882314019
61.64726481717359
59.09906192718925
57.40728797778171
61.08445426835385
69.24463521224595
73.23072593156762
74.12640110240615
73.60283908563596
72.29812181798582
68.84474718713307
62.02722250550081
64.18401065408452
70.89879671406085
73.56367410721744
72.54350246497691
67.84330465461933
61.8547900560274
67.24045832739539
71.36888799923811
72.064457861881
69.81535735272428
64.80652229417115
56.95423433604098
46.916556462570995
46.06862066949776
58.11150335897837
66.82168844395383
71.88652820457887
73.44567985935103
71.68399552600754
66.61151221761232
60.86336683294179
60.56930851120171
59.050510561767794
54.80472578594413
50.20656747296381
51.73406001334483
52.758762845151395
50.386437322471444
46.96534951302957
57.804091144343886
66.4302558223089
70.53054946609629
71.39066527639318
70.33711895447297
68.42925227367702
65.7325716739275
61.87413126379872
61.27498583905109
61.6606836329531
61.10463519050559
67.02395591639247
71.11856704256256
72.11201533436648
71.51265035027467
70.99648814668205
69.4591153552219
64.81326980656515
60.99043688696099
67.091599873188
70.12392370288869
69.1695531310375
64.37048560197907
57.178896344124475
61.24644279957269
65.98466052832629
66.8462187938769
64.49160359226885
59.757788567450724
53.386593724444104
45.62567899446477
39.55138218536423
43.716258686798426
56.10155460657375
64.1967687063622
67.46203328306157
66.05673489332675
60.204695980155336
59.46900035267315
66.46496961267935
69.90210318021428
69.26735217410042
64.8462538834662
59.32046980562212
60.0735765146134
59.84041325315964
56.450721662384
51.68326489585623
51.013912052573176
51.62006595981837
48.93126940755647
46.465177120689
58.44848441440544
67.07967549910194
71.36232917369384
72.4489755298982
71.33083213897172
68.46480140480013
65.03648005928291
64.37929007067558
64.97855432389328
63.01268015979901
57.099546953001166
59.918173433353736
68.76350262195244
73.01165973227953
74.1250613856581
73.47037846714648
71.19877507715125
66.70947789317474
65.2456088798037
70.05144882127381
71.55407282260248
69.09706808631862
62.80885390268185
60.27680962759832
66.14933426266614
68.98733694563023
68.50841938514861
64.69681343107139
57.116736668844354
47.07519507154777
48.585447065649056
51.37942546401412
52.27634514931836
51.619395839330366
49.81497304872463
48.001491486945234
46.10396032437559
44.06372189786608
43.05492952288312
42.73163111100509
48.72765654472579
54.823101032614986
62.34047231297045
68.47065560771621
71.37387654509386
70.86624493735143
66.90230116493127
61.5717305666604
62.60005208659983
62.87742740242027
60.255206417497156
55.65460158055042
51.13786886734796
50.85911006769099
51.991586078706156
52.004721643309296
50.12737877452763
45.184395227149366
50.73830012295031
62.556448244634325
68.97346851245173
71.52219891033825
71.68106355366174
70.03743897169605
66.6172837804217
62.491271551982734
58.26779162139583
54.35554144426564
57.877242581307044
60.795646523202215
59.51560298798828
54.9951976238837
62.026797456671865
68.70598660514048
71.26754210553662
71.3454868345174
70.73978689420213
69.74296536238134
66.84412748398995
60.89039618527152
62.115939459149786
68.40592794914461
70.72312541617924
69.24405470850887
64.05562537783504
60.979612399243656
67.94960248078836
71.53213592048877
71.74135089488071
69.36273522028293
64.3288960187638
55.77314448924856
44.64755728520985
39.45120321252324
38.23795354158787
42.96791397238838
55.932974485466936
64.84003080335663
69.43564208252653
70.70577640054056
69.21137397311018
65.03024781629092
59.70144339465083
59.05883375866675
57.66608600043418
52.953342266756366
50.42131929556141
52.86131505167767
52.367633702914745
48.18758389378077
47.98617961680076
58.715445004503295
65.49804368372055
68.80166970404031
69.80594082678687
68.90798722658337
66.67735631455446
64.03090457034699
61.10098620717061
59.32485485955575
58.75503404743817
55.93106541166865
57.68735525950055
66.99588475310162
72.04258530937217
73.6074165870677
73.40256362815647
73.13063582179443
71.79509823997252
67.5092757575786
60.035917299950526
63.96563429800116
69.17732376865065
70.47770697500333
68.35495557903295
62.953402777356196
55.97756456041573
61.61191615178407
67.21322982884149
68.9921381915467
67.46844248742421
62.808023546967746
54.833539580714934
44.37196063537384
39.72626859701863
40.53817080013076
41.469766792104544
41.140879930147996
40.1481759127082
39.01509120926569
37.99949073589352
44.42658869178091
59.27767936658675
69.91343038902171
76.22985789832049
78.65831560040984
77.50877858169672
72.89945509991888
64.76137049954062
58.340331272575305
58.09540515484191
55.473702517134704
50.825137615486625
51.26701471146235
53.50949674730738
52.0343880567805
47.06848240122746
50.95709271392211
59.11308070115018
63.62860374536549
65.57489570386403
66.08756176992843
65.56300348020224
63.792458900037516
61.36124498401897
60.62583635973959
59.327248414433896
54.56121815034544
58.03286047476114
66.85402659955867
70.92265545149998
71.30075771852665
69.39781643597763
67.16753166810204
65.41767383654886
62.307469049457744
55.791833301185235
54.76078915894223
64.58242481708973
69.57622584646177
70.642108274888
68.5179163804141
63.401624295960424
57.716255774881745
63.701949319030675
68.22861069193218
69.48066068376518
68.57710315510018
65.52088614897893
59.095294695845396
48.5326551408106
39.32718862281863
37.80563088451584
41.216966862402764
52.99241319449755
61.865211865717015
66.71211747761787
68.4483522411736
67.82050110913059
64.81623293959942
59.60774294625004
59.103860855114476
59.935914086482605
57.95655790077334
53.779343160300016
49.847824149541545
52.86146356129838
55.401293530569134
54.241345668936646
49.55263726472666
45.691671315506426
57.21337169411442
65.66893213688262
69.89355505086945
70.99196505736917
70.00404689960803
67.74704760564194
64.08559332817
60.931576268123315
62.13983305962181
61.359639960894825
56.1561546415465
56.13452884997305
64.42277485899811
68.29326617807072
68.57840201172222
67.34912888633063
66.82424867568332
65.49302146527491
61.160624252464906
52.717731443406336
54.32139453205836
63.577527240357114
67.52984360976816
67.14343986173945
63.050864960753856
56.54250334438174
61.44055874793829
67.65834770784839
69.99178218322064
69.19615754650002
65.65226931322908
58.934798639808584
48.29791522092836
40.95525322782133
43.021821467180274
44.78176871124904
44.83397165981708
44.4158241552589
44.71663829078243
44.400391288158175
42.68393675179926
40.47164279988397
38.888141502117676
43.654867655958924
58.37248637526098
69.22779730568276
75.41435638782002
77.93908245448696
77.2923249410905
73.33588349045301
66.43320581305757
62.3653918962379
60.54235850677646
55.8411739073751
50.640699369005745
50.77466700556996
49.50129950209214
45.790568963584306
52.47218243272151
61.71687895639705
66.5096859465252
67.76573117637796
66.41445174351648
64.05802513262988
61.46537486295369
57.1317973457718
52.73208104116796
54.99788437632609
55.4055273427506
52.9301456995844
61.86779189515916
68.88516815396592
71.57009296470295
71.49869043250214
70.66271150250987
69.7184245057404
67.12577354780213
61.32137380861022
55.72052863199535
63.35969849183769
67.81550224893215
68.16623034737904
64.8355355058388
58.553720498938816
61.12339505827103
66.78285442584276
68.5690341258096
67.31395150768948
63.652297051876864
57.609243406913336
48.55167232154439
39.421576899545826
37.21162819027805
37.07495033264597
37.42485811365337
37.84959782746496
48.0564173997317
60.45167401027075
67.57299460222806
70.42106756295222
69.96510153123067
66.9488250360057
62.71795339303398
60.05119493697603
57.80111683194008
53.94343207023276
52.569188330159264
54.53103684466522
53.88615333725204
49.81232310785755
45.60533223116348
56.37024236917004
64.2820554246652
67.93439407892306
68.25353990846614
66.2883518847911
63.77506944274064
61.46332638770387
58.10019762233462
56.3173125074904
60.70786786759672
62.6468800301045
60.56274571128503
62.81234978123954
68.73599638850473
71.26133449062492
71.42026273226233
70.59403491776001
68.98698013230047
65.64110350505067
60.93591842643341
64.15428077575419
67.8741067158328
67.77896594971253
64.05010637734992
56.84450260528727
54.3462079430584
61.07298173418617
64.44077534271119
64.8774993654288
62.648255543792104
57.19851195346888
48.30486127064776
40.89828108539133
40.760826698216555
43.94533310690417
46.27742930761287
46.622488894710244
45.57516334589593
43.74685401136149
41.93189926759625
41.048045434264075
40.47845149352388
39.90022782319864
39.39378000668625
38.98039046369995
38.14269528847972
37.47039008684831
37.45164475177432
37.77721628045251
43.78424531009506
54.83909470472318
62.17264762439005
66.23436375105997
67.99253288372745
68.39745311145072
68.13480654996096
65.97173823017278
61.12251245339334
58.91869027635656
59.45420858725061
57.99600382335531
54.76133992272608
50.442763309606605
46.586927576199166
46.44899899462498
48.31499772401064
49.83945697101699
48.79982320614168
44.52550493601416
44.55090903192868
59.129966177743604
67.93264256173737
71.76084456333787
72.3892363050742
71.84954658620326
70.89986417553573
69.80278301629778
68.36860181466888
65.76140383736674
61.67998231875225
56.19925684998253
49.57947108850206
46.036135071177
51.34787429003592
55.102252066502416
55.54114107853855
53.05993950648712
53.009497963754875
58.99078190845582
61.82581878542016
60.20401436260813
56.16773829075325
64.37626628798708
70.8312224280838
73.42274560615482
73.3868268499824
71.8662271090424
69.93893030749017
68.00868394056897
64.87573898626133
59.10438629862433
50.20012614556248
42.355194940225935
40.1613021868986
38.4993295480846
38.5213279559176
43.46481536040355
54.25349567428215
60.84421027084894
62.51061497929275
59.55721102217013
52.533861907570525
60.80544967891785
70.38768442928551
75.06757391009569
76.01514536579649
73.97857151771527
69.00720454077512
61.60935379628664
63.98636824694289
68.28872335578438
69.42856199911499
68.25708204897082
65.88288758854894
61.8585824093458
54.77597029656374
46.058441644942334
41.03227495052803
38.89558365190807
38.41914281530701
37.84819656139244
37.22902262282333
37.17511250444457
37.67283418715025
38.144732813744525
38.064641120951926
42.285234597442184
54.734663329258154
63.653601578209205
68.8646057190064
70.97817201173412
70.74135070449182
68.71011081388501
64.4115808076248
59.314742873444274
58.13677965842431
56.1902836417143
52.53650437310374
48.7977702617928
47.84368133339078
49.27732015164083
50.340225374627074
50.40332178576889
48.290805701216996
43.99364090174607
40.72476456561442
53.2607338406373
64.13156160293622
70.01791073472893
72.26500895127325
72.22461953684574
71.9065638695258
71.78719177791359
70.5867193032197
67.74475564908387
63.033415194530875
56.21384399525394
47.3897887392329
48.176701570879736
54.61065716783943
57.62297924793691
57.12394585381851
57.286724734422975
61.54617914534961
62.550130661466234
59.161159982315624
62.1666217934112
69.68775534802074
72.85569169014701
72.3186396876292
68.85788369781105
64.0519927078083
60.453202539962085
56.89479194819734
51.61136697976965
45.677834220813494
44.05632607208638
50.341776749361735
57.62062725273783
60.422220584649565
58.38347703474809
51.46795811043718
47.67115289414764
59.865999422074694
67.12519728832291
69.69969620365141
68.46761535920459
64.17771724684864
57.284181579380004
54.317632259684416
63.08556271358462
68.02707169235934
69.21809873086686
67.71176283185554
64.70780351647359
60.43759824043776
53.89794109590203
45.53838861130853
39.61601408937577
38.31491962816919
38.60344784304466
38.856387532730196
38.44238117532377
38.29723740246519
38.57454760254123
38.78329354591671
38.72230741639807
38.812495245233706
38.8759968705701
39.53548991651967
50.90419359066232
61.80798128498709
67.84332332387162
70.41925626944591
70.82261754435396
69.80653212909358
66.97688308895998
61.35450594627641
54.916999362330195
55.94072272424868
55.6220642479462
51.975807264737625
46.86581986475279
47.512168458768606
51.829983000275
53.6118954400946
52.03696766908378
47.6980505563788
41.863506022539525
47.109298677513266
59.25810399733676
66.26128935024391
69.26393729221772
69.68967372580048
69.00847009981067
68.03614171452442
67.00626333023732
65.68915538304495
62.76138659774332
57.47824460157286
50.61510746451833
49.272509077695055
53.428962983378234
55.04839928106513
53.36479980479908
52.19100373502066
56.95110363250176
59.12529292668726
56.93281093370409
50.87521146515813
58.72830674943366
67.07463156376034
70.79560898635124
71.11126332688498
69.3632056822682
66.98641452064837
64.34266219571526
60.43932349896187
53.94934519120774
45.32834015496092
43.38711509452948
50.48396314097464
55.789253589815964
56.40534824602714
52.20483517925735
44.11736918136523
54.5673429451244
66.51007851156744
72.77235235666275
74.86605574039469
73.85036030253599
70.26950620277717
63.743920453872
56.18647625914388
62.91530749644784
68.19378304165086
69.87602950011574
68.81913138784805
65.4960516850292
60.156525426317884
52.53901626613918
42.99597192534947
39.52329758886281
40.947495696946135
41.87851776843792
42.29649204657441
42.2966140181928
41.36357519377532
40.37429845423759
39.897355914185965
39.50157131437028
39.005755384443454
38.548262441284905
40.2480189897365
52.85968576801593
63.42503417269227
69.89234573890269
72.79371597016295
72.8011561005006
70.97221039263273
67.72726755881566
63.573100370858825
62.22563420245362
60.632636586761365
56.28386869801514
50.52066445915008
47.95939441917675
52.432915978345676
54.97787636356155
54.09259213107389
49.90064125412883
43.214528838759996
41.1288889854806
51.58610110884812
60.26093345933799
64.94464471421493
66.32820856275183
65.0841556349349
63.74758343716066
64.67711995783377
64.58422760359522
61.789442131233685
56.326077114143686
48.511009774015356
42.91825864390309
48.21080395137901
52.41995157407363
54.30718114335659
56.094002963570134
61.124573954942605
63.95367117727788
62.37792962565472
59.24102587490296
66.60629140603501
71.4650296727068
72.59113886472471
71.33828367740547
69.13784959036856
66.35200127301997
62.1109974573401
55.58893337844782
47.14559573955085
42.51744427193614
48.97820192297536
56.539483153393746
59.28864845589157
57.0258721805957
49.79304960970842
49.476784033173814
61.602257536109164
68.25175762603708
70.45290407542073
69.60339098677504
67.50362025298085
63.75193454527387
58.694974970335096
64.84509350194094
70.38036677216644
72.32446794557237
71.62712050885347
69.1320330888914
64.69795333320256
57.54148236564265
47.51298703435686
40.07913710835875
39.110877244111734
39.9488250636465
40.80803284631324
41.25924531904194
41.86830796753089
42.294874914246954
41.9362992290322
40.9166871793706
39.470967870337304
38.36142397747124
37.98332797202879
38.4782536765728
47.28204690759003
56.91670699451854
62.640972239268045
65.78821119295063
66.88400531209904
66.49638832400649
64.66320151587395
60.469359700633774
58.87367320767558
61.41134700963952
60.846700685287246
56.79688617312745
50.41954263762393
47.54628685076871
50.86467685034221
53.42403674293449
53.31165457745861
50.2372333672097
44.49608574944474
44.45681820444413
56.98471916176912
64.7960111303842
68.29153869313559
68.89988760311778
67.57248908514336
64.80371018455536
61.0787866111493
56.11684830972492
50.06045643990796
44.865825085067755
41.065034953738355
41.55894482687429
47.77677085984048
52.60306489737214
54.690766687265395
58.72846026363605
62.999190715037805
63.43898383646067
59.585459526669425
60.52067149278499
68.09677680469935
71.73431428750097
72.30764726960419
71.06216504514143
69.00192396908848
66.49096968470127
62.83111411012902
56.70820434747614
48.2121570011759
45.679628393552754
52.13719310247427
57.221023204047455
57.611231190969924
53.2817141034954
45.42147878849747
51.68821260344081
63.75431443587605
70.23012235467535
72.2083528034947
70.56704875186009
66.01038147192936
58.87129503787824
56.577741487911695
64.52597825589737
68.58587660914353
69.04812730968571
66.95541239284523
63.068494495495344
57.18064739764765
49.29895089511271
42.10535646077935
38.756991310450914
38.3897875218591
38.40444098335784
38.81456764358245
38.95518707221297
38.79133812740195
38.687150479530956
38.02271427376535
37.44770555359457
37.39094671135377
37.43820657189177
37.86463393054729
44.919692164606104
55.70545722203897
62.8842544821375
67.729640789771
70.38676931758302
70.92373553823273
69.71223974160074
66.30912076043907
60.94625652833046
60.41225195727108
61.196130326564145
58.90033247002749
54.53935668458951
49.82456645241284
48.50671679345424
52.30338544270671
54.00293812459567
52.53603950163119
48.62430813656235
43.165750397589775
44.67594415725035
57.135293105186456
65.00749281318312
68.6885787358554
69.31361858566028
68.01058837600479
66.11584191181127
64.15535099965726
61.290256278891576
57.16665250805888
52.02241940578031
51.195958107738385
54.16893849573792
55.14749123743951
56.12796719292046
60.714711626111544
63.39958134714947
61.975094829324945
57.480584882858054
63.35323056210984
69.27064929910094
71.25007938272746
70.57364585776374
68.80826176125
66.4406772100307
62.443403029848255
55.88779039111312
47.29157139384526
47.7805807115473
57.203402447291865
62.32769338362763
63.01506830327676
59.21950563085342
50.817729591380726
49.39575756279407
63.19599339470968
70.99655159834497
73.85509263080542
72.74781133452945
68.61552903434111
62.17892794899101
56.57592984297896
63.05172499012358
67.80287099945153
68.89729045869056
66.96604236302336
62.69398362515554
56.65783015352712
49.31042368938851
42.838442128275545
39.249743803581
38.08783946168519
37.997967217132455
37.5910660531447
36.939323629631204
36.35841488103791
36.54529410776954
37.41962289457168
42.27701710081077
54.253221781554586
62.06018128166016
65.90317792855062
67.31974442972842
67.74055603096527
66.82202607123999
63.50413777676802
60.59839686286469
61.766450990930146
61.68559690772356
59.24096312989078
55.22847156251292
53.839671365816486
56.33407964807286
56.659391922944174
53.73626499482286
47.557179770483756
41.02344339747085
51.100602493088275
61.35629677827595
66.7713589008887
68.70315869964071
68.4668123604562
66.87353211637314
64.00072291821513
59.970659151643126
55.62777213381879
52.741598746463474
50.41547493941583
51.3159296212543
58.36907351785957
62.4065257126064
61.88629530421926
56.9823389328763
60.57672321685966
67.94696109725595
71.00198803068669
70.78596019650748
68.75043662639227
66.93016659611989
65.40654009333194
62.187209205024345
56.090544318410586
59.390773680097084
67.22262138278512
70.61668206594626
69.9938977018841
65.65489006309117
58.12269274474915
58.077482098425136
65.38247076123906
69.36669731789475
70.42958198416963
69.0718829456512
65.53324152658185
59.34332856132911
49.78908914171864
41.41399533030792
38.69417839857352
37.95136237433676
37.92774138593127
37.80131964810793
37.264655578139376
36.80570999852642
40.70319263247203
51.2718195550081
59.53812225838578
64.47107615946774
66.78092236904868
66.80964436034793
64.29922902980232
58.56161737860744
52.36687019525769
56.57046224217311
58.40552304862758
56.52098071177718
52.368446871474895
50.56587749274895
52.224034329677366
51.46223089353277
47.235869879122816
42.95071184652498
52.24481258044949
60.77344350103257
64.8822705302133
65.41430286383061
64.15852728104343
62.96738783459763
61.321657099906005
58.85901151388134
55.21501781941248
52.21902378649994
57.795725803032916
61.875275165267865
61.494828785204724
56.56748529393358
55.23028328785479
63.08685950854002
67.02682868845669
68.1026425843938
68.51167816346809
69.12596647419835
68.81878846278737
66.35729886896249
60.519333289400606
50.88765899143807
58.58647137251964
67.776404406848
72.07224256071257
72.47715223406217
69.32484420578369
62.479882077370505
55.55574304304996
62.43038241482662
66.6753032493476
66.98180497529638
63.9752198757516
57.91907964725559
49.40853396977615
43.00913745828982
40.90812973447309
43.71893931566874
46.248881023253276
46.90697836790865
47.05006878418224
47.50034544406037
47.66544636785339
48.01872517064659
48.69303515835682
48.61743538596095
47.258830437376666
44.69711458132849
41.4672524399912
40.96741856577431
53.85428969997232
65.45903377880472
72.79810671959802
76.14416836464243
75.88258045921323
72.44272571164785
66.21746080558407
61.20654360471104
61.03888383214524
59.26452524129882
55.42025837842167
52.812447565789704
54.88515572471517
55.48055857252901
52.41944346776364
46.55678834615364
55.46308598247461
64.1179613976787
67.95519650499779
67.99651282809819
65.50994430489936
62.94036011810303
60.92097039106974
57.55365093939052
57.45001263915731
59.99629817836178
58.6130907166298
56.57424214876845
66.83662507673739
73.32912965988169
75.78690317069888
75.85932865081358
75.48398801048505
74.9974458773968
72.86422950310333
67.58878211524176
58.16109976158292
58.83467251490121
66.42487797869178
70.07075475461679
70.00903108885913
66.38513773339503
59.38688600936221
56.20876317415765
63.54788719072541
67.45342381584692
67.93686506606488
65.72086858361588
61.35740719133026
54.90096732785222
46.93320993447572
41.63346852961557
38.86940131309307
38.14599219379816
38.25648570468111
38.19379375633662
42.495283168252094
55.86274050230678
65.69900367209105
71.75613725927737
75.01561352629844
75.51408729563977
72.78358921921138
66.94228457592935
63.20899008767214
62.409086145373685
59.381108131225915
54.98828834362352
53.997607018433214
55.10925701369952
53.55861106334636
48.71406332395637
47.33033445853543
58.92523469908048
65.82622150670333
68.84801003919105
69.35344249197993
68.10850718317074
65.90924854097744
62.923025726883736
58.60950122600619
58.191685789139136
61.56732632008331
61.23488696084769
56.34614617005142
49.54473124710529
58.70450744558763
65.16499585276497
67.14957897872404
66.56036218182896
66.08706628410702
65.43623122392314
62.566829939768304
56.333966120556255
48.45395163662499
60.001012637492586
68.95395197909625
72.99759820131881
73.1664764752311
69.93550505917742
63.42920021870553
62.61954286708749
67.80395756641431
69.4711890711547
68.11326351770488
64.11059835125948
56.67624657474579
46.392995736503806
42.25322047973083
39.87074481692798
38.508653427832236
38.227299994523875
37.68130043395508
37.6285807108895
46.97397104467065
59.43116614350266
66.96730928825939
70.73272133932393
71.76845205045791
70.59257584655542
67.29671568105547
62.64280211205076
60.745911845188644
59.785466969222554
56.57261133731298
52.321734446242594
53.89848809624024
56.81864850365564
56.81284165609994
53.234778898784356
48.78918349193822
58.917464786392024
66.24200741497363
69.63113978775542
70.22968743512536
68.90405650492993
66.66701601490982
64.69932941008908
62.278372336638114
58.1162268057016
56.89634501280774
62.14988747372506
64.63302117902495
63.17188729608601
57.84722001869455
61.19596865752085
68.72958299015107
72.37517155828373
73.44099667206838
73.14752912858182
72.06452201723364
69.91221291467858
65.61379304012766
57.991524487744044
49.374746506150245
60.205777883507736
68.03166365002926
71.42735846647108
71.33770670095399
68.08848822765702
61.65781626170756
61.174647255619334
67.21464375356254
68.90966005865263
66.06364115789762
58.3072899552962
46.02723233479554
41.738908849827126
40.47585768934036
38.6026850480408
37.82629359258265
37.987400622796855
38.26811626304195
39.228351180805994
41.401925580408665
42.157481223759845
40.606101204616365
39.2273865747467
38.81346946761841
38.29040599320849
38.419339801544574
38.68488230431503
38.53623662358332
38.42389626312307
39.24764802474975
41.344700559275
45.09781759637632
47.11332185110412
45.17055324184577
40.79731471095053
46.67241412907518
60.1466711473456
69.37071734316092
73.87862194943263
74.33233874855743
71.46676774785972
66.4048211414825
60.66643715937084
57.568342014675665
56.12035434085497
53.61329785923062
52.28237094055852
54.42584479767583
56.50014283264045
55.44859783368972
50.94707424195535
44.68844404551774
54.13607924180305
63.762972768824476
69.1005682458909
71.35390805577947
71.67216320051733
70.8076552571306
68.55533467002198
64.23714295801078
59.95326962284416
62.910880396701934
64.73689068859798
62.35288652077089
57.18492682067402
63.59468132981169
69.2710197647079
71.30337091538229
71.12237897834875
70.08787907077333
68.52896395525622
65.71484413715909
60.38085439126811
51.37509937706832
43.929492932172664
48.504525178467304
52.22319215631191
54.21426312197974
55.61445990370105
55.423596175213454
51.91707202712118
45.97831836853372
41.390734328110355
39.723227449647915
39.51855467166415
50.84172189807819
62.00527129977448
67.33614358133836
68.10334439015871
65.47619445150582
60.37791494171586
52.56491942000962
43.73125664526494
43.38506064253217
46.35230005724615
47.748005076341286
47.45402138227563
45.66957974899323
42.856633352248956
40.60663713451652
45.685483349525114
58.23075784570554
67.48245612405165
72.28823763436151
73.11825655674264
70.47218851353949
65.68172544999308
61.57980159012438
58.152113399413906
59.45331010789795
61.141670291356604
59.20023094518009
58.01929285128763
67.46831015284893
73.39267461559855
76.09160074921739
77.16128062128482
77.01637158549416
75.24715733588022
71.57751834593137
68.31022309942385
67.2886889204486
64.60509477648968
67.31961005005267
71.7740644755992
73.79683021411381
74.4519549487958
73.15665931753068
69.08187285580571
67.37973143301099
69.74892777818334
69.29910343880565
66.2072296508917
65.8462974859482
70.60943858369613
72.6104746464292
71.30807792670137
67.42514179857903
61.20018887990508
53.827575425679875
63.498549995781495
72.25890096410082
76.7247440817793
77.51729425862979
74.92357579126687
69.16912810925568
62.073169334758646
56.18375440238158
50.65943497864567
49.05455469446028
47.64444907220166
52.6175662837675
64.34075166219023
71.13655958212894
74.15671257677771
74.9908891110039
74.51717112977019
72.13893283083623
68.70811481103911
71.06854158516896
72.19251724755561
68.9328246615457
69.9632823785016
76.09085209763477
78.56346179967565
78.63814114555895
78.25345974519075
77.89500017573334
76.66354160093485
74.76422061281576
73.17809243532506
70.64764417672778
65.55137354469517
64.83144650481405
70.53534743202299
72.85294387272829
71.96988489884964
68.26613615441767
61.50564183833326
51.793709494795436
47.66467235834398
56.20070370189171
61.63706206993187
63.82194445195138
63.524664017476084
60.44387707775754
55.757604896049884
55.42107149713935
54.8075461318027
51.4810971056004
50.00255370757925
49.99680982703606
48.260759327915814
59.16832085993039
70.18871105200165
76.12816156086745
78.52184508055589
78.3655147847068
75.8019833037539
71.07022578449772
65.4473153473665
65.77863795688219
69.92986601618674
70.12321391956138
66.11900799944579
67.55139013816952
72.64705464885653
74.2100150378194
73.51215013774154
72.54356926138843
71.0490962015932
66.68336139023268
60.373613167298615
68.01121184460003
73.17348705744351
73.51514848485425
69.52821008838794
62.43661875011195
66.3535373156447
73.12017516920308
75.78753253666147
74.9899587700556
71.1668259401635
64.27654182053855
53.72538145808856
53.80955909928574
65.80391893445827
72.68270051242386
75.47256253030605
74.83720457522419
70.96740236288001
64.12566773490302
59.316737494318545
57.075232896511736
53.177733384533454
51.75636952767941
52.88031993437545
51.26457290313327
46.88943878681375
55.20922207670155
66.84912011720994
73.22829045469952
75.69278139215874
75.41124686119585
73.15984900035998
69.33374648803134
63.787207313763254
56.222803190972506
50.48146426954398
53.76590721627529
64.8184731491217
71.19067163917256
73.48232297474699
72.70545477368633
70.34383433889187
67.86797010058403
64.55922128388306
64.44026611992301
68.77391789595058
70.05545493849927
67.68552153276296
61.86856154239408
60.086334662603626
67.8729727390958
72.32146276038448
73.51920078820317
72.28433214813576
69.04497354833293
63.40593227362569
54.96305619097833
46.54715785369336
57.29065321358235
67.94424988145394
73.57894927446361
75.11727651349972
73.07220224080237
67.82283205131348
61.70029409926231
58.80834568281671
54.77934922157555
51.06685244180448
54.2742005332164
55.38974859071995
52.46362242306355
49.698908472010075
61.27791535712754
69.17024192642596
73.0080328485142
73.78494254819819
72.00804860585413
68.34616611769378
64.48359056045969
61.314498203688885
59.594302527552856
59.511217573532264
57.91683342286136
55.37280866647837
65.54004581915923
72.89491586262018
75.89751446935732
76.05395513714198
74.83737030246233
72.07753132156913
66.6404624395017
64.99325358478399
71.05910626742147
73.43946263510067
71.7513021257139
66.12399886892754
64.14550153920123
69.91548442845517
72.23684099708734
71.5103177905753
68.93334413449013
64.41994746493631
56.976830262313804
47.10912438572902
46.04765154543085
60.06925863654491
68.5713520429893
72.36068422166849
72.2119038556038
68.48271070370406
62.42298625783347
59.131216275040856
56.49592957884388
51.856300441641594
51.75957947829764
55.30825215729195
55.71895507925202
52.362258619855446
52.806613031172745
63.327374766903795
69.38991536605063
71.75226240842923
71.48518281307486
69.4932737876091
66.69114599791763
63.11077430541076
62.24344770980518
63.36718892942811
61.80456701513754
67.89392085403676
73.81517066625186
75.8287091978284
75.19180364247634
73.15295143635608
69.475430403065
63.37340928081858
66.31089589305009
72.19994445792848
73.7700826866235
71.22320331459044
64.66359572750615
61.090074112688335
66.15040964375046
68.08996364847313
67.25435504960672
64.45903666048851
59.222594169098635
50.61275359509363
40.52687626442694
39.26966960963525
48.867109949437946
58.76668651841029
64.46606611531325
66.2044301182105
64.50964226911786
61.12045410005137
58.19787914856715
54.089485005098254
49.24028358391777
53.21193411768967
56.11308721162422
54.539277421335505
48.718631258897894
52.31358800773951
61.862238119134496
67.85189722552754
71.1052403608018
72.0931222922184
70.9927842786903
68.2065896230509
64.7888121495335
63.95336054826585
65.22626010373115
63.65957764761089
57.88202026627027
55.72971069282681
62.71112897020464
65.68651928368847
64.90882437029572
62.78506432645257
61.317467113590794
58.10377664586423
54.625604957223295
61.817116599940654
67.03093423702876
68.08299557588006
64.90732517522778
60.46839134681443
68.55830881183363
74.24482865186019
76.19528334026306
74.92489213043793
70.19768068393685
61.09868398578676
47.9327793069877
48.12766602454529
51.16509128024304
52.299723376774985
52.33363670397431
51.94287950370891
50.34664040697362
47.42326243177506
44.17445228742663
46.38053640525299
58.747155175803414
68.80815891288803
75.0527529955844
77.43886306232896
75.92939130404376
70.71044591011335
64.24785197739249
59.933120877199286
54.72741742010706
53.42471734696738
56.017820338622656
55.7301370882307
52.17559485191471
55.40271049371953
64.11259242983698
68.72770445022317
69.98810494450355
69.1295936918655
67.1832091741756
64.11582713292552
61.31640037487813
65.60790589594883
67.81305307476927
65.35102868190012
65.41911584471674
71.10230215914753
73.44171261350635
73.65278268998415
73.19740029582854
71.35999368074127
67.51887095502687
65.54283784493047
68.79495663644124
69.85028350831658
67.04787670447475
61.32685764851288
64.94519839787833
69.55579582585412
70.44581506372458
68.42817263858537
64.08071843931492
56.73478692583632
46.03511369101024
40.131036166083504
39.03116030694443
39.4568940652206
49.1783498386311
61.27172093234723
68.71279364593914
71.98765022055498
71.47536346639977
67.36907211687336
61.26292203407721
58.24323408757256
55.1142463285241
49.4319348972534
43.71172888024547
40.45400233482749
39.507999342455186
39.176169777003466
38.66461882487889
45.19793603027
59.48573495829518
68.16268690965116
71.9272550202061
71.7531544956975
68.91159367629338
65.47439160773189
62.167740099646224
57.57111799619014
51.65027932647263
52.728458820479986
56.25053356512595
56.36811497588176
52.80423835263079
53.067629108117906
57.06324113330716
57.30213715040098
62.61049539953522
69.11702508496023
71.67119606217345
71.08698639861555
68.76770432878982
67.05277997584875
66.58573622411625
64.49604047316822
58.87887028377088
49.26745286773607
52.62978898691579
61.583763661877825
65.99248014896202
66.58646006609351
63.668196395020374
57.31673391580043
57.77195316009639
64.727844170571
68.16273866640714
68.5447840367925
66.21021245217001
60.681131184290074
51.09347693361503
42.57557225546754
42.90719013155635
43.48571510470012
43.904758980541885
44.308499514393034
45.23866607097207
45.94621244209978
45.756405023455
44.935853381511365
43.11525425512379
41.79901217940885
42.71835542582181
55.21776398119603
66.58252108448482
73.22777815025485
75.74658468706134
74.39721313737738
69.17206348594631
62.428807733457994
62.38801335509004
61.38812963751488
57.256849359588216
50.73350020376829
49.51004456917676
54.8710143475052
56.55922155923079
53.5735963136975
46.03286852953132
51.68440841179461
63.17927285888526
69.45229349923159
71.69788038313573
71.4752723875039
70.07578761298801
67.25361780810081
62.88095187392554
57.728313192171186
55.207175021142376
56.04804942546096
55.148634854601994
56.3348674084692
60.465052648431254
60.97718866940838
59.12774310364206
65.26712113958483
70.32289003318535
72.45346747468034
72.76373737174859
71.54285865175589
68.59346481110013
63.60673588232998
57.248321202836074
59.87908511354837
64.77132028299471
65.41437909959674
61.6728140921908
59.41164751676534
69.217101909384
74.62111728130975
75.61475014057169
72.97860544677481
67.36530486601009
59.734834791926225
61.92003829209422
65.77102679320247
66.20037816708896
64.1055872093873
60.18104332383313
54.19477680675449
46.09362257298184
40.60774179467301
38.99612821397878
38.48034122835959
38.65493001274081
40.08259239512527
49.67930567299752
59.54332645266092
66.15694939093595
69.25007930119503
69.54046895074384
67.93827265069498
63.92675753137644
59.17451791618631
59.30973436149431
58.37778996691338
54.98081279586383
50.72272360807408
51.81942081821461
54.19804369669328
53.79859669595853
50.70396283044331
45.10533137170145
45.956424534997936
57.706284683487105
65.12488520130381
68.60718186519888
69.26293160674688
68.00066064975073
65.23303798865535
61.47305359017507
56.772615080260884
53.196903104068795
55.14469903024359
55.50476892948037
53.99599118398143
56.134358164761984
57.820270903547524
55.49192192229335
59.57890768444895
67.345463168571
70.89572914306413
71.24241837149937
69.91619292486679
68.08239670319958
65.14116032360498
61.21522441745234
61.12791985720978
62.42736326221329
61.6667158876486
57.972331320337396
61.36118096038465
71.20561704284498
76.15610385078426
77.04287658332713
74.5819978298986
69.08279261566437
60.22657208425667
58.93486137810915
65.5499220391833
68.65028853665547
69.11499222082
67.44401164853434
63.04948565546371
54.985373184601826
44.36651926067719
42.490139554852455
44.02987414485401
45.18458005232698
45.064406142343934
43.90738709458805
43.36735404707784
43.28602348190632
42.08877273994133
40.07165231565641
38.9085615079033
44.88403165102953
56.210436264624654
63.58163988837427
68.53951992607506
71.27014513585297
71.07401807548294
68.03791451095523
64.07186801005766
63.114667634117964
62.128055002707754
59.07471175142508
53.866628905784715
49.16387146913409
51.9353143306725
54.00788542469128
53.049121545176014
48.84643746781837
42.44611089721032
49.398112211766986
60.02418912063998
65.72328020914713
67.52559424817935
67.01754284404461
65.86234683946684
64.38855291489988
61.79104689807432
57.81798517623233
56.22235810920791
55.82123439735848
51.390691890553526
48.2064490655274
55.55649593750591
59.854651850997705
59.72682562607868
55.796757085014825
62.583815601165334
70.30296587468871
73.62266805534685
74.00117605538264
72.97964885707039
71.00564348463917
67.84888193294627
64.6783897440877
63.865263479280486
63.32906758526046
60.05866717864643
53.886337476414965
62.67710727409227
71.62586734239072
75.63193894263353
75.76199990407842
72.61042533486697
66.13082665994396
59.437206527793336
65.34392570324471
69.10797403945034
69.22894930312262
66.60055880117487
61.51167152126651
53.548071036982776
44.40399624760241
40.19880678054662
38.91305002615029
38.86259492063212
38.4710961354729
38.41934387875443
47.62085414380703
58.60495147898753
65.5565409820211
69.3361237780287
70.35280652181984
69.3098861113721
66.89276109604583
63.41763624611921
61.75116138604264
61.58643123408421
59.861783715409686
56.014432710667485
52.7489526817142
55.717316989959315
57.373638921168435
55.99776102521681
51.82001758559348
45.91392335646857
55.89257192975806
65.35666969327342
70.2725787436208
72.28508949213305
72.69255409037649
71.77790768813212
69.21452253967821
65.19064299693736
60.29716607256547
56.45188970672599
55.20216215203841
55.372688869498035
58.37545027638452
59.225178440431556
56.30088642332484
59.00936375767906
67.08853605075704
71.1828940316255
72.07175225392665
70.84576072648007
68.34068377105736
64.33776562426034
58.386556876946344
55.907485147042706
58.80151458798737
59.08890500216068
55.37538661344321
47.94554970982257
53.829331950627186
64.88065765553283
70.5702711914065
72.19400536447068
70.66672477662425
66.20451762862237
58.556154127617205
60.12983111999296
67.22519961616862
70.52367658621559
70.73696371632207
68.31491467066299
63.01308859331144
54.06367909359617
42.87986413696647
39.835211824804894
39.28554158351466
38.77694175330494
38.74103645853014
43.20635322307866
54.751094282277904
61.820927449006916
65.17656216125707
66.89877575967596
66.74276498532984
64.00203789879897
59.56423926455288
58.15133042397089
58.33429162430255
57.20628787619914
54.58658974746222
50.723477064411654
52.46894824913237
55.4057854991279
55.52181070494561
52.77468342562046
47.09809627487901
49.313846373672035
60.045120040458244
66.61455180313575
69.73958491950286
70.60104640181766
69.88723393525353
67.47505692419335
62.79423594560961
56.173358642301785
53.34407214852021
54.16595969532665
52.76707444181057
52.95487018115093
58.48131042392452
60.550625487173335
59.530223694781185
63.40764550449458
67.91058426926153
69.594319666919
69.30011832520306
67.51039430697917
63.57922911244954
56.76261767726654
47.80488854471706
43.6976587483023
42.89800116125578
41.488563605909185
39.742705832400766
39.36525682794583
53.87793976525415
66.05616442137914
72.48395759389472
74.66552353586226
73.4303144617128
68.83418875899713
61.7794312289353
65.33687102807045
69.56183902422377
70.58266513838802
68.97726731142909
64.85829353622366
57.47592847928083
46.23643200559129
41.870097188775475
43.202926724941776
45.23457026464169
47.006077544810445
47.67461882607148
47.09146562783562
45.86292855863778
44.65174859946232
44.277675958788635
44.13755322611867
43.84637725349107
43.2647043283771
42.20333822833187
41.118161033791935
40.471673899081495
40.251544694460854
39.86779288195254
39.50459722323043
41.20209557600159
51.38089990686566
61.12409158540424
67.86625658934052
71.80963966426126
73.37442715444982
73.22469688524538
71.76319906138768
68.73692595807722
63.40022560287772
59.7503090655021
61.15496753473871
60.34173282873418
57.423723348198095
53.45691067525878
48.41445307454313
44.962474304088104
48.19449474928593
52.40312295797666
54.02084130857667
52.70272478257389
48.91431437592422
43.123534552320166
40.27742888231687
49.85165895207384
60.54296575749815
66.42830921219661
68.23927373930579
67.1934985565191
65.11539277087658
64.10729942551794
63.81075902515165
62.052321704694506
57.604091794156524
50.02412446617164
42.96812075324059
48.74985414126665
56.81022625157574
61.51886527820557
62.58215869470109
59.868530690495795
57.02526394554244
60.96468908758318
62.62333681714783
59.94809404322024
53.448178545820895
60.47227567470551
68.02467631778434
71.03180021005952
70.71301149543783
68.7110101238246
66.9501622301698
65.006693165498
60.82726514664661
53.43813167432937
45.49729594878605
43.52340734040617
49.54241495195048
56.53101023748643
59.27332505522533
57.98605485400164
52.77304943822707
44.820104795176874
54.038607360062166
64.38642546622575
69.55072859967406
70.84993409357219
69.21717326136724
64.83791977571411
57.3492046393405
56.54213010159281
63.165802566211006
66.16875094773972
66.85653154693988
66.27048329616048
63.59957108157643
57.78809715794516
48.62091560008722
39.82662084058427
38.03470584894754
38.400038631147616
39.32270659842977
39.18322655136039
38.73365126769887
38.77343072396451
38.59397675074594
38.18619912115567
38.82014145205338
39.555946852184654
39.051715595968645
38.37393478728241
38.14679843401023
43.451964144968194
54.9950489736613
62.90387408743123
67.96129087259426
70.62051689100316
70.99092632379308
69.3722414566918
65.63248015960377
59.105729257088164
54.65786773646306
57.00457076858286
56.966407524082065
54.80021998073292
52.09934524104328
53.40979640831189
56.94120813649624
57.86704543180441
55.597476776139956
49.925526915820996
42.42176533926028
50.93165208419891
60.530052372923244
66.11016033063025
68.74546751951783
69.64543553434589
69.45805030662483
68.30261431189439
66.31748345030931
63.599859878138986
59.39638226551493
53.429975589354726
53.13355955837841
55.148025646754924
54.540045312746805
55.41086814773767
60.63456738679305
63.306991467012274
61.973348741999736
56.45165872367763
58.073097658828
67.04425730118933
71.31505253307908
72.13043741464249
71.2853676993209
69.9698024104018
67.38728484982845
62.40843516200521
54.52401015455193
50.79658842835506
58.142105103873256
62.64867061951491
63.45356030332549
60.45490748765283
53.6007786112776
57.79886396351885
69.18808267559348
75.2094809006986
77.13162789781046
75.9552515026055
72.2357249791387
65.58836620110041
57.70851891817909
63.15975039344167
67.81557596682922
68.98800004593358
67.62381701940791
64.2249943929305
57.8367670103613
47.9985761950833
42.1003010472824
39.800696718687185
39.949492432208196
42.048093466542824
43.8656106581812
44.435925732355116
44.451972390949976
44.10657152203783
43.49789244940869
42.64304481810569
41.051231868230545
39.320529724445436
38.2862535216836
38.01297153538505
38.016307520751965
39.446021385377605
47.21455118288473
54.70983236125005
60.34783213707093
63.93943881027765
65.74695092330876
66.98779232577468
66.65578433379744
63.40179267713929
59.090547909892294
59.5386473795113
59.41854167619723
56.768769699144585
52.06262391228226
50.08190184142916
53.85471074123973
56.17056963016709
56.89008235723591
55.48823302267035
51.04402894290618
44.50618766086936
53.852958822746714
63.74233475061111
68.90877864529578
70.61664148462974
70.36774936171265
69.52370899141654
68.22826205776927
66.23419069938889
63.72317545562189
60.32320635831148
54.98734189620794
49.21377772239652
53.4039044455978
58.25727277772869
59.12921684517609
56.66185078290974
57.98781441639191
62.18307814954281
62.33501127916987
57.825599870787634
59.876758621686115
68.25167197909832
71.98420206038479
71.95464254539522
69.46300539115617
66.65273029901455
64.37160288188308
60.51898931457055
53.87192534495505
53.21783947264052
59.30433475776118
62.31197928532741
62.15736684789145
58.630652771393876
51.32713288755775
51.14175167255758
63.572621533343835
70.70338518935674
73.61602109962264
73.26907481206648
70.23171316233257
64.38271718800088
57.57789762253054
63.54567437400049
68.75322030469054
70.58550090157087
69.67984401786485
66.94933622495013
63.072858119968444
57.28535327616454
49.20190336278107
42.38331878491847
38.597594810212556
37.655632598269015
38.014963096423855
38.63660506622744
38.301766835842166
37.38596161876832
36.91333893273705
37.04828187389934
37.55769357612814
37.63323907725579
45.37419302741359
57.88577995792892
66.43322558224865
71.35720495486793
73.1040655829789
72.10189936950543
68.91926522865866
63.81106996104425
58.8469373440573
58.677302969618026
58.01475259761057
55.994480876779285
52.92140886337911
50.33437389406095
53.622504697374126
56.78962562781591
57.27668491865784
55.13302255345457
50.24830592929269
43.11682235816331
45.008813536646656
55.6404296594135
62.74661177874759
66.2558400800373
67.64270158870974
68.14746860704011
67.7555577238701
66.34330950128336
63.53852058014311
58.79339167303733
52.54776397066941
49.24800383234409
52.10984264882896
53.91644061631149
52.53995396926044
54.03486573862128
59.34059906888851
61.48240766999684
59.474016353549516
55.519262068066354
62.92641289515157
68.40855560616603
70.15769894885302
69.55775340148972
68.2630463087973
67.1202296790315
64.64006305200827
59.06000135751641
53.36456486908623
58.689425679174995
62.61873681610058
63.08645743908559
59.952709620959645
52.748106456549735
48.27621330491088
60.19671878767716
67.85989924431183
71.44313007230775
71.69473965767706
69.07361971164322
63.56653165354543
58.68671892677413
66.14066170003244
71.04996356215467
72.18451437643299
70.26532702154279
66.05794008048127
59.68951372498764
51.40496212041662
44.81788012558474
40.41162992528026
38.79149666729853
38.174482959593064
39.155057942787415
41.43370733018078
43.86982272902314
45.719877637007244
45.922064064800345
44.40068453174136
41.56552502720669
38.85823682720161
38.06303053839327
40.191316869908114
47.72707523086663
54.2355256196295
60.65181801500892
66.0556020130696
68.85612646458938
69.47028429129628
68.26031424412966
65.03839585007852
62.927499256294055
63.59421061928686
62.773675537403506
59.86170328047186
55.23380060280576
50.561405939787385
51.7166400114428
54.51749671903037
55.91323607520362
54.72039208153469
50.01344850042
46.93051350523297
57.113914501798185
64.60558806208185
68.45342079336598
69.30625882812598
68.17492046696994
66.49343697169556
64.45904698137318
60.89038018580765
54.76730365780432
46.26718371901515
41.4893217507068
42.57951508365047
45.70706700475532
50.7536722986181
57.966078995371156
61.77319981440697
60.89152494880829
59.456062406627
66.57101912106971
70.80669879363592
71.44963371165521
69.70834341156137
67.65819777662104
66.17451726011849
63.332860758354585
57.451860887548094
49.32795517843309
56.53924115845942
63.3003047118642
65.77823588665308
64.71182922719385
60.4801300253708
53.96536324097368
56.501773420454825
61.49788950594309
62.52082095363993
60.711170733579976
58.22135257568169
54.937173084625684
48.85063202474724
40.94821322887477
38.316129931949334
38.23675258873018
38.69847251501484
39.04478167037138
39.207324565616155
39.06814494268633
39.25036939852541
49.07549802639602
59.75846030965623
66.53344822769321
70.19262676084205
71.32394661135977
70.18541851405277
66.68691958061673
61.52987982851299
59.82729861799565
59.742056242662485
57.74844277183668
54.153427024342975
52.32619657147453
54.44043736143216
55.22192752511895
53.315853103005736
48.43853907517299
51.59984971582308
61.42544500486232
66.8198975971121
68.96082154575183
69.79035770159308
70.15547962803899
69.32065438563014
66.7884158221751
62.28456712180395
57.08477700352687
56.563626490836505
57.37722288396867
56.39674575583848
53.647648582081466
54.96479121680133
56.79171246690628
54.740691903642535
49.1001763529853
56.42360776707933
65.36273646601559
69.71054968030542
70.61440272441448
69.60566847459414
68.9505177368418
68.74076533535569
66.78313372538244
61.58305002508732
56.81541366280861
62.26859671751868
65.62822662472291
65.90472738487753
63.23524096334036
57.32887250094346
55.27260035804804
62.43861064389812
65.58226000595181
64.51953506306344
59.929016336051134
53.70403397213031
47.589273004547515
42.121116580559345
39.55520115809655
38.55296515545335
38.211150105988466
38.1368029872423
37.760790529583225
37.35182739141605
37.56384993057844
38.3282285386933
44.64308719947179
56.168325572053476
62.98613054012158
65.79337596261232
66.19694122840136
65.1672995810575
62.36350799962555
57.25905558188888
56.41116424306742
58.18991944969791
57.1906503623064
54.157676750010495
51.90377547541157
53.10183897326529
53.812550508980344
52.4661117249703
48.34130640685792
43.23820760000199
53.202865962830074
63.48873349404019
69.43277073478795
71.93371249898549
72.13904338271416
70.99901859360898
68.69684916728274
64.68722548577179
58.127003189696055
48.86227568893033
45.509049235857375
46.02900327516967
47.84137110674931
53.255397523946726
59.19128533914423
61.830829107034894
60.38798385304752
55.2748593724808
60.496227427080804
67.53009964281388
70.4394958053471
70.37685551414015
68.78114798925313
66.67454495568897
63.50911961711766
57.68840081256614
53.234742355183016
61.86263239934371
67.18850516413335
68.61479018577661
66.74448993591221
62.069526118717064
56.64422070677469
63.86038973034844
70.10138798270324
72.44777217329137
71.74328920507699
68.5817766854907
63.00088167470139
54.121161334528836
42.628275654942236
41.260243921021
43.93002438894297
45.48247331148573
45.71805225299161
46.016688289696575
46.106309719929456
45.217260717002034
43.622494750716115
41.466885266215
39.627963402049005
38.815769953283564
40.039172295777504
47.97011460130917
56.43204656800123
63.74634878558355
68.33196647491124
69.93097484454752
68.79706350634251
65.13011880205319
60.721011976600145
59.78250851880371
58.61059150869896
55.163927517108604
50.546382539772395
50.85724106328068
55.154435538524226
57.08316557270358
56.21382121520653
52.03409408484588
44.50240699167638
48.86644557914681
59.44011066422125
65.07093262117769
67.20172282893003
67.55064940649204
66.94963630867886
65.0297523998117
60.996943281847855
54.49684692559774
47.66126791812995
48.173028429459535
49.54908723616513
50.22644301320465
55.06853421133638
58.906272754207976
58.63622757496692
54.906076380908935
61.209049201802486
68.44357594572236
71.74107201271053
72.38209282886801
71.66741520279874
70.13886178216295
67.47172815999588
62.79978333823169
55.05467645997905
48.92574198936914
58.60202438062555
64.40719577875262
65.59397426247065
62.834664489051384
57.04149961660673
57.458965406942426
62.04650731919738
63.36297401283656
62.43325753733329
59.64311208133832
54.24363245394278
46.48590151070284
40.19216876704772
38.87150735223595
42.18173437949736
45.37768516503364
45.14072282111862
42.33300977451816
40.85676992186828
40.06244004338842
39.22697623755702
38.97048586988995
39.02368916606963
39.140071546255896
38.92179290617391
39.058882230086084
39.30477307446543
